[1.19944 1.19924 1.19925 1.19924 1.19912 1.19915 1.19918 1.1991  1.19894
 1.19883 1.19864 1.19862 1.19857 1.19847 1.1984  1.19837 1.19844 1.19846
 1.19835 1.19813 1.19823 1.19822 1.19827 1.19799 1.19773 1.19781 1.19789
 1.1978  1.19772 1.19805 1.19802 1.19809 1.19794 1.198   1.19778 1.19785
 1.1976  1.19729 1.19723 1.1971  1.197   1.1968  1.19682 1.19686 1.19677
 1.19719 1.19713 1.19677 1.19673 1.19671 1.19653 1.19642 1.19615 1.19632
 1.19605 1.19608 1.19625 1.19612 1.1959  1.19609 1.19623 1.19624 1.19613
 1.19578 1.19583 1.19581 1.19577 1.19561 1.19584 1.19585 1.19604 1.19607
 1.19618 1.19617 1.19617 1.19597 1.19588 1.19579 1.19579 1.19581 1.19568
 1.19547 1.1956  1.19539 1.19491 1.19476 1.19466 1.19492 1.19469 1.19472
 1.19487 1.19471 1.19485 1.19473 1.19433 1.1942  1.19448 1.19454 1.19453
 1.19454][1.23211 1.23227 1.23233 1.23235 1.23223 1.23238 1.23239 1.23275 1.23284
 1.23274 1.23229 1.23252 1.2327  1.23274 1.23245 1.23242 1.23241 1.23257
 1.23254 1.23253 1.23229 1.23262 1.23276 1.23279 1.23278 1.23256 1.23229
 1.2321  1.2319  1.23214 1.23202 1.23206 1.23179 1.2317  1.23167 1.2316
 1.2316  1.23154 1.23142 1.23141 1.23123 1.23121 1.23091 1.23079 1.23058
 1.23036 1.23057 1.23014 1.22995 1.22986 1.2301  1.22986 1.23006 1.2297
 1.22955 1.22959 1.22946 1.22945 1.22936 1.22928 1.22906 1.22904 1.22912
 1.22897 1.22937 1.22953 1.22939 1.22946 1.22935 1.22928 1.22944 1.22932
 1.22899 1.22897 1.22906 1.22879 1.22881 1.22876 1.22881 1.22862 1.2284
 1.22829 1.22824 1.22824 1.22834 1.22816 1.22799 1.22811 1.22812 1.22779
 1.22783 1.22799 1.22794 1.22778 1.2277  1.22742 1.22758 1.22752 1.22754
 1.22753][1.23594 1.23606 1.23596 1.23606 1.23591 1.2361  1.23606 1.23587 1.2358
 1.23569 1.23559 1.23542 1.2354  1.23522 1.23502 1.23479 1.23476 1.23493
 1.23472 1.23484 1.23457 1.23462 1.23454 1.23466 1.23458 1.23474 1.23476
 1.23488 1.23466 1.23481 1.23463 1.2344  1.23423 1.23438 1.2343  1.23414
 1.23389 1.23415 1.23391 1.23402 1.23385 1.23399 1.23405 1.23414 1.23378
 1.234   1.23423 1.23429 1.23395 1.23426 1.23409 1.23406 1.2342  1.23387
 1.234   1.23419 1.23427 1.23427 1.2342  1.23412 1.23436 1.23416 1.23419
 1.23446 1.23414 1.23434 1.23438 1.23412 1.23405 1.23376 1.23375 1.23355
 1.23354 1.23357 1.23336 1.23355 1.23348 1.23342 1.23359 1.23346 1.23359
 1.23381 1.23383 1.23354 1.23336 1.23331 1.23333 1.23359 1.23339 1.23321
 1.23346 1.23361 1.23351 1.23349 1.23308 1.23304 1.23288 1.23326 1.23306
 1.23319][1.29922 1.29912 1.29908 1.29903 1.29926 1.29951 1.29964 1.29995 1.29982
 1.29993 1.30003 1.29985 1.30018 1.30022 1.30021 1.30044 1.30065 1.30068
 1.3008  1.3008  1.30077 1.30104 1.30132 1.30092 1.30075 1.30081 1.30125
 1.30092 1.3007  1.30091 1.30112 1.30106 1.30107 1.30115 1.30144 1.30159
 1.30156 1.30138 1.30152 1.30139 1.30141 1.30123 1.30146 1.30143 1.30131
 1.30134 1.30115 1.30119 1.30112 1.30114 1.30132 1.30122 1.30138 1.30148
 1.30155 1.3015  1.30182 1.30161 1.30152 1.30144 1.3013  1.30127 1.30117
 1.30122 1.30121 1.30151 1.30084 1.30083 1.30073 1.30072 1.30109 1.30128
 1.30142 1.30136 1.3014  1.30145 1.30135 1.30138 1.30127 1.30134 1.30118
 1.30088 1.30043 1.3004  1.30015 1.30028 1.30006 1.30012 1.3004  1.30043
 1.30023 1.29995 1.29985 1.29963 1.29966 1.29944 1.29924 1.2992  1.29899
 1.2992 ][1.3174  1.31755 1.31792 1.31773 1.31765 1.31791 1.31815 1.31821 1.31817
 1.31814 1.31797 1.31822 1.31814 1.31819 1.31816 1.31848 1.31874 1.31875
 1.31917 1.31911 1.31919 1.31898 1.319   1.31933 1.31976 1.31997 1.32013
 1.3202  1.32014 1.32006 1.32027 1.32036 1.3202  1.32028 1.32039 1.31992
 1.32007 1.32048 1.32066 1.32096 1.32095 1.32102 1.32124 1.32121 1.32142
 1.32167 1.32183 1.32171 1.32169 1.32169 1.32144 1.32155 1.32164 1.32157
 1.32111 1.32114 1.32137 1.32157 1.32139 1.32167 1.32176 1.32152 1.3217
 1.3215  1.32164 1.32192 1.32191 1.32144 1.32143 1.32136 1.32106 1.32089
 1.32096 1.32109 1.32085 1.32063 1.32045 1.32043 1.32024 1.31996 1.31988
 1.31989 1.31987 1.31957 1.31968 1.31984 1.31986 1.31993 1.31964 1.31962
 1.3196  1.31952 1.31926 1.31899 1.31873 1.3187  1.31868 1.3185  1.31823
 1.31795][1.25622 1.25607 1.25611 1.25595 1.25562 1.2554  1.25533 1.25552 1.25549
 1.25569 1.25571 1.25587 1.25583 1.25577 1.25594 1.25595 1.25597 1.25611
 1.25608 1.25584 1.25591 1.25609 1.25606 1.25592 1.25563 1.25552 1.25545
 1.25526 1.25528 1.25531 1.25537 1.25575 1.25557 1.25535 1.25548 1.2556
 1.25541 1.25539 1.25564 1.25598 1.25601 1.25596 1.25598 1.25598 1.25599
 1.25609 1.25633 1.2564  1.2563  1.25658 1.25642 1.25628 1.256   1.25605
 1.25578 1.25607 1.25594 1.25607 1.25644 1.25658 1.25648 1.25657 1.25652
 1.25659 1.25673 1.25684 1.25654 1.25692 1.25675 1.25655 1.25664 1.25649
 1.25637 1.25636 1.25599 1.25592 1.25586 1.25546 1.25521 1.25529 1.25533
 1.25549 1.25545 1.25543 1.2555  1.25538 1.25511 1.25514 1.2551  1.25518
 1.25533 1.2554  1.2553  1.25494 1.25512 1.2552  1.25513 1.25495 1.25534
 1.25537][1.2924  1.29239 1.29243 1.29266 1.29289 1.29307 1.29315 1.29345 1.2932
 1.29315 1.29325 1.29338 1.29348 1.29349 1.2936  1.29363 1.29349 1.29337
 1.2936  1.29369 1.29372 1.29362 1.29348 1.29338 1.29361 1.29382 1.294
 1.29405 1.29411 1.29425 1.2943  1.29416 1.29425 1.29432 1.2942  1.29381
 1.2937  1.29395 1.29394 1.29392 1.29387 1.2935  1.2935  1.29364 1.29369
 1.29358 1.2937  1.29351 1.29323 1.29334 1.29366 1.2941  1.29389 1.29419
 1.29423 1.29404 1.29421 1.29469 1.29481 1.29481 1.295   1.29486 1.29471
 1.29492 1.29471 1.29468 1.29438 1.29432 1.29453 1.29421 1.29432 1.29451
 1.29459 1.29473 1.29486 1.29476 1.29452 1.29452 1.29432 1.29414 1.29398
 1.2938  1.29409 1.29434 1.29436 1.2942  1.29396 1.29359 1.29366 1.29333
 1.29349 1.29338 1.2929  1.29267 1.29256 1.29256 1.29237 1.29227 1.2925
 1.29226][1.29511 1.29494 1.29504 1.29526 1.29538 1.29576 1.29612 1.29585 1.29581
 1.29571 1.29589 1.29625 1.29623 1.29644 1.29658 1.29602 1.2958  1.29592
 1.29587 1.29576 1.29552 1.29573 1.29559 1.29563 1.29596 1.2958  1.29554
 1.29575 1.29551 1.29567 1.29565 1.29552 1.29537 1.29571 1.29573 1.29599
 1.29583 1.29578 1.29555 1.29506 1.29536 1.29521 1.29535 1.29522 1.29521
 1.29492 1.29474 1.29477 1.29481 1.29515 1.29503 1.29502 1.29527 1.29506
 1.29518 1.29521 1.29527 1.29529 1.29567 1.29606 1.29606 1.29608 1.29622
 1.2965  1.29646 1.29647 1.29655 1.29684 1.29704 1.29686 1.29703 1.29684
 1.29677 1.29726 1.29745 1.29729 1.29708 1.29702 1.29701 1.29689 1.29685
 1.29704 1.29681 1.29644 1.29615 1.296   1.29615 1.29616 1.29627 1.29636
 1.29651 1.29634 1.29621 1.2961  1.29556 1.29555 1.29585 1.29553 1.29547
 1.29546][1.30852 1.30842 1.30853 1.30858 1.30846 1.30863 1.3087  1.30859 1.30846
 1.30831 1.30851 1.30824 1.30874 1.3084  1.30884 1.30879 1.30865 1.30845
 1.3082  1.30834 1.30826 1.30857 1.30837 1.30817 1.3084  1.30832 1.30845
 1.30851 1.30839 1.30811 1.30843 1.30855 1.30893 1.30884 1.30898 1.30898
 1.30896 1.30891 1.3092  1.30946 1.30971 1.30958 1.30964 1.3096  1.30935
 1.30931 1.30934 1.3093  1.30915 1.30939 1.30941 1.30902 1.30887 1.30882
 1.30898 1.30901 1.30901 1.30911 1.30927 1.30942 1.30953 1.30995 1.30991
 1.30993 1.31002 1.31005 1.30986 1.30968 1.30969 1.30991 1.31044 1.31072
 1.3108  1.3108  1.31047 1.3105  1.31052 1.31068 1.31077 1.31117 1.31092
 1.31125 1.31124 1.31107 1.31098 1.31094 1.31076 1.3108  1.31093 1.31096
 1.31078 1.31089 1.31065 1.31068 1.31055 1.31051 1.31083 1.3106  1.31071
 1.31066][1.32393 1.32396 1.32414 1.32394 1.3242  1.32419 1.32412 1.32413 1.32425
 1.3242  1.32435 1.32441 1.32443 1.3241  1.32417 1.32431 1.32443 1.32437
 1.32444 1.32398 1.32417 1.32437 1.32425 1.32457 1.3247  1.32486 1.32486
 1.32533 1.32526 1.32528 1.3254  1.32581 1.32601 1.32572 1.32552 1.32553
 1.32559 1.32554 1.32544 1.32542 1.32533 1.32538 1.32537 1.32572 1.3262
 1.32625 1.32614 1.32627 1.32622 1.32625 1.32641 1.32687 1.32664 1.32711
 1.32716 1.32712 1.32682 1.32715 1.32691 1.3269  1.32667 1.32689 1.32677
 1.32647 1.32661 1.32676 1.32737 1.32729 1.32736 1.32737 1.32705 1.32721
 1.32708 1.32733 1.32739 1.32735 1.32743 1.328   1.32806 1.32829 1.32812
 1.32814 1.32811 1.32809 1.32813 1.32808 1.32805 1.32795 1.328   1.32792
 1.32811 1.32788 1.32808 1.32788 1.32754 1.32761 1.32782 1.32787 1.32779
 1.32774]