[1.56104 1.56104 1.56125 1.56122 1.56116 1.56136 1.56178 1.56175 1.56153
 1.56201 1.56176 1.56165 1.56189 1.56151 1.5613  1.56165 1.56184 1.56166
 1.56132 1.56109 1.56092 1.56015 1.56013 1.55987 1.55994 1.55928 1.5594
 1.55916 1.55956 1.55935 1.5591  1.55901 1.5595  1.55906 1.55924 1.55927
 1.55952 1.55913 1.55886 1.55912 1.55871 1.55843 1.55825 1.55836 1.55766
 1.55758 1.55771 1.55787 1.55785 1.55772 1.55815 1.55829 1.5579  1.55788
 1.55789 1.55749 1.55742 1.5574  1.55736 1.55688 1.55623 1.55652 1.55626
 1.55577 1.55528 1.55487 1.555   1.55503 1.55557 1.55606 1.55577 1.5558
 1.55547 1.55525 1.55525 1.55446 1.5543  1.55419 1.55444 1.55406 1.55345
 1.55281 1.55312 1.55332 1.55308 1.55298 1.55308 1.55317 1.5531  1.55343
 1.55267 1.55244 1.55268 1.55249 1.55254 1.5522  1.55199 1.5522  1.5524
 1.55182][1.58591 1.58535 1.58519 1.58518 1.58491 1.58492 1.58483 1.5846  1.58453
 1.58471 1.58484 1.58479 1.58492 1.58543 1.58526 1.5852  1.58512 1.58475
 1.58486 1.58474 1.58476 1.58453 1.5845  1.58476 1.58494 1.58521 1.58503
 1.58489 1.58509 1.58453 1.58394 1.58402 1.58406 1.58378 1.58398 1.58427
 1.58442 1.58443 1.58429 1.58399 1.5837  1.58307 1.58262 1.58237 1.58198
 1.58164 1.58143 1.58113 1.58141 1.58102 1.58078 1.58083 1.58059 1.58044
 1.58054 1.58024 1.57979 1.57973 1.57946 1.57993 1.57966 1.57953 1.57945
 1.57938 1.57942 1.5795  1.57972 1.57974 1.57985 1.58006 1.57995 1.57984
 1.57998 1.57997 1.57977 1.57993 1.57981 1.5792  1.57832 1.57825 1.57822
 1.57796 1.57797 1.57811 1.57805 1.57807 1.57823 1.57807 1.57845 1.57874
 1.5788  1.57863 1.57888 1.5787  1.57891 1.57894 1.57911 1.57913 1.57897
 1.57834][1.47045 1.47039 1.47044 1.47041 1.47074 1.47066 1.47099 1.47086 1.47089
 1.47112 1.47132 1.47138 1.47151 1.47163 1.47178 1.47191 1.47182 1.47233
 1.47245 1.47261 1.47317 1.47327 1.47332 1.47362 1.474   1.47385 1.47401
 1.47394 1.47393 1.47365 1.4738  1.47359 1.47336 1.47303 1.47299 1.47279
 1.47275 1.47273 1.47269 1.47249 1.47246 1.47221 1.47189 1.4716  1.47148
 1.47137 1.47123 1.47134 1.47135 1.47162 1.47151 1.47141 1.47096 1.47092
 1.47079 1.47088 1.47057 1.47025 1.47039 1.47026 1.4695  1.46929 1.46916
 1.46946 1.46944 1.46919 1.46925 1.46946 1.46941 1.46936 1.46903 1.46831
 1.46771 1.46747 1.46712 1.46706 1.46734 1.46724 1.46703 1.46726 1.4673
 1.46698 1.46688 1.46642 1.46671 1.46646 1.46591 1.46556 1.4659  1.46608
 1.46564 1.46535 1.4648  1.46488 1.46503 1.46496 1.46512 1.46507 1.46514
 1.46504][1.38194 1.38183 1.38194 1.38214 1.38238 1.38261 1.3825  1.38253 1.38242
 1.38263 1.38296 1.38287 1.38294 1.38294 1.38304 1.38313 1.38339 1.38373
 1.38391 1.384   1.38412 1.38402 1.38381 1.38362 1.38396 1.38387 1.38395
 1.38394 1.38411 1.38386 1.38381 1.38387 1.38389 1.38387 1.38433 1.38457
 1.38469 1.38451 1.38469 1.3848  1.38491 1.38508 1.38513 1.38487 1.38522
 1.38544 1.38548 1.38533 1.38543 1.38507 1.385   1.38456 1.38441 1.38439
 1.3845  1.38397 1.3837  1.38388 1.384   1.38386 1.38399 1.38367 1.38361
 1.38343 1.38373 1.38348 1.38332 1.38336 1.38313 1.38307 1.3834  1.38362
 1.38343 1.38369 1.38367 1.38376 1.3837  1.38406 1.3841  1.3841  1.38388
 1.38384 1.38375 1.38375 1.3838  1.38359 1.38342 1.38337 1.38334 1.38309
 1.38305 1.38311 1.38297 1.38264 1.38229 1.38261 1.38227 1.38204 1.38187
 1.38179][1.41806 1.41824 1.4183  1.41855 1.4184  1.41832 1.41818 1.41834 1.41831
 1.41839 1.4191  1.41897 1.4191  1.41868 1.41804 1.41796 1.41823 1.41819
 1.41836 1.41848 1.41815 1.41819 1.41817 1.41817 1.41822 1.41822 1.41827
 1.41868 1.41893 1.41889 1.41867 1.41855 1.41869 1.41877 1.41896 1.41921
 1.41903 1.41916 1.41933 1.41961 1.41964 1.41946 1.41998 1.42005 1.42056
 1.421   1.42108 1.4212  1.42137 1.42114 1.42069 1.42059 1.4206  1.42036
 1.42025 1.42037 1.42033 1.4204  1.42046 1.42014 1.42032 1.42031 1.41995
 1.42022 1.42008 1.42016 1.41961 1.41906 1.41908 1.41924 1.41955 1.4195
 1.41973 1.41944 1.41973 1.41944 1.4196  1.41904 1.41905 1.41928 1.41913
 1.41885 1.41871 1.41853 1.41824 1.41844 1.41833 1.41819 1.4181  1.41796
 1.41752 1.4178  1.4175  1.41696 1.41701 1.41718 1.4171  1.41699 1.417
 1.41671][1.36278 1.36265 1.36272 1.36267 1.36288 1.3628  1.36291 1.36293 1.36271
 1.36204 1.36193 1.36236 1.3623  1.36235 1.36258 1.36274 1.36307 1.36309
 1.36309 1.36353 1.3635  1.36383 1.36359 1.36407 1.36427 1.36451 1.36525
 1.36532 1.36527 1.36534 1.36559 1.36557 1.36571 1.36544 1.36566 1.36579
 1.36586 1.36603 1.36609 1.36633 1.3663  1.36644 1.36644 1.36659 1.36664
 1.36648 1.36663 1.36621 1.36648 1.36626 1.3662  1.36658 1.36664 1.36649
 1.36656 1.36676 1.36696 1.36676 1.367   1.36719 1.36702 1.36726 1.36755
 1.3676  1.36768 1.36711 1.36697 1.36647 1.36622 1.36644 1.36678 1.36671
 1.36673 1.36678 1.36691 1.36697 1.36682 1.36639 1.36639 1.36653 1.36637
 1.36596 1.36549 1.36549 1.36556 1.36571 1.36551 1.36549 1.36525 1.36552
 1.36518 1.36507 1.36522 1.36542 1.36585 1.36604 1.36608 1.36584 1.36547
 1.36543][1.36278 1.36283 1.36288 1.36309 1.36321 1.36347 1.36345 1.36337 1.36345
 1.36327 1.36295 1.36297 1.36303 1.36284 1.36261 1.36251 1.36253 1.3626
 1.36233 1.36229 1.36261 1.36265 1.36236 1.36257 1.3627  1.36225 1.36194
 1.36223 1.36218 1.36252 1.36268 1.36288 1.36259 1.36257 1.36283 1.36295
 1.36332 1.36332 1.36339 1.36324 1.36328 1.3634  1.36347 1.36377 1.36358
 1.36385 1.36379 1.3641  1.36392 1.3639  1.36381 1.36387 1.36406 1.36387
 1.36409 1.36427 1.36417 1.36421 1.36418 1.3643  1.36432 1.36457 1.36454
 1.3649  1.36498 1.36541 1.36529 1.36549 1.36593 1.36618 1.36614 1.36595
 1.36586 1.36562 1.36548 1.36537 1.36536 1.36528 1.36558 1.36589 1.36601
 1.36615 1.36633 1.36576 1.36555 1.36521 1.36526 1.36567 1.36569 1.36527
 1.36544 1.36551 1.36545 1.36602 1.36587 1.36547 1.36537 1.36545 1.36527
 1.365  ][1.32894 1.32905 1.3291  1.3292  1.32892 1.32907 1.32931 1.32923 1.32965
 1.32954 1.32967 1.32932 1.32957 1.32927 1.32953 1.32915 1.32932 1.32954
 1.32952 1.32992 1.3303  1.33038 1.33008 1.33006 1.33    1.32988 1.33006
 1.33014 1.33006 1.33023 1.33063 1.3307  1.33111 1.33115 1.33114 1.33119
 1.33134 1.33147 1.33147 1.33162 1.33183 1.33195 1.33201 1.33223 1.33249
 1.33244 1.33245 1.33238 1.33249 1.33268 1.33289 1.33288 1.33269 1.33284
 1.33271 1.33264 1.33292 1.33306 1.33337 1.3334  1.33349 1.33361 1.33348
 1.3338  1.33402 1.33418 1.3339  1.33398 1.33415 1.33423 1.33445 1.33428
 1.33477 1.33476 1.33474 1.33423 1.3343  1.33446 1.33427 1.33451 1.33415
 1.3339  1.33388 1.33352 1.33353 1.33329 1.33341 1.33328 1.33338 1.3331
 1.3329  1.3333  1.33322 1.33303 1.33341 1.33303 1.33305 1.3329  1.33256
 1.33258][1.35149 1.35163 1.35172 1.3517  1.35196 1.35212 1.35236 1.35208 1.35196
 1.35199 1.352   1.35237 1.35218 1.35216 1.35204 1.35182 1.35152 1.35157
 1.3518  1.35188 1.3521  1.35194 1.35194 1.35203 1.35186 1.35204 1.35199
 1.35187 1.35193 1.35238 1.35211 1.35229 1.35227 1.35255 1.35246 1.35251
 1.35267 1.35287 1.35308 1.35316 1.35346 1.3535  1.35368 1.35367 1.35343
 1.35332 1.35364 1.35398 1.35358 1.35334 1.35364 1.35363 1.35339 1.35376
 1.35386 1.35376 1.35372 1.3538  1.35366 1.35403 1.35407 1.35405 1.35375
 1.35344 1.35348 1.35355 1.35368 1.3536  1.35335 1.3537  1.35404 1.35394
 1.35417 1.35415 1.35415 1.35433 1.35413 1.35421 1.35444 1.35479 1.35435
 1.3545  1.35459 1.35474 1.35474 1.35473 1.35481 1.35506 1.35524 1.35527
 1.35529 1.35544 1.35588 1.35578 1.35558 1.35575 1.35553 1.35526 1.35504
 1.35514][1.31844 1.31839 1.31838 1.31832 1.3184  1.31843 1.31863 1.3188  1.31896
 1.31886 1.31886 1.31877 1.31871 1.31893 1.31906 1.31917 1.31904 1.31917
 1.31937 1.31933 1.31926 1.31931 1.31939 1.31959 1.31968 1.31993 1.31994
 1.32002 1.31966 1.31993 1.32044 1.32061 1.32088 1.32082 1.3211  1.32155
 1.32175 1.32174 1.3221  1.32225 1.32202 1.32209 1.32216 1.32226 1.3221
 1.32222 1.32214 1.3221  1.32231 1.3222  1.32213 1.32184 1.32192 1.32206
 1.32221 1.32223 1.32228 1.32271 1.3228  1.32332 1.32363 1.32338 1.3233
 1.3232  1.32305 1.32317 1.32308 1.32316 1.32327 1.32334 1.32356 1.32358
 1.32389 1.32383 1.32379 1.32378 1.32365 1.32405 1.32394 1.32372 1.32336
 1.32314 1.32374 1.32364 1.32391 1.32373 1.32368 1.32379 1.32363 1.32346
 1.32333 1.32323 1.32352 1.32378 1.32387 1.32444 1.32434 1.32442 1.32448
 1.32461]