[1.41168 1.41176 1.41192 1.41175 1.41165 1.41158 1.41183 1.41188 1.4121
 1.4121  1.41196 1.41182 1.4118  1.41209 1.41229 1.41216 1.41227 1.41186
 1.41191 1.41209 1.41177 1.41162 1.41171 1.4119  1.41192 1.41175 1.41181
 1.41144 1.41143 1.41147 1.4116  1.41153 1.41137 1.41142 1.4112  1.41097
 1.41096 1.41134 1.4114  1.41151 1.41124 1.41132 1.41148 1.4115  1.41139
 1.4111  1.4108  1.41089 1.41062 1.41061 1.41068 1.41038 1.41033 1.41043
 1.41079 1.41058 1.41087 1.41092 1.41093 1.41055 1.41027 1.41032 1.41051
 1.41069 1.41044 1.41041 1.41052 1.41049 1.41021 1.41057 1.41053 1.41066
 1.41073 1.41043 1.40983 1.40942 1.40987 1.40979 1.40981 1.41008 1.41017
 1.41042 1.41068 1.4109  1.41077 1.41069 1.41063 1.41076 1.4109  1.41085
 1.41082 1.41038 1.41011 1.41025 1.41042 1.41028 1.41043 1.41032 1.411
 1.4109 ][1.41717 1.4171  1.41728 1.41747 1.41732 1.41753 1.41723 1.41737 1.41745
 1.41737 1.4172  1.41735 1.41719 1.41722 1.41749 1.41756 1.41764 1.418
 1.41848 1.41861 1.4184  1.4185  1.41905 1.41881 1.41886 1.41831 1.4186
 1.41816 1.41804 1.41794 1.41837 1.41844 1.41852 1.41822 1.41824 1.41847
 1.41848 1.41828 1.41856 1.41872 1.41905 1.41921 1.41949 1.41935 1.41946
 1.41948 1.41975 1.41949 1.41957 1.41948 1.4194  1.41968 1.4195  1.41896
 1.41888 1.4187  1.41873 1.41867 1.41863 1.41882 1.41858 1.41839 1.41824
 1.41795 1.41765 1.41799 1.41784 1.41774 1.41768 1.41801 1.41818 1.41763
 1.41758 1.41732 1.41746 1.41744 1.41716 1.41681 1.41694 1.41674 1.4163
 1.41568 1.41549 1.41518 1.41458 1.41435 1.41404 1.41365 1.41373 1.41357
 1.41346 1.41355 1.41342 1.41328 1.41347 1.41367 1.41372 1.41383 1.41381
 1.41365][1.41078 1.41095 1.4111  1.41138 1.41148 1.41152 1.41172 1.41145 1.41114
 1.41095 1.41106 1.41107 1.4111  1.41098 1.41145 1.4113  1.41122 1.41138
 1.41104 1.41137 1.41171 1.4118  1.41183 1.41192 1.41197 1.41177 1.41167
 1.41144 1.41148 1.41142 1.41156 1.41143 1.41122 1.41102 1.41059 1.41053
 1.41068 1.41102 1.41087 1.41084 1.41047 1.4107  1.41068 1.41056 1.41017
 1.41018 1.41028 1.41046 1.41013 1.41007 1.40975 1.40975 1.40953 1.40931
 1.40975 1.40984 1.40928 1.4098  1.40981 1.40989 1.40985 1.41008 1.41018
 1.41013 1.4102  1.41005 1.40997 1.40948 1.4094  1.40937 1.40945 1.40942
 1.40951 1.40961 1.40926 1.40939 1.40946 1.40938 1.40985 1.40975 1.4092
 1.40936 1.40889 1.40846 1.40791 1.40791 1.40791 1.40767 1.40752 1.40773
 1.40742 1.40737 1.40739 1.40728 1.40719 1.40703 1.40742 1.40729 1.4073
 1.40719][1.36908 1.36902 1.36953 1.36931 1.36919 1.36928 1.36922 1.36904 1.36904
 1.36924 1.36902 1.36879 1.36851 1.36823 1.36823 1.36823 1.36828 1.36841
 1.36837 1.36851 1.36891 1.36911 1.36955 1.36946 1.3695  1.36946 1.36988
 1.37002 1.37013 1.3701  1.37012 1.37032 1.37025 1.37021 1.3706  1.37047
 1.3705  1.37035 1.37024 1.37039 1.3703  1.37015 1.37044 1.36996 1.3703
 1.36988 1.3698  1.36998 1.36986 1.36943 1.36924 1.36923 1.36906 1.36887
 1.36861 1.36865 1.36844 1.36849 1.36833 1.36819 1.3682  1.36852 1.3682
 1.3681  1.36796 1.36773 1.36793 1.36759 1.36738 1.36747 1.36732 1.36698
 1.36662 1.36653 1.3666  1.36597 1.3661  1.36632 1.36634 1.36605 1.36592
 1.36595 1.36538 1.36582 1.3659  1.36584 1.36602 1.36637 1.36663 1.36659
 1.36653 1.36626 1.36613 1.3659  1.36549 1.36514 1.36527 1.36509 1.36469
 1.36463][1.43228 1.43236 1.43216 1.43207 1.43223 1.43276 1.43278 1.43261 1.43267
 1.43275 1.43267 1.43237 1.432   1.43232 1.43242 1.43257 1.43325 1.43301
 1.43317 1.43376 1.43353 1.43393 1.43425 1.43453 1.4347  1.43446 1.43461
 1.43446 1.43405 1.4339  1.43408 1.43421 1.4345  1.43432 1.43452 1.43414
 1.43464 1.43477 1.4348  1.43443 1.43413 1.43383 1.43413 1.43441 1.43443
 1.43441 1.43438 1.43467 1.43454 1.43422 1.43405 1.43381 1.43386 1.43443
 1.43454 1.43433 1.43408 1.43428 1.43426 1.43382 1.43356 1.43345 1.4337
 1.43318 1.43332 1.43348 1.43346 1.43302 1.43274 1.4326  1.43216 1.43231
 1.43207 1.43183 1.43199 1.43194 1.43236 1.43239 1.43209 1.43151 1.43133
 1.43148 1.43193 1.43167 1.43123 1.4309  1.43056 1.43061 1.43065 1.4302
 1.43032 1.42994 1.42995 1.43008 1.43058 1.43062 1.43108 1.43086 1.43076
 1.43058][1.45831 1.45827 1.45825 1.45837 1.45841 1.45835 1.45833 1.45854 1.45876
 1.45881 1.45883 1.45878 1.45877 1.45883 1.45904 1.45946 1.45908 1.45879
 1.45837 1.45867 1.45878 1.45893 1.45901 1.45945 1.45894 1.45878 1.4586
 1.4586  1.45879 1.45841 1.45859 1.4585  1.45857 1.45869 1.45854 1.45856
 1.45908 1.45894 1.4592  1.45881 1.4589  1.45875 1.45833 1.45872 1.45916
 1.4587  1.45871 1.4586  1.45888 1.45924 1.4594  1.45937 1.46013 1.46067
 1.46047 1.46022 1.46037 1.46014 1.45969 1.45978 1.45987 1.45991 1.46014
 1.45991 1.45981 1.45958 1.45955 1.45949 1.4599  1.4597  1.4592  1.45907
 1.45904 1.45918 1.45919 1.45903 1.45926 1.4589  1.45922 1.45931 1.4596
 1.45988 1.45993 1.45951 1.45963 1.45958 1.45949 1.45952 1.45898 1.45944
 1.45894 1.45869 1.45842 1.45831 1.4584  1.45877 1.4591  1.45909 1.45921
 1.45944][1.53066 1.53066 1.53099 1.53102 1.531   1.53127 1.53164 1.53234 1.53225
 1.5318  1.53161 1.53148 1.53109 1.53103 1.53099 1.53138 1.53204 1.53237
 1.53232 1.53255 1.53257 1.53299 1.53308 1.53312 1.53352 1.53425 1.53472
 1.53498 1.53467 1.53476 1.53471 1.53482 1.53447 1.53424 1.53433 1.53434
 1.5343  1.53475 1.53511 1.53521 1.53571 1.53539 1.53558 1.53571 1.53558
 1.5358  1.53585 1.53537 1.53507 1.53491 1.53526 1.53524 1.5351  1.5353
 1.53523 1.53544 1.53572 1.53577 1.5356  1.53527 1.53576 1.53557 1.53581
 1.5362  1.53636 1.53677 1.53682 1.53676 1.53659 1.53713 1.53678 1.53647
 1.53628 1.53605 1.53673 1.53634 1.53607 1.5359  1.53533 1.53503 1.53477
 1.53447 1.53447 1.53476 1.53501 1.53542 1.53486 1.5347  1.53437 1.53438
 1.53394 1.53364 1.53292 1.53283 1.53326 1.53298 1.53332 1.53303 1.53286
 1.53287][1.54404 1.54427 1.54456 1.5446  1.5445  1.54453 1.54446 1.54449 1.54435
 1.54404 1.54362 1.54358 1.54374 1.54352 1.54369 1.54408 1.54403 1.54471
 1.54491 1.54515 1.54558 1.54605 1.54655 1.54647 1.54627 1.54612 1.54627
 1.54604 1.54582 1.54528 1.54561 1.54606 1.54592 1.54553 1.54569 1.54608
 1.54638 1.54648 1.54662 1.54694 1.54692 1.54687 1.54674 1.54702 1.54699
 1.5473  1.54709 1.54775 1.5479  1.54774 1.54771 1.54762 1.54828 1.54874
 1.54896 1.54873 1.54922 1.54938 1.54989 1.55026 1.55003 1.55029 1.55081
 1.55063 1.55097 1.5505  1.55099 1.55085 1.55118 1.55095 1.55115 1.5516
 1.55188 1.55194 1.5519  1.55183 1.55145 1.55132 1.55167 1.55191 1.55201
 1.55191 1.55137 1.55157 1.55176 1.55154 1.55148 1.5514  1.55095 1.55103
 1.55148 1.55129 1.55121 1.55166 1.55119 1.55132 1.55108 1.5507  1.55076
 1.551  ][1.63995 1.6402  1.64045 1.64059 1.64059 1.64058 1.64072 1.64103 1.64107
 1.64105 1.64092 1.64067 1.64098 1.64138 1.64151 1.64165 1.64178 1.64207
 1.6422  1.64225 1.64241 1.64291 1.64266 1.6432  1.6428  1.64309 1.64357
 1.64353 1.64327 1.6433  1.64303 1.64323 1.64372 1.64387 1.64412 1.64435
 1.64474 1.64517 1.64576 1.64651 1.64602 1.64643 1.64628 1.64674 1.64694
 1.6469  1.64671 1.64698 1.64723 1.64767 1.64798 1.64831 1.64831 1.64775
 1.648   1.64839 1.64862 1.64886 1.64845 1.64877 1.6485  1.64832 1.64851
 1.64894 1.64919 1.64898 1.64903 1.64952 1.64999 1.64993 1.65015 1.64985
 1.65024 1.65109 1.65113 1.65139 1.65169 1.65158 1.65153 1.65127 1.6515
 1.65168 1.65223 1.652   1.65233 1.6526  1.65343 1.65271 1.65245 1.65241
 1.65201 1.65165 1.65168 1.65151 1.65146 1.65185 1.65121 1.65151 1.65084
 1.65095][1.50001 1.50013 1.50038 1.50053 1.50055 1.50042 1.50052 1.50069 1.50081
 1.50043 1.5005  1.5005  1.5005  1.50063 1.50084 1.50052 1.50097 1.5007
 1.50085 1.50112 1.50059 1.50023 1.50014 1.50019 1.50039 1.50059 1.50076
 1.50077 1.50099 1.50102 1.50113 1.50076 1.50055 1.50103 1.50102 1.50144
 1.50168 1.5012  1.50193 1.50155 1.50133 1.50133 1.5016  1.50183 1.50236
 1.50241 1.50308 1.50275 1.50279 1.50242 1.50258 1.50274 1.5025  1.50268
 1.50275 1.5024  1.50207 1.50196 1.50197 1.50188 1.50154 1.50145 1.50117
 1.5011  1.50078 1.50099 1.50115 1.50136 1.50141 1.50192 1.50177 1.50197
 1.50208 1.50218 1.50213 1.50225 1.50232 1.50238 1.50212 1.50218 1.50287
 1.50279 1.50289 1.50325 1.50334 1.50354 1.50391 1.50424 1.50386 1.50392
 1.50402 1.50425 1.50434 1.50458 1.50462 1.50455 1.50447 1.50428 1.50426
 1.50445]