[1.43936 1.43957 1.43973 1.43988 1.43985 1.44007 1.44018 1.44012 1.44015
 1.44019 1.43957 1.43978 1.4398  1.43899 1.43922 1.43906 1.43889 1.43826
 1.43781 1.43791 1.43806 1.4386  1.43865 1.43891 1.43911 1.43878 1.43902
 1.43828 1.43775 1.43773 1.43841 1.43849 1.43869 1.43906 1.4383  1.43801
 1.43711 1.43638 1.43601 1.43572 1.435   1.43468 1.43404 1.43428 1.43387
 1.43311 1.43214 1.43272 1.43245 1.43238 1.43158 1.432   1.43142 1.43067
 1.42984 1.42957 1.42971 1.42832 1.42855 1.42882 1.42914 1.42991 1.42964
 1.43016 1.43035 1.43026 1.42978 1.42974 1.42862 1.42859 1.42865 1.42902
 1.42899 1.42876 1.42898 1.428   1.42815 1.42817 1.42826 1.42747 1.4269
 1.42629 1.42538 1.42558 1.42507 1.42468 1.4259  1.4256  1.42487 1.42543
 1.42566 1.42549 1.42525 1.42434 1.42464 1.42414 1.42411 1.42401 1.42436
 1.42396][1.47887 1.47842 1.4786  1.4791  1.47914 1.47953 1.47949 1.47968 1.47982
 1.48023 1.48045 1.48044 1.48055 1.48087 1.48076 1.48104 1.48129 1.48152
 1.48195 1.48162 1.48149 1.48085 1.48114 1.48091 1.48065 1.47953 1.47975
 1.47987 1.47961 1.47972 1.47821 1.47769 1.47687 1.47708 1.47678 1.47627
 1.47666 1.47625 1.4757  1.4758  1.47597 1.47464 1.47398 1.47344 1.473
 1.47256 1.47238 1.4718  1.47233 1.47184 1.47096 1.47006 1.47046 1.46923
 1.46911 1.46853 1.46901 1.46883 1.46872 1.46842 1.46762 1.4664  1.4653
 1.46482 1.4639  1.46422 1.46419 1.46325 1.46342 1.46342 1.46213 1.46177
 1.46078 1.46028 1.46021 1.46023 1.45907 1.45841 1.45841 1.45825 1.45794
 1.45876 1.45892 1.45881 1.45853 1.45882 1.4584  1.45889 1.45917 1.45878
 1.45833 1.458   1.45829 1.45728 1.45721 1.45733 1.45695 1.45598 1.45523
 1.45495][1.31136 1.31143 1.31167 1.31178 1.3118  1.31194 1.31215 1.31232 1.31278
 1.31336 1.31344 1.31381 1.31383 1.3136  1.31401 1.3133  1.31375 1.31397
 1.31401 1.314   1.31412 1.3143  1.31506 1.31521 1.31513 1.3158  1.31597
 1.31647 1.31679 1.31702 1.31703 1.31722 1.3171  1.31696 1.31639 1.31646
 1.31681 1.31657 1.3169  1.31701 1.31711 1.31675 1.31619 1.31625 1.31624
 1.31603 1.31543 1.31553 1.31492 1.31527 1.31614 1.31619 1.31665 1.31641
 1.31661 1.31645 1.31601 1.31608 1.31669 1.31724 1.31702 1.31697 1.31687
 1.31673 1.31648 1.31652 1.31637 1.31639 1.31672 1.31555 1.3154  1.31532
 1.31539 1.31515 1.31448 1.31407 1.3147  1.31395 1.3139  1.31314 1.31365
 1.3131  1.31343 1.31352 1.31351 1.31327 1.31327 1.31262 1.31239 1.31227
 1.31284 1.3118  1.31157 1.31133 1.31135 1.31137 1.31041 1.31013 1.31067
 1.31018][1.32932 1.32919 1.32929 1.32911 1.32977 1.33001 1.32953 1.32922 1.32973
 1.32985 1.33022 1.32982 1.32994 1.33057 1.33084 1.3305  1.33076 1.33115
 1.33157 1.33271 1.33276 1.33322 1.33325 1.33376 1.33444 1.33387 1.33385
 1.33436 1.33439 1.33495 1.33464 1.33519 1.33587 1.33584 1.33611 1.3364
 1.33682 1.33639 1.33608 1.33618 1.33595 1.3362  1.33576 1.33533 1.33498
 1.33488 1.33491 1.3345  1.33508 1.33458 1.33441 1.33399 1.33479 1.33456
 1.33412 1.33432 1.3332  1.333   1.33278 1.33228 1.33248 1.3328  1.33273
 1.33258 1.33244 1.3311  1.33096 1.33081 1.33082 1.33126 1.33137 1.3309
 1.33066 1.33001 1.32982 1.33067 1.33094 1.33103 1.33043 1.32987 1.32919
 1.32895 1.32856 1.32898 1.329   1.32897 1.32943 1.32845 1.32793 1.32786
 1.32787 1.32783 1.32711 1.32711 1.32727 1.32763 1.32827 1.3278  1.32757
 1.32697][1.29336 1.29333 1.29334 1.29368 1.29386 1.29442 1.29516 1.29533 1.29539
 1.29575 1.29578 1.2957  1.29579 1.29559 1.2956  1.29572 1.29551 1.29583
 1.29644 1.29609 1.29637 1.29617 1.29632 1.29648 1.29682 1.29761 1.29733
 1.29727 1.29745 1.29792 1.29837 1.29889 1.2991  1.29909 1.2994  1.29988
 1.29998 1.30044 1.29999 1.30024 1.29996 1.30025 1.30037 1.29991 1.29972
 1.29991 1.29978 1.3002  1.30013 1.29981 1.30014 1.30029 1.3007  1.30058
 1.30015 1.29984 1.29902 1.3002  1.29998 1.30008 1.29954 1.29883 1.29827
 1.29804 1.29788 1.29785 1.29805 1.29825 1.29879 1.29897 1.29893 1.29906
 1.29903 1.29871 1.29841 1.29732 1.29739 1.29783 1.2978  1.29775 1.29731
 1.29702 1.29681 1.29709 1.29676 1.29686 1.2968  1.2969  1.29676 1.29611
 1.29525 1.29498 1.29519 1.2959  1.29631 1.29486 1.29433 1.2946  1.29446
 1.29468][1.28062 1.28105 1.28079 1.281   1.28093 1.2807  1.2806  1.28015 1.28045
 1.28109 1.28108 1.281   1.28133 1.28161 1.28157 1.28154 1.28175 1.28212
 1.28218 1.28263 1.28333 1.28406 1.28459 1.28509 1.28554 1.28574 1.28587
 1.28498 1.28518 1.2856  1.28633 1.28669 1.28668 1.28765 1.28762 1.28815
 1.28812 1.28727 1.2875  1.28712 1.28757 1.28758 1.28835 1.28807 1.28835
 1.2885  1.28825 1.2888  1.28909 1.28976 1.28946 1.28962 1.28945 1.28904
 1.2896  1.29035 1.29065 1.29117 1.29078 1.28952 1.28962 1.28971 1.2895
 1.28974 1.28938 1.28903 1.28913 1.28944 1.28872 1.28803 1.28762 1.28818
 1.28844 1.28799 1.28818 1.28813 1.28838 1.28768 1.28791 1.28768 1.28717
 1.28701 1.28583 1.28569 1.28593 1.28541 1.28553 1.285   1.28479 1.28479
 1.28543 1.28521 1.28524 1.28507 1.28516 1.28523 1.28446 1.28448 1.28465
 1.28448][1.28043 1.28052 1.28105 1.28082 1.28106 1.2815  1.28135 1.28105 1.28126
 1.28099 1.28086 1.28095 1.28112 1.28112 1.28135 1.2814  1.28194 1.28212
 1.28207 1.28239 1.28267 1.28295 1.2828  1.28327 1.2836  1.28344 1.28345
 1.28335 1.28344 1.28379 1.2842  1.28418 1.28438 1.28414 1.28377 1.28392
 1.28411 1.2842  1.28465 1.28498 1.28542 1.28534 1.28537 1.28566 1.28542
 1.2854  1.28627 1.28636 1.28711 1.28697 1.28645 1.28625 1.28654 1.28674
 1.28686 1.28701 1.28761 1.28754 1.28769 1.28749 1.28759 1.28826 1.28812
 1.28809 1.28902 1.28939 1.2891  1.28949 1.28992 1.28989 1.28981 1.28999
 1.28921 1.2889  1.28871 1.28858 1.28798 1.28706 1.28745 1.28768 1.28794
 1.28832 1.28873 1.28858 1.28807 1.28817 1.2875  1.28711 1.28732 1.2869
 1.2868  1.28638 1.28617 1.28597 1.2849  1.28447 1.28436 1.28446 1.28435
 1.28467][1.24113 1.2414  1.24145 1.24134 1.24114 1.24195 1.24245 1.24264 1.24283
 1.24326 1.24328 1.24338 1.24322 1.24318 1.2431  1.243   1.24319 1.2433
 1.24322 1.2433  1.24349 1.24374 1.24406 1.24351 1.24359 1.24337 1.24369
 1.24387 1.24451 1.2444  1.2449  1.24417 1.24346 1.24356 1.24379 1.24347
 1.24322 1.24329 1.24353 1.2441  1.24375 1.2441  1.24403 1.2445  1.24454
 1.24463 1.24434 1.24483 1.24458 1.24451 1.24449 1.24469 1.24503 1.24489
 1.24571 1.24671 1.24735 1.24789 1.24797 1.24815 1.24864 1.24927 1.24964
 1.24966 1.2505  1.25063 1.25102 1.25143 1.2518  1.2521  1.2522  1.25264
 1.25289 1.25285 1.25239 1.25214 1.25286 1.25339 1.25391 1.2536  1.25351
 1.25306 1.25274 1.25247 1.25173 1.25158 1.25158 1.25163 1.25132 1.25102
 1.25098 1.25146 1.25139 1.25082 1.25072 1.25063 1.25077 1.25089 1.25077
 1.25058][1.2467  1.24661 1.2465  1.24599 1.24605 1.24642 1.24686 1.24695 1.24716
 1.24759 1.24801 1.24803 1.24896 1.24935 1.24932 1.24952 1.24957 1.24933
 1.24923 1.24886 1.24867 1.24863 1.2486  1.24854 1.24837 1.24875 1.24846
 1.24887 1.2487  1.24917 1.24878 1.24864 1.24891 1.24902 1.24841 1.24822
 1.2488  1.24861 1.2483  1.24762 1.2475  1.24744 1.2476  1.24808 1.24826
 1.24844 1.24837 1.24831 1.24911 1.24918 1.24927 1.24986 1.25063 1.2508
 1.25123 1.25097 1.25133 1.2517  1.25205 1.25164 1.25232 1.25311 1.25307
 1.25363 1.25413 1.25501 1.25556 1.25578 1.25628 1.25635 1.25639 1.25678
 1.25668 1.2569  1.25681 1.25718 1.25753 1.25754 1.25778 1.25874 1.25955
 1.26007 1.25909 1.25895 1.25888 1.25862 1.25962 1.25971 1.25977 1.25996
 1.26016 1.26005 1.26017 1.26043 1.26007 1.26003 1.25954 1.25823 1.25796
 1.25765][1.22369 1.22377 1.22393 1.22404 1.22439 1.22497 1.22497 1.22473 1.225
 1.22526 1.22547 1.22497 1.2246  1.22441 1.22453 1.22483 1.22558 1.22556
 1.22553 1.22536 1.22552 1.22557 1.22619 1.22603 1.22632 1.22601 1.22586
 1.22621 1.22584 1.22567 1.22528 1.22551 1.22544 1.2257  1.22631 1.22648
 1.22709 1.22679 1.22708 1.2271  1.22737 1.22782 1.22812 1.22779 1.22799
 1.2287  1.22802 1.22828 1.22803 1.22823 1.22817 1.22881 1.22777 1.22841
 1.22857 1.22949 1.22931 1.22909 1.22983 1.22962 1.22952 1.22977 1.22955
 1.22998 1.23057 1.23113 1.23127 1.23097 1.23133 1.23143 1.23193 1.23242
 1.23211 1.23165 1.23137 1.23173 1.23202 1.23258 1.23204 1.23249 1.23284
 1.23297 1.23365 1.23424 1.23467 1.23474 1.2349  1.235   1.235   1.23545
 1.23581 1.23604 1.23575 1.2355  1.23526 1.23611 1.23654 1.23623 1.23656
 1.23639]