[4.25299 4.25349 4.25376 4.2542  4.2529  4.25485 4.25804 4.25911 4.26035
 4.26164 4.26077 4.25827 4.25601 4.25337 4.25292 4.25508 4.25558 4.25937
 4.26027 4.26008 4.26    4.25864 4.25692 4.2522  4.24883 4.25045 4.24719
 4.24412 4.24411 4.24278 4.24538 4.24456 4.24552 4.24561 4.2451  4.2429
 4.2449  4.24258 4.23933 4.23778 4.23972 4.23863 4.23641 4.24138 4.23582
 4.23426 4.23408 4.23268 4.23448 4.23726 4.23814 4.23885 4.23841 4.23784
 4.23773 4.23132 4.22857 4.22513 4.22611 4.22583 4.23318 4.2344  4.2279
 4.22428 4.22231 4.21892 4.21663 4.21213 4.21562 4.21089 4.20877 4.20901
 4.21014 4.21031 4.21133 4.21112 4.2101  4.214   4.2149  4.21789 4.21972
 4.21712 4.22075 4.21682 4.21434 4.21861 4.21523 4.21664 4.21705 4.21548
 4.21558 4.21228 4.20775 4.20724 4.20245 4.20018 4.20257 4.20268 4.20305
 4.20505][5.21746 5.21922 5.22039 5.22063 5.222   5.22276 5.22587 5.22589 5.22624
 5.23087 5.23298 5.2339  5.23412 5.23658 5.23915 5.23972 5.2486  5.24843
 5.2498  5.25477 5.25507 5.25401 5.24976 5.24769 5.24336 5.23792 5.23836
 5.24276 5.24771 5.24908 5.24481 5.24389 5.24562 5.24506 5.24442 5.24254
 5.24883 5.24899 5.24957 5.25122 5.24914 5.24547 5.24154 5.23227 5.22481
 5.21949 5.21633 5.21329 5.20865 5.20614 5.21107 5.20951 5.20734 5.2034
 5.20359 5.19983 5.19543 5.19264 5.18888 5.18677 5.17988 5.17594 5.1647
 5.15789 5.15376 5.14832 5.15176 5.14855 5.15155 5.15086 5.15108 5.15529
 5.15064 5.14995 5.14666 5.14302 5.14096 5.14087 5.14163 5.14387 5.13576
 5.12607 5.12527 5.12163 5.1179  5.11093 5.11274 5.11641 5.11385 5.10577
 5.10044 5.09241 5.09677 5.09657 5.0918  5.09157 5.09197 5.08622 5.08154
 5.07929][4.69803 4.69787 4.69777 4.69576 4.69564 4.69558 4.69527 4.69386 4.69383
 4.69589 4.70015 4.70287 4.70417 4.70628 4.70717 4.70996 4.71039 4.71319
 4.71681 4.7211  4.72665 4.72845 4.73012 4.73132 4.73251 4.7404  4.74384
 4.74345 4.74125 4.74622 4.74282 4.73922 4.73122 4.73401 4.7313  4.72574
 4.72385 4.72663 4.72515 4.71991 4.71789 4.71406 4.70976 4.70486 4.69821
 4.69017 4.68337 4.67396 4.67012 4.67359 4.66747 4.6661  4.66612 4.65933
 4.65425 4.65535 4.64701 4.63802 4.6357  4.62868 4.61945 4.61452 4.61144
 4.6044  4.59859 4.59917 4.59489 4.59254 4.59595 4.58829 4.58221 4.57637
 4.57396 4.57318 4.57122 4.56583 4.55927 4.5562  4.55637 4.54772 4.54634
 4.54283 4.54401 4.53548 4.53601 4.52641 4.52152 4.51336 4.50879 4.50351
 4.49804 4.48995 4.48612 4.48551 4.4866  4.47874 4.47439 4.47306 4.46698
 4.46193][4.74559 4.74652 4.74388 4.74218 4.73984 4.74069 4.74094 4.74083 4.7398
 4.74276 4.74435 4.74713 4.7486  4.75275 4.75336 4.7554  4.75867 4.76279
 4.76142 4.76506 4.76367 4.76699 4.76753 4.76905 4.76828 4.77076 4.77003
 4.77133 4.77469 4.77845 4.7781  4.77519 4.77702 4.779   4.78527 4.79249
 4.7929  4.7936  4.79404 4.79665 4.79521 4.79627 4.79591 4.7934  4.78728
 4.78166 4.78173 4.77835 4.77449 4.77043 4.76308 4.76129 4.75579 4.74958
 4.75019 4.7495  4.74758 4.74645 4.74008 4.73948 4.73445 4.73694 4.73551
 4.7358  4.73191 4.72477 4.72271 4.71082 4.708   4.7024  4.69715 4.69392
 4.69382 4.68899 4.6889  4.68473 4.6713  4.66695 4.65318 4.65227 4.65484
 4.65311 4.64761 4.64453 4.63793 4.63004 4.62271 4.61573 4.60659 4.60394
 4.59978 4.59793 4.59336 4.58571 4.57461 4.56652 4.5583  4.55823 4.55413
 4.55282][7.04268 7.04492 7.0463  7.04908 7.05251 7.05138 7.05809 7.0592  7.06191
 7.06224 7.06997 7.07624 7.07615 7.07634 7.07832 7.07984 7.08027 7.0868
 7.09128 7.08691 7.08366 7.08399 7.08472 7.08638 7.08556 7.08758 7.09483
 7.09623 7.09494 7.09446 7.09885 7.10117 7.10419 7.10738 7.11094 7.10688
 7.10872 7.11377 7.11782 7.13342 7.13883 7.13914 7.14654 7.14641 7.1486
 7.15163 7.15867 7.15083 7.15404 7.15666 7.1576  7.15904 7.14721 7.14255
 7.13761 7.12416 7.12755 7.11264 7.10608 7.10544 7.10207 7.09424 7.08757
 7.09537 7.093   7.07696 7.07898 7.06907 7.05663 7.0512  7.04264 7.03216
 7.03493 7.02332 7.01568 7.01529 7.00404 6.99744 6.98374 6.97511 6.97501
 6.97109 6.97001 6.94975 6.94127 6.92967 6.93137 6.92322 6.92718 6.92547
 6.92138 6.9112  6.90749 6.88403 6.8744  6.8645  6.85971 6.84331 6.82635
 6.81963][ 9.96847  9.97162  9.97206  9.97556  9.97511  9.97567  9.97685  9.98212
  9.98782  9.99108  9.98796  9.99007  9.99788 10.00735 10.01497 10.01028
 10.02683 10.04029 10.05073 10.05132 10.06055 10.0601  10.06287 10.07496
 10.08754 10.10715 10.11313 10.11784 10.13503 10.15877 10.16621 10.16415
 10.17766 10.19119 10.20646 10.21923 10.23352 10.24448 10.25864 10.26656
 10.26809 10.28553 10.30323 10.32177 10.32858 10.35537 10.37335 10.38478
 10.40575 10.43411 10.46642 10.48055 10.49319 10.50512 10.51688 10.54303
 10.54907 10.57031 10.58525 10.60181 10.5941  10.60795 10.60257 10.59488
 10.61032 10.61985 10.63002 10.6329  10.62004 10.62765 10.61423 10.6096
 10.62058 10.62112 10.6252  10.62439 10.62968 10.62558 10.62475 10.62079
 10.61082 10.61446 10.60644 10.61605 10.61005 10.60046 10.59715 10.59455
 10.58083 10.57163 10.55538 10.54257 10.55776 10.57347 10.58588 10.58675
 10.59017 10.59159 10.58127 10.58096][11.69377 11.69406 11.69432 11.69302 11.69537 11.69966 11.70019 11.70756
 11.70321 11.70448 11.70574 11.71493 11.71479 11.73273 11.73325 11.74226
 11.74831 11.75887 11.76329 11.77153 11.78819 11.80206 11.82563 11.83117
 11.83897 11.83403 11.85095 11.85852 11.86813 11.87475 11.88809 11.89794
 11.90686 11.9209  11.93875 11.95041 11.95663 11.97514 12.00192 12.01439
 12.02504 12.04088 12.06041 12.06997 12.06192 12.05775 12.07446 12.09864
 12.12167 12.13119 12.15476 12.16493 12.17673 12.18774 12.18454 12.19895
 12.21378 12.21251 12.21653 12.24621 12.2679  12.29234 12.31552 12.32217
 12.32764 12.33659 12.37412 12.38631 12.39461 12.40034 12.39428 12.39074
 12.3968  12.39481 12.39948 12.41201 12.38635 12.3763  12.34792 12.34821
 12.35044 12.35916 12.3495  12.33794 12.35375 12.35154 12.34809 12.3575
 12.36401 12.34681 12.33562 12.33032 12.34752 12.32456 12.33502 12.32359
 12.32654 12.32477 12.31478 12.30724][10.03875 10.04327 10.04565 10.03967 10.04497 10.04124 10.04817 10.04595
 10.04965 10.04904 10.04164 10.04795 10.05323 10.04906 10.05424 10.06746
 10.07893 10.08733 10.08985 10.08588 10.08593 10.09088 10.09862 10.10099
 10.10277 10.10689 10.11234 10.10887 10.11336 10.12224 10.1301  10.12989
 10.13107 10.14216 10.14182 10.15635 10.16776 10.17678 10.1815  10.18382
 10.18754 10.19759 10.1843  10.1936  10.19548 10.19383 10.20091 10.20084
 10.19971 10.20166 10.21593 10.21775 10.22892 10.24084 10.25061 10.25437
 10.26006 10.28215 10.29306 10.298   10.30462 10.30135 10.29732 10.28924
 10.29493 10.30618 10.29285 10.29777 10.30969 10.31407 10.32243 10.32762
 10.3182  10.31711 10.32606 10.3271  10.32524 10.32983 10.33574 10.33935
 10.32071 10.31589 10.30344 10.3004  10.29379 10.28056 10.26697 10.26638
 10.25609 10.24602 10.24521 10.22175 10.189   10.1908  10.18784 10.16898
 10.1598  10.15018 10.14649 10.12961][14.76533 14.76768 14.77212 14.76933 14.77754 14.77913 14.77942 14.77862
 14.78002 14.78594 14.79464 14.80738 14.81049 14.81847 14.83496 14.8517
 14.85937 14.86461 14.86909 14.88961 14.90186 14.9301  14.94231 14.95235
 14.94951 14.97422 14.98901 15.00091 15.02271 15.04003 15.04062 15.04828
 15.05652 15.07383 15.0841  15.07552 15.08406 15.10234 15.11798 15.14754
 15.15583 15.18488 15.20417 15.2431  15.26615 15.27726 15.30303 15.33828
 15.35161 15.36595 15.39648 15.41872 15.44963 15.46482 15.49307 15.51843
 15.53569 15.54514 15.55595 15.56706 15.58728 15.60334 15.6373  15.67235
 15.67822 15.68834 15.70196 15.70451 15.74402 15.77844 15.79579 15.79872
 15.82189 15.83478 15.85849 15.88621 15.90233 15.9088  15.92811 15.93927
 15.95927 15.98507 16.01535 16.03277 16.06435 16.09402 16.13421 16.12665
 16.1388  16.16064 16.18097 16.19814 16.22437 16.20757 16.22111 16.2091
 16.21495 16.20877 16.20926 16.20385][14.691   14.69773 14.69978 14.69823 14.70232 14.70369 14.70666 14.7123
 14.71972 14.73421 14.7401  14.74778 14.77337 14.78933 14.80062 14.80526
 14.7995  14.81657 14.83554 14.8245  14.8444  14.85585 14.86484 14.87247
 14.89439 14.89747 14.90609 14.91381 14.91944 14.93553 14.95128 14.98114
 15.01646 15.02426 15.04249 15.0611  15.06839 15.09079 15.09366 15.10361
 15.10484 15.12532 15.14743 15.16436 15.18391 15.21708 15.23345 15.26214
 15.25918 15.30204 15.32573 15.34258 15.38363 15.40067 15.4321  15.44719
 15.45181 15.48876 15.49509 15.51646 15.54943 15.57261 15.59279 15.60386
 15.617   15.63351 15.66482 15.69495 15.72879 15.73113 15.75088 15.79066
 15.80151 15.83963 15.87287 15.90069 15.90643 15.93823 15.96221 15.99246
 16.01781 16.05041 16.04651 16.09024 16.11417 16.12807 16.16172 16.18808
 16.24353 16.26834 16.30309 16.35523 16.3537  16.39346 16.41155 16.43862
 16.46909 16.51122 16.55448 16.57243]