[1.24183 1.24203 1.24222 1.24264 1.24324 1.24293 1.24392 1.24397 1.24395
 1.24391 1.2433  1.24275 1.243   1.24211 1.24187 1.24102 1.24154 1.2418
 1.24156 1.2414  1.24138 1.24091 1.24103 1.24103 1.24061 1.24078 1.24059
 1.24022 1.24071 1.24007 1.239   1.23834 1.23812 1.23742 1.237   1.23675
 1.23617 1.23525 1.23489 1.23479 1.23449 1.23363 1.23312 1.23316 1.23309
 1.23294 1.23236 1.23187 1.23159 1.2314  1.23121 1.23052 1.23054 1.22943
 1.22906 1.2293  1.22896 1.22891 1.22792 1.22822 1.22797 1.22779 1.22744
 1.22744 1.22727 1.22694 1.22678 1.22714 1.22689 1.22695 1.22663 1.22716
 1.22718 1.22759 1.22776 1.2275  1.22711 1.22674 1.2268  1.22712 1.2275
 1.22782 1.22794 1.22832 1.22768 1.22757 1.22737 1.22685 1.22703 1.22746
 1.22733 1.2268  1.22706 1.22697 1.22668 1.22633 1.22624 1.22679 1.2266
 1.2262 ][1.3011  1.30125 1.30177 1.30184 1.30208 1.30182 1.30165 1.30207 1.30167
 1.30182 1.30163 1.30156 1.3015  1.3015  1.30114 1.30227 1.30261 1.30248
 1.30361 1.30401 1.30465 1.30457 1.30484 1.30441 1.30401 1.30378 1.30351
 1.3034  1.30239 1.30224 1.30186 1.30236 1.30269 1.30178 1.30258 1.3028
 1.30311 1.3028  1.30226 1.30205 1.30161 1.30123 1.30094 1.30045 1.30045
 1.30117 1.3012  1.30126 1.30125 1.30086 1.301   1.30067 1.30069 1.3008
 1.30045 1.30014 1.29965 1.2998  1.3003  1.30022 1.29945 1.29865 1.29841
 1.29876 1.29897 1.29873 1.29801 1.29788 1.29764 1.29726 1.29754 1.29682
 1.29706 1.29758 1.29712 1.29709 1.29666 1.29694 1.29697 1.29661 1.2965
 1.29636 1.29541 1.29533 1.29552 1.29533 1.29527 1.29452 1.29493 1.29489
 1.29388 1.29356 1.29308 1.29247 1.29232 1.29296 1.29261 1.2924  1.29205
 1.29176][1.30452 1.30416 1.30443 1.30481 1.30488 1.30453 1.30441 1.30451 1.30522
 1.3057  1.30649 1.30693 1.30676 1.30763 1.30841 1.30864 1.30912 1.30935
 1.30892 1.30879 1.30844 1.30836 1.30907 1.30963 1.30991 1.30934 1.3093
 1.3099  1.31028 1.3103  1.30984 1.30962 1.30935 1.30924 1.30921 1.30918
 1.3088  1.30819 1.30776 1.30705 1.30688 1.30652 1.30614 1.30573 1.30588
 1.30595 1.30632 1.30601 1.30621 1.30627 1.30674 1.30681 1.30675 1.30651
 1.30638 1.30582 1.30479 1.30398 1.30369 1.3036  1.30379 1.30382 1.30398
 1.3039  1.30315 1.3027  1.30265 1.30185 1.3019  1.30205 1.30207 1.30184
 1.30061 1.30052 1.30066 1.30039 1.30043 1.30009 1.29966 1.29959 1.29956
 1.29902 1.29898 1.29838 1.2981  1.29833 1.2977  1.29748 1.2981  1.2972
 1.2964  1.29685 1.29704 1.29699 1.29697 1.2968  1.29603 1.29547 1.29442
 1.29404][1.41304 1.4128  1.41313 1.41372 1.4147  1.41508 1.4149  1.41538 1.41582
 1.41652 1.41672 1.4171  1.41791 1.41882 1.41931 1.41938 1.41956 1.42047
 1.4208  1.42192 1.42231 1.42266 1.4232  1.42323 1.42288 1.42326 1.42247
 1.42229 1.42282 1.42368 1.42451 1.42491 1.42486 1.42511 1.42596 1.42635
 1.42792 1.42951 1.42996 1.43043 1.43103 1.4314  1.4307  1.42981 1.42923
 1.42798 1.42855 1.42802 1.42811 1.42815 1.42783 1.42814 1.42778 1.42759
 1.4281  1.42816 1.42708 1.4265  1.42606 1.42571 1.42541 1.42455 1.42423
 1.42393 1.42357 1.42354 1.42284 1.42306 1.42181 1.42066 1.41997 1.42049
 1.41944 1.4183  1.41803 1.41805 1.41794 1.41799 1.41813 1.41768 1.41686
 1.41579 1.41589 1.41501 1.41491 1.41555 1.41585 1.41618 1.41534 1.41577
 1.41594 1.4157  1.41486 1.4146  1.414   1.41401 1.41455 1.41401 1.41331
 1.41246][1.41943 1.41912 1.41917 1.41943 1.41929 1.41972 1.4202  1.42067 1.42084
 1.42117 1.42178 1.42243 1.4229  1.42377 1.4234  1.42393 1.42371 1.4237
 1.42448 1.4244  1.42415 1.42442 1.42487 1.42575 1.42657 1.42794 1.42774
 1.42834 1.42889 1.42928 1.43056 1.43066 1.43152 1.43248 1.43213 1.43227
 1.43294 1.43431 1.43444 1.43438 1.43554 1.436   1.43572 1.43531 1.43526
 1.43557 1.43562 1.43711 1.43637 1.4361  1.43509 1.435   1.43504 1.43532
 1.43465 1.43424 1.43363 1.43302 1.43244 1.43223 1.43221 1.43121 1.43081
 1.43198 1.43104 1.43149 1.43081 1.43041 1.43046 1.43088 1.42978 1.42967
 1.42964 1.42966 1.42934 1.42866 1.42903 1.42849 1.4288  1.42802 1.42713
 1.42681 1.42684 1.42602 1.42588 1.42602 1.42574 1.42482 1.42394 1.42413
 1.42456 1.42468 1.42419 1.42439 1.42476 1.42364 1.42369 1.42374 1.42384
 1.42374][1.41688 1.41699 1.41699 1.41708 1.41743 1.41697 1.41724 1.41755 1.41772
 1.41802 1.41799 1.41821 1.41846 1.41845 1.41905 1.41905 1.41906 1.4191
 1.41901 1.41881 1.41835 1.41905 1.41901 1.4191  1.41911 1.42032 1.42057
 1.42107 1.42123 1.42154 1.42153 1.42091 1.42159 1.42199 1.42202 1.42119
 1.42252 1.42224 1.42294 1.42291 1.42309 1.42403 1.42447 1.42472 1.42479
 1.42541 1.42694 1.4269  1.42765 1.42809 1.42878 1.42927 1.4299  1.43012
 1.43079 1.43067 1.43131 1.43167 1.43255 1.43313 1.43233 1.43279 1.43321
 1.43319 1.43237 1.43229 1.43248 1.43207 1.43141 1.43199 1.43189 1.4321
 1.43202 1.43219 1.43153 1.43099 1.43051 1.43052 1.42969 1.42943 1.42926
 1.42866 1.42782 1.42715 1.42645 1.42638 1.42674 1.42648 1.426   1.42584
 1.42567 1.42643 1.42621 1.42705 1.42764 1.42751 1.42716 1.42627 1.42611
 1.4265 ][1.44131 1.44142 1.44118 1.44186 1.44183 1.44141 1.44182 1.44238 1.44234
 1.44254 1.44301 1.44321 1.44359 1.44505 1.44505 1.44488 1.44497 1.44524
 1.4458  1.44632 1.4461  1.44641 1.44564 1.44705 1.44793 1.44795 1.44855
 1.4487  1.4491  1.44865 1.44953 1.4498  1.4503  1.44995 1.44911 1.44945
 1.44934 1.44989 1.45013 1.45074 1.45119 1.45158 1.45235 1.45322 1.45443
 1.45468 1.45494 1.4551  1.45556 1.4566  1.4572  1.45696 1.45879 1.45883
 1.45893 1.45977 1.45977 1.46005 1.46014 1.45966 1.45989 1.46085 1.45999
 1.46012 1.46096 1.46051 1.46042 1.45986 1.46086 1.4612  1.46037 1.46027
 1.45958 1.45956 1.4589  1.45851 1.45737 1.45754 1.45697 1.45648 1.45616
 1.4551  1.45471 1.45406 1.45402 1.45402 1.45346 1.45357 1.45267 1.45183
 1.45205 1.45174 1.45105 1.4503  1.44992 1.44955 1.44925 1.44884 1.4484
 1.4488 ][1.45265 1.4527  1.45278 1.45272 1.4531  1.45337 1.45334 1.45369 1.45371
 1.45374 1.45428 1.45439 1.45551 1.45587 1.4555  1.45647 1.45628 1.45728
 1.45789 1.45891 1.45837 1.45808 1.45788 1.45781 1.45736 1.45741 1.45762
 1.45812 1.45814 1.45845 1.45867 1.45899 1.45964 1.46017 1.45988 1.46013
 1.45981 1.45971 1.46003 1.45999 1.45977 1.4593  1.4587  1.45898 1.45889
 1.45908 1.45957 1.45948 1.45989 1.46062 1.46161 1.46205 1.46181 1.46183
 1.46174 1.463   1.46308 1.46327 1.4636  1.46423 1.46575 1.46503 1.46483
 1.46419 1.4646  1.46451 1.46491 1.46546 1.46559 1.46686 1.46703 1.46751
 1.46778 1.46833 1.46846 1.47052 1.4708  1.47117 1.47144 1.47227 1.47177
 1.47179 1.47166 1.47149 1.47158 1.47089 1.47062 1.47014 1.46996 1.46986
 1.46946 1.46955 1.46905 1.46816 1.46765 1.46777 1.46817 1.468   1.46719
 1.46711][1.58444 1.58444 1.58496 1.58578 1.5858  1.58654 1.58747 1.5882  1.58778
 1.58847 1.58878 1.58912 1.58936 1.58996 1.59089 1.59142 1.59224 1.59382
 1.59389 1.59404 1.59365 1.59451 1.59442 1.59573 1.59527 1.59473 1.59479
 1.59616 1.59706 1.59687 1.59799 1.59798 1.59798 1.59798 1.59856 1.60012
 1.6002  1.60098 1.60231 1.60219 1.60334 1.6026  1.60221 1.60283 1.60254
 1.60285 1.60311 1.60352 1.60374 1.60418 1.60506 1.60489 1.60548 1.60554
 1.60541 1.60635 1.60541 1.6072  1.60763 1.60677 1.60683 1.60816 1.60931
 1.61029 1.61153 1.61171 1.61195 1.61376 1.61386 1.61464 1.61462 1.61523
 1.61485 1.61527 1.61589 1.61564 1.61671 1.617   1.61825 1.61842 1.61991
 1.62002 1.62126 1.62102 1.62067 1.6215  1.62102 1.62174 1.6206  1.62097
 1.62068 1.62072 1.61912 1.61837 1.61784 1.61695 1.61671 1.61668 1.6158
 1.6165 ][1.43282 1.43277 1.43254 1.43299 1.43286 1.43338 1.43323 1.43317 1.43323
 1.43324 1.43359 1.43351 1.43342 1.4333  1.43231 1.43231 1.43263 1.43303
 1.43313 1.43451 1.43449 1.43518 1.43546 1.43513 1.43428 1.43411 1.43435
 1.43491 1.43444 1.43441 1.4349  1.43494 1.43465 1.43487 1.43527 1.4359
 1.43693 1.43728 1.43784 1.43774 1.43743 1.43662 1.43683 1.43749 1.43761
 1.43715 1.43795 1.4374  1.43727 1.4373  1.43732 1.4369  1.43642 1.43689
 1.43638 1.43713 1.4375  1.4385  1.43926 1.43823 1.43827 1.43899 1.43944
 1.43956 1.44122 1.44146 1.44207 1.44281 1.44307 1.44227 1.44228 1.44218
 1.44204 1.44294 1.44371 1.44362 1.44319 1.44364 1.44457 1.44451 1.44513
 1.44489 1.44477 1.44507 1.44571 1.44565 1.44557 1.44525 1.44491 1.44554
 1.44563 1.4469  1.44689 1.44717 1.44685 1.44742 1.44844 1.44939 1.44885
 1.4487 ]