[4.19034 4.19036 4.19028 4.19093 4.1901  4.19    4.18956 4.18887 4.18852
 4.18756 4.18728 4.18706 4.18648 4.18571 4.18547 4.18484 4.18464 4.18427
 4.18347 4.1829  4.18251 4.18143 4.18111 4.1811  4.18025 4.17972 4.17953
 4.17908 4.17863 4.17802 4.17735 4.17685 4.17685 4.17643 4.17641 4.1757
 4.17541 4.17536 4.17471 4.17439 4.17393 4.17373 4.17311 4.17275 4.17213
 4.1713  4.17109 4.17141 4.17051 4.16951 4.169   4.16895 4.16882 4.16874
 4.16866 4.16846 4.1679  4.16751 4.16717 4.16637 4.16587 4.16549 4.16556
 4.16502 4.16414 4.16382 4.16322 4.16237 4.16176 4.16101 4.16131 4.16084
 4.15995 4.15981 4.15914 4.15844 4.15804 4.15777 4.15783 4.15726 4.15703
 4.15654 4.15615 4.1558  4.15529 4.15447 4.15427 4.15352 4.15333 4.15267
 4.1523  4.15145 4.15139 4.15078 4.15059 4.14941 4.1489  4.14817 4.14811
 4.14793][3.14592 3.14617 3.1463  3.14653 3.14717 3.14754 3.14757 3.14761 3.14739
 3.14755 3.14763 3.14728 3.14695 3.14669 3.14664 3.14675 3.14649 3.14643
 3.14621 3.14605 3.14555 3.1454  3.1454  3.14521 3.14478 3.14469 3.14432
 3.14446 3.14389 3.14339 3.14316 3.14274 3.14283 3.14286 3.14248 3.14255
 3.14209 3.14183 3.14153 3.14134 3.14083 3.14102 3.1407  3.14061 3.14051
 3.14028 3.14034 3.14012 3.13975 3.13934 3.1389  3.13849 3.13829 3.13827
 3.13825 3.13802 3.13756 3.13726 3.13686 3.13651 3.13649 3.13668 3.13656
 3.13612 3.13565 3.13541 3.13489 3.13508 3.1348  3.13444 3.13404 3.13405
 3.13368 3.13355 3.13333 3.13308 3.13296 3.13299 3.13266 3.13237 3.13209
 3.1321  3.13183 3.13198 3.13183 3.13201 3.13193 3.13153 3.1313  3.13115
 3.13112 3.1307  3.13027 3.12976 3.12946 3.12918 3.12926 3.12934 3.12911
 3.12889][3.81127 3.81192 3.81215 3.81285 3.81293 3.8132  3.81359 3.81389 3.8144
 3.81529 3.8149  3.81469 3.81517 3.81601 3.81624 3.8168  3.81714 3.81673
 3.81704 3.81775 3.81703 3.81684 3.81642 3.81615 3.81618 3.81613 3.81581
 3.81534 3.81491 3.81464 3.81471 3.81414 3.81342 3.81287 3.81281 3.81231
 3.81156 3.81093 3.8105  3.80994 3.80939 3.80917 3.80968 3.8091  3.80873
 3.80826 3.80745 3.80698 3.80655 3.8061  3.80587 3.80547 3.80511 3.80542
 3.80492 3.80463 3.80446 3.80409 3.80375 3.80359 3.80343 3.80311 3.80262
 3.80241 3.80211 3.80198 3.80146 3.80095 3.80121 3.80122 3.80049 3.79979
 3.79937 3.79895 3.79879 3.79846 3.79797 3.79772 3.79768 3.79697 3.7965
 3.79618 3.79571 3.79563 3.79537 3.79527 3.79491 3.7944  3.79416 3.79414
 3.79359 3.79337 3.79343 3.79293 3.79212 3.7916  3.79121 3.79046 3.79036
 3.79009][3.59219 3.59264 3.59278 3.59341 3.59398 3.59458 3.59529 3.59574 3.59636
 3.59621 3.59658 3.59706 3.59742 3.59811 3.59819 3.59823 3.59845 3.59883
 3.59908 3.59979 3.60043 3.60055 3.601   3.60127 3.60166 3.60201 3.60233
 3.60277 3.6033  3.60386 3.60358 3.60355 3.60314 3.60302 3.60275 3.6024
 3.60229 3.602   3.60214 3.60214 3.6015  3.60111 3.60073 3.60027 3.59993
 3.59965 3.59913 3.59899 3.59844 3.59823 3.5977  3.59721 3.59683 3.59668
 3.59642 3.59663 3.59645 3.59574 3.59546 3.59531 3.59525 3.59446 3.59415
 3.59363 3.59383 3.5937  3.59335 3.59304 3.59273 3.59235 3.59226 3.59176
 3.59144 3.59082 3.59042 3.59034 3.58991 3.58923 3.58918 3.58918 3.58852
 3.58806 3.58751 3.58686 3.58663 3.58658 3.58595 3.58537 3.58538 3.58526
 3.58485 3.58419 3.58378 3.58341 3.58315 3.58251 3.58193 3.58184 3.58136
 3.58128][3.17135 3.17159 3.17153 3.1719  3.17201 3.17248 3.17315 3.17339 3.17365
 3.17386 3.17412 3.17447 3.17496 3.17494 3.17473 3.17504 3.17536 3.17591
 3.17631 3.17644 3.17638 3.17625 3.1762  3.17647 3.17689 3.17743 3.17741
 3.17747 3.17771 3.17771 3.17763 3.17812 3.17828 3.17825 3.1788  3.17871
 3.17886 3.17912 3.17923 3.1796  3.17909 3.17931 3.17893 3.1791  3.17907
 3.17873 3.17864 3.17844 3.17827 3.17793 3.17772 3.17763 3.17726 3.17699
 3.17649 3.17637 3.17592 3.17574 3.17559 3.17507 3.17476 3.17459 3.17431
 3.1745  3.17436 3.17407 3.17415 3.17387 3.17381 3.17353 3.17334 3.17295
 3.17316 3.17261 3.17235 3.17231 3.17182 3.1714  3.17114 3.1711  3.17081
 3.17084 3.17086 3.17051 3.17014 3.17007 3.16997 3.16961 3.16926 3.16921
 3.16894 3.16849 3.16845 3.1681  3.16766 3.1673  3.1672  3.16716 3.16673
 3.16681][3.81342 3.8138  3.81442 3.81423 3.81466 3.81528 3.81578 3.81635 3.81639
 3.81688 3.81717 3.81755 3.81804 3.818   3.81863 3.81897 3.81904 3.81921
 3.81986 3.82047 3.82065 3.82137 3.82134 3.8222  3.82223 3.82297 3.82372
 3.82405 3.82426 3.82505 3.82614 3.82677 3.82715 3.82773 3.82796 3.8282
 3.82813 3.82894 3.82914 3.82969 3.82977 3.83015 3.82991 3.82988 3.83022
 3.8312  3.83121 3.83191 3.8326  3.83271 3.83284 3.8325  3.83262 3.83254
 3.83274 3.83238 3.83155 3.83125 3.83127 3.83064 3.83041 3.8303  3.83003
 3.83014 3.82999 3.8299  3.8296  3.82909 3.82889 3.8283  3.82797 3.82742
 3.82691 3.8267  3.82646 3.82597 3.82541 3.82489 3.82436 3.82382 3.82333
 3.82301 3.8227  3.82227 3.82219 3.82223 3.82251 3.82222 3.82196 3.82234
 3.82211 3.82197 3.82159 3.82143 3.8207  3.82089 3.82026 3.82027 3.81994
 3.82011][3.64375 3.64446 3.64538 3.64547 3.64524 3.64569 3.6454  3.64563 3.64561
 3.64653 3.64684 3.64692 3.64744 3.64745 3.64752 3.64768 3.64809 3.64845
 3.64889 3.64953 3.64952 3.64977 3.65004 3.65006 3.65042 3.65038 3.65078
 3.65135 3.65153 3.65144 3.65168 3.65233 3.65244 3.65313 3.65332 3.65363
 3.6541  3.65435 3.65491 3.65504 3.65552 3.65574 3.65552 3.6556  3.65609
 3.65681 3.65704 3.65767 3.65794 3.65846 3.65914 3.65942 3.65973 3.6608
 3.66094 3.66176 3.66203 3.6625  3.66274 3.66291 3.66281 3.66252 3.66202
 3.66156 3.6613  3.66104 3.66076 3.66109 3.66098 3.66097 3.66049 3.65999
 3.65924 3.65923 3.65895 3.65838 3.65799 3.65808 3.65807 3.65803 3.65787
 3.65746 3.65741 3.65731 3.65699 3.65681 3.65635 3.65597 3.65527 3.65525
 3.65519 3.65457 3.65451 3.65411 3.65348 3.65328 3.65304 3.65262 3.65231
 3.65243][3.50439 3.50498 3.50517 3.50565 3.5053  3.50604 3.50636 3.50606 3.50556
 3.50593 3.50622 3.50655 3.50695 3.50721 3.50783 3.50813 3.50828 3.50907
 3.50937 3.50997 3.51028 3.51066 3.51107 3.51141 3.51178 3.51237 3.51267
 3.51293 3.51335 3.51368 3.51365 3.51379 3.51404 3.51443 3.515   3.51522
 3.5154  3.5152  3.51579 3.51633 3.51659 3.51706 3.51734 3.51776 3.51831
 3.51874 3.51928 3.51919 3.51916 3.51948 3.5203  3.52087 3.5207  3.52117
 3.52161 3.52219 3.52263 3.5227  3.52261 3.52312 3.52319 3.52361 3.52344
 3.52433 3.525   3.52537 3.52576 3.52627 3.52695 3.52688 3.52675 3.52656
 3.52579 3.52497 3.52489 3.52444 3.52432 3.5245  3.52418 3.52383 3.52327
 3.52259 3.52215 3.522   3.52119 3.52087 3.52069 3.52036 3.52041 3.52043
 3.52    3.51987 3.51953 3.51919 3.51913 3.51869 3.51839 3.51804 3.51753
 3.51773][3.49087 3.4909  3.49129 3.49154 3.49156 3.49137 3.4918  3.4922  3.49253
 3.49279 3.49312 3.49337 3.49317 3.49338 3.49435 3.49436 3.49438 3.49426
 3.49494 3.49544 3.49515 3.49541 3.49557 3.49572 3.49606 3.49642 3.49698
 3.49785 3.49831 3.49853 3.49873 3.49886 3.49927 3.49975 3.49986 3.50029
 3.50048 3.50045 3.50078 3.50157 3.50177 3.50193 3.50252 3.50257 3.50262
 3.50272 3.50286 3.50325 3.50328 3.50367 3.50453 3.5046  3.50495 3.50465
 3.50482 3.5054  3.50537 3.50534 3.50528 3.50506 3.50566 3.50666 3.50651
 3.50711 3.50771 3.50802 3.50849 3.50871 3.5092  3.50885 3.50952 3.50946
 3.50984 3.51023 3.51049 3.51101 3.51105 3.51107 3.51145 3.51143 3.51125
 3.51074 3.51122 3.511   3.51079 3.51057 3.50997 3.50965 3.50921 3.5091
 3.50895 3.5089  3.50865 3.50815 3.50776 3.50751 3.50699 3.50668 3.50613
 3.50571][3.87235 3.87277 3.87291 3.87321 3.87341 3.87367 3.87421 3.87448 3.87517
 3.87568 3.87643 3.87627 3.87652 3.87672 3.87781 3.87851 3.8784  3.87904
 3.87905 3.87989 3.8802  3.88041 3.88065 3.88102 3.88116 3.88164 3.88231
 3.88274 3.88336 3.88324 3.88388 3.88472 3.88543 3.88544 3.88542 3.88531
 3.88536 3.88578 3.88649 3.88639 3.88689 3.88706 3.88726 3.88738 3.88793
 3.88936 3.88986 3.89012 3.89037 3.89123 3.89135 3.89158 3.89157 3.89195
 3.892   3.89275 3.89335 3.8936  3.89308 3.89362 3.89459 3.89468 3.89554
 3.89545 3.89597 3.89665 3.89648 3.89645 3.89689 3.89734 3.8979  3.89834
 3.89843 3.89903 3.8994  3.89972 3.89987 3.90029 3.90038 3.90095 3.90155
 3.90237 3.90246 3.90309 3.90391 3.90397 3.90441 3.9043  3.90472 3.90594
 3.90573 3.90533 3.90466 3.90458 3.90492 3.9043  3.90457 3.90453 3.90432
 3.9042 ]