[1.3437  1.34361 1.34336 1.34337 1.34307 1.34311 1.34309 1.34326 1.34327
 1.34315 1.34319 1.34296 1.34336 1.34322 1.34329 1.34384 1.34365 1.34305
 1.34338 1.34406 1.34393 1.34402 1.34351 1.34318 1.34348 1.34367 1.34328
 1.34282 1.34294 1.34327 1.34336 1.34321 1.34265 1.3419  1.34191 1.34107
 1.34071 1.34019 1.34011 1.33914 1.3387  1.33923 1.33904 1.33892 1.33954
 1.33975 1.3388  1.33837 1.338   1.33806 1.33739 1.33761 1.33747 1.33761
 1.33826 1.33851 1.33834 1.33885 1.33847 1.33858 1.33765 1.33702 1.33628
 1.33586 1.33613 1.33518 1.33502 1.33544 1.3354  1.33516 1.33442 1.33357
 1.3327  1.33158 1.33191 1.33152 1.33143 1.3317  1.33075 1.32981 1.32965
 1.32927 1.32916 1.32834 1.32769 1.32741 1.32752 1.32759 1.327   1.3267
 1.32593 1.3257  1.32584 1.32517 1.3244  1.32407 1.32247 1.32181 1.32155
 1.32154][1.2626  1.26267 1.26245 1.26282 1.26323 1.26306 1.26349 1.26396 1.26373
 1.26428 1.26459 1.26486 1.2654  1.26566 1.2661  1.26571 1.26567 1.26562
 1.26625 1.26684 1.26639 1.2664  1.26623 1.26635 1.26556 1.2652  1.2653
 1.26531 1.26478 1.26473 1.26449 1.26498 1.26488 1.26514 1.26507 1.26472
 1.26447 1.26411 1.26339 1.2634  1.26263 1.26289 1.26238 1.26256 1.26247
 1.26201 1.26224 1.26185 1.262   1.26176 1.26138 1.26043 1.26068 1.26075
 1.26074 1.25973 1.25904 1.25884 1.25879 1.25921 1.25909 1.25925 1.25928
 1.25845 1.25892 1.25918 1.25864 1.25892 1.25908 1.25871 1.25801 1.25821
 1.25801 1.25765 1.25754 1.25687 1.25627 1.25625 1.25626 1.25615 1.25608
 1.25656 1.25587 1.25623 1.25587 1.25505 1.25476 1.25424 1.25393 1.25392
 1.25399 1.25364 1.25351 1.25352 1.25256 1.25282 1.25296 1.25309 1.25302
 1.25308][1.22921 1.2291  1.22925 1.22913 1.22945 1.22933 1.22961 1.22991 1.22938
 1.22951 1.22985 1.23022 1.23057 1.23081 1.23087 1.2314  1.23131 1.23226
 1.23249 1.23264 1.23243 1.23247 1.23254 1.23282 1.23317 1.23331 1.23384
 1.23409 1.23448 1.23481 1.23494 1.23448 1.23426 1.23365 1.23329 1.2332
 1.23245 1.23171 1.23193 1.23166 1.23167 1.23134 1.23104 1.23133 1.23156
 1.23144 1.23156 1.23148 1.23202 1.23137 1.23086 1.23092 1.23089 1.23048
 1.23051 1.23033 1.23034 1.23045 1.23079 1.23094 1.2306  1.23024 1.23067
 1.22998 1.23025 1.23038 1.23005 1.22981 1.23009 1.23041 1.23016 1.23004
 1.23028 1.2296  1.22952 1.22958 1.22968 1.22941 1.22975 1.22931 1.22915
 1.22899 1.22915 1.22934 1.22904 1.22865 1.22805 1.22779 1.22786 1.22769
 1.22776 1.22722 1.22709 1.22711 1.22772 1.22748 1.2268  1.2271  1.22639
 1.22603][1.26445 1.2646  1.26486 1.26451 1.26486 1.26495 1.26548 1.26592 1.26629
 1.26594 1.26663 1.26648 1.2665  1.26643 1.26649 1.26589 1.26594 1.26609
 1.26551 1.26552 1.26539 1.26617 1.2664  1.26628 1.26706 1.26729 1.26766
 1.26796 1.2683  1.26867 1.26884 1.26873 1.26881 1.2687  1.26897 1.26901
 1.26892 1.26862 1.2682  1.26796 1.26809 1.26784 1.26746 1.26723 1.26728
 1.26691 1.26673 1.26567 1.26581 1.266   1.26519 1.26463 1.26425 1.26421
 1.26408 1.26463 1.26413 1.26387 1.26394 1.26396 1.2637  1.26399 1.26374
 1.2629  1.26252 1.26176 1.26206 1.26234 1.2624  1.26316 1.26239 1.26194
 1.26132 1.26123 1.2613  1.26087 1.26038 1.25975 1.25931 1.25957 1.25891
 1.25891 1.25882 1.25908 1.25884 1.25906 1.25908 1.25912 1.2586  1.25831
 1.25854 1.25793 1.25774 1.25762 1.25769 1.2572  1.25669 1.25549 1.25488
 1.25441][1.19688 1.19701 1.19688 1.19776 1.19785 1.1983  1.19843 1.19868 1.19886
 1.19895 1.199   1.19926 1.19958 1.19925 1.19993 1.20035 1.20065 1.20079
 1.20067 1.20067 1.2011  1.20135 1.20136 1.20128 1.20147 1.20139 1.20135
 1.20139 1.20159 1.2013  1.20192 1.20195 1.20202 1.2021  1.20247 1.20267
 1.20289 1.20307 1.20327 1.20382 1.20458 1.20463 1.20409 1.20448 1.20454
 1.20509 1.20492 1.20509 1.20499 1.20464 1.20487 1.2043  1.20413 1.20461
 1.20422 1.20375 1.20352 1.20301 1.20316 1.20268 1.20255 1.20225 1.20215
 1.20271 1.2023  1.20249 1.20289 1.20347 1.20332 1.20296 1.20312 1.20262
 1.20208 1.20171 1.20232 1.20223 1.20159 1.20153 1.20164 1.20117 1.20125
 1.20139 1.20108 1.20059 1.2003  1.19976 1.19927 1.1993  1.19886 1.19885
 1.19898 1.1993  1.19897 1.1993  1.19854 1.19803 1.19714 1.19705 1.19687
 1.19681][1.20993 1.2096  1.20931 1.20925 1.20912 1.20906 1.20903 1.20956 1.20976
 1.21013 1.21019 1.21071 1.21059 1.21079 1.21056 1.21077 1.21065 1.21032
 1.21043 1.21061 1.21108 1.2111  1.2111  1.21122 1.21108 1.211   1.21074
 1.21039 1.21038 1.21081 1.21064 1.21067 1.21088 1.21071 1.21135 1.21109
 1.211   1.21102 1.21113 1.21086 1.21115 1.21081 1.21149 1.21112 1.21191
 1.21221 1.2129  1.21323 1.21295 1.21311 1.21349 1.21379 1.21434 1.21435
 1.21442 1.21434 1.21463 1.21501 1.21528 1.21562 1.21589 1.21558 1.21538
 1.21532 1.21584 1.21584 1.21545 1.21474 1.21473 1.21483 1.21503 1.21451
 1.21393 1.21396 1.21431 1.21462 1.21471 1.21442 1.21442 1.21424 1.21399
 1.21356 1.2132  1.21276 1.21246 1.21296 1.21309 1.21297 1.21378 1.21379
 1.21365 1.21338 1.21288 1.21264 1.21239 1.21199 1.21159 1.21128 1.2112
 1.21117][1.20892 1.20908 1.20942 1.20963 1.20938 1.20901 1.20933 1.20886 1.209
 1.20868 1.20872 1.20904 1.20915 1.20844 1.20878 1.20907 1.20908 1.20937
 1.20947 1.20973 1.20948 1.20911 1.20869 1.2089  1.20912 1.20915 1.21002
 1.21005 1.20957 1.2097  1.20946 1.20945 1.2093  1.20918 1.2091  1.2092
 1.20896 1.20928 1.20941 1.21008 1.20992 1.20977 1.21022 1.2102  1.21024
 1.21021 1.21014 1.21057 1.21022 1.21031 1.2104  1.21059 1.21092 1.21147
 1.21176 1.21175 1.21226 1.21266 1.21285 1.21321 1.21265 1.21277 1.21269
 1.21363 1.21408 1.21413 1.21453 1.21478 1.21428 1.21446 1.21453 1.21473
 1.21463 1.21486 1.21475 1.21448 1.2149  1.21467 1.21444 1.21418 1.21417
 1.21422 1.21369 1.21273 1.21256 1.21283 1.21256 1.21242 1.212   1.2122
 1.21147 1.21114 1.21057 1.2105  1.21019 1.21052 1.2107  1.21032 1.21038
 1.20973][1.17395 1.17405 1.17373 1.17401 1.17424 1.17433 1.17437 1.17441 1.17461
 1.17509 1.17552 1.17511 1.17545 1.17546 1.17597 1.17626 1.17616 1.17622
 1.17599 1.17637 1.17642 1.17592 1.17637 1.17634 1.17677 1.177   1.17673
 1.17649 1.17652 1.17674 1.17688 1.17726 1.17693 1.17699 1.17715 1.17696
 1.17681 1.1777  1.1776  1.17753 1.1777  1.17785 1.17784 1.17855 1.17872
 1.17931 1.17912 1.17902 1.17956 1.17979 1.18044 1.18048 1.18083 1.18151
 1.18154 1.18148 1.18158 1.18119 1.18129 1.18083 1.1809  1.18159 1.18179
 1.1816  1.18181 1.18183 1.18155 1.1817  1.18116 1.18064 1.18088 1.18087
 1.18099 1.18148 1.18208 1.18239 1.18307 1.18268 1.18315 1.18293 1.18255
 1.18239 1.18253 1.18253 1.18267 1.18282 1.18283 1.18256 1.18178 1.1817
 1.18199 1.18199 1.1818  1.18185 1.18102 1.18021 1.18041 1.1805  1.18053
 1.18035][1.15574 1.15593 1.15612 1.15561 1.15567 1.15602 1.15643 1.15668 1.15667
 1.15694 1.15662 1.15721 1.15765 1.1574  1.15761 1.15797 1.15747 1.15752
 1.15771 1.15792 1.15788 1.15843 1.15802 1.15812 1.15796 1.15773 1.15814
 1.15759 1.15743 1.1577  1.15827 1.15871 1.15873 1.15832 1.15841 1.15848
 1.15915 1.15912 1.15893 1.15853 1.15836 1.15854 1.15906 1.15918 1.15956
 1.16008 1.16004 1.15954 1.15994 1.15972 1.15974 1.15967 1.15989 1.16067
 1.16108 1.16182 1.16198 1.16155 1.16195 1.16192 1.16267 1.16211 1.16275
 1.1628  1.16272 1.16345 1.16326 1.16324 1.16345 1.16385 1.16437 1.16465
 1.16482 1.16555 1.16574 1.16515 1.16481 1.165   1.16501 1.16505 1.16524
 1.16559 1.16552 1.16548 1.16515 1.16523 1.16639 1.16708 1.1668  1.16601
 1.16606 1.16632 1.16655 1.16601 1.1653  1.16534 1.165   1.1651  1.16557
 1.1653 ][1.12209 1.12158 1.12231 1.12224 1.12241 1.12222 1.12244 1.12241 1.12265
 1.12289 1.12302 1.12306 1.12355 1.12385 1.12404 1.12397 1.12404 1.12398
 1.12459 1.12488 1.12455 1.12506 1.12506 1.12515 1.12579 1.12625 1.12624
 1.12642 1.12681 1.12731 1.12767 1.12769 1.12802 1.1282  1.12848 1.12893
 1.12942 1.12981 1.13005 1.13045 1.13053 1.13047 1.13109 1.13046 1.13088
 1.13114 1.1312  1.13164 1.13183 1.13159 1.13172 1.13173 1.13183 1.13193
 1.13197 1.13173 1.1324  1.13254 1.13272 1.13279 1.13257 1.13271 1.13283
 1.13284 1.13281 1.13272 1.13308 1.13332 1.1336  1.13406 1.13395 1.13423
 1.1344  1.13462 1.13483 1.13515 1.13494 1.13444 1.13441 1.13476 1.13497
 1.13513 1.13518 1.1351  1.13524 1.13571 1.13573 1.13605 1.1361  1.13628
 1.13582 1.1359  1.13595 1.13568 1.13577 1.13548 1.13558 1.13597 1.13566
 1.13584]