[1.37891 1.37943 1.37956 1.37942 1.37962 1.37988 1.38038 1.38039 1.3812
 1.38117 1.38113 1.38093 1.3814  1.38165 1.38144 1.38124 1.3812  1.38074
 1.38091 1.38106 1.38136 1.38135 1.38109 1.38031 1.38023 1.38005 1.38005
 1.38013 1.381   1.38133 1.38133 1.38086 1.38119 1.38122 1.38171 1.38104
 1.38022 1.38006 1.37964 1.38028 1.37996 1.37967 1.37969 1.37938 1.38016
 1.38032 1.38035 1.37926 1.3784  1.3781  1.37808 1.37788 1.3777  1.37763
 1.37721 1.37756 1.37797 1.37714 1.37608 1.37635 1.37581 1.37505 1.37493
 1.37541 1.37494 1.37398 1.37493 1.37472 1.37452 1.37478 1.37547 1.37574
 1.37554 1.37604 1.37639 1.37697 1.37772 1.37706 1.3766  1.3767  1.3765
 1.37716 1.37661 1.37652 1.37607 1.37653 1.37603 1.37533 1.37481 1.37434
 1.37327 1.37243 1.37197 1.37163 1.37053 1.369   1.36842 1.36858 1.3681
 1.36773][1.45026 1.45077 1.45068 1.45077 1.45113 1.45134 1.45137 1.45145 1.45154
 1.45177 1.45129 1.45141 1.4515  1.45216 1.45228 1.45261 1.45353 1.45387
 1.45455 1.45435 1.45374 1.45423 1.45416 1.45423 1.4545  1.45345 1.45316
 1.45343 1.45278 1.45282 1.45319 1.45305 1.45327 1.45288 1.4521  1.45181
 1.45123 1.4501  1.44914 1.44943 1.44959 1.44943 1.44865 1.44856 1.44792
 1.44687 1.44641 1.44671 1.44643 1.44672 1.44716 1.44692 1.44687 1.44709
 1.44706 1.44591 1.44509 1.44443 1.44244 1.44194 1.44076 1.44063 1.44051
 1.44059 1.44019 1.44091 1.44013 1.4398  1.43976 1.4397  1.43831 1.43672
 1.43632 1.43622 1.43567 1.43542 1.43576 1.43537 1.43395 1.43369 1.43285
 1.4324  1.43296 1.43248 1.43264 1.43291 1.43256 1.4319  1.43159 1.43198
 1.43065 1.43042 1.43143 1.43117 1.43099 1.43048 1.43024 1.42981 1.42966
 1.42979][1.43356 1.43375 1.43373 1.43323 1.43345 1.43311 1.43302 1.43357 1.43353
 1.43357 1.43371 1.4335  1.43397 1.43457 1.43455 1.4352  1.43511 1.43501
 1.43473 1.4353  1.43573 1.43635 1.43732 1.43716 1.43725 1.43785 1.438
 1.43853 1.43856 1.43867 1.43836 1.43744 1.43748 1.43737 1.43705 1.43686
 1.43703 1.43672 1.43667 1.43629 1.43588 1.4354  1.43554 1.43508 1.43525
 1.43517 1.43494 1.43512 1.4343  1.43458 1.43393 1.43423 1.43446 1.43377
 1.43338 1.43296 1.43249 1.43237 1.43224 1.43164 1.43041 1.43061 1.43104
 1.43073 1.43038 1.43045 1.43131 1.42988 1.42904 1.42867 1.42784 1.42718
 1.42752 1.42686 1.42606 1.42548 1.42536 1.42538 1.42532 1.42443 1.42433
 1.42314 1.42177 1.42168 1.42172 1.42167 1.4218  1.42116 1.42082 1.41951
 1.41839 1.4181  1.41804 1.41856 1.41838 1.4179  1.41793 1.41607 1.41598
 1.41568][1.35366 1.35359 1.35321 1.35361 1.35364 1.35333 1.35315 1.35337 1.35342
 1.35388 1.35421 1.35424 1.35531 1.35562 1.35572 1.35604 1.35606 1.35614
 1.35635 1.35662 1.35648 1.35683 1.35707 1.35735 1.35815 1.35855 1.35854
 1.35903 1.35939 1.36057 1.36053 1.36058 1.36043 1.36119 1.36191 1.36259
 1.36279 1.3632  1.36409 1.36412 1.36429 1.36352 1.36247 1.36244 1.36236
 1.36321 1.36323 1.3632  1.36296 1.3633  1.36312 1.36308 1.36259 1.36217
 1.36146 1.36081 1.36118 1.36091 1.35922 1.35894 1.35782 1.35802 1.35732
 1.35712 1.35739 1.35762 1.35746 1.357   1.35627 1.35653 1.35626 1.35521
 1.35412 1.35337 1.35243 1.35254 1.35198 1.35256 1.35174 1.35156 1.35135
 1.35135 1.35133 1.35109 1.35074 1.35095 1.35055 1.35081 1.3494  1.34901
 1.34888 1.34822 1.3466  1.34678 1.34641 1.34634 1.34643 1.34618 1.34607
 1.34609][1.35761 1.35798 1.35818 1.35804 1.35801 1.35809 1.35809 1.35795 1.35785
 1.35803 1.35836 1.35822 1.35771 1.35806 1.3587  1.35898 1.3597  1.36029
 1.36071 1.36121 1.36104 1.36081 1.36131 1.36173 1.36138 1.3612  1.36166
 1.36134 1.36136 1.3618  1.36213 1.36195 1.36189 1.36228 1.36169 1.362
 1.36215 1.36219 1.36175 1.36244 1.36263 1.36249 1.36243 1.36247 1.36258
 1.36279 1.36324 1.36344 1.3643  1.36471 1.36372 1.36366 1.36273 1.36251
 1.36184 1.36153 1.36176 1.3621  1.36128 1.36101 1.36055 1.36011 1.36042
 1.35964 1.3596  1.35971 1.36018 1.35931 1.35966 1.35906 1.3593  1.35891
 1.35903 1.35837 1.35814 1.35809 1.35827 1.35809 1.35768 1.35668 1.35651
 1.35628 1.35607 1.35592 1.35599 1.35515 1.35443 1.35385 1.3533  1.35219
 1.35212 1.35175 1.35151 1.35127 1.35118 1.35089 1.35072 1.34996 1.34961
 1.34968][1.30204 1.30215 1.30189 1.3021  1.30235 1.30278 1.30315 1.30351 1.30365
 1.30368 1.30401 1.30436 1.30424 1.30415 1.30394 1.30377 1.30406 1.30397
 1.30449 1.30503 1.30503 1.30564 1.30491 1.30495 1.30447 1.30503 1.30549
 1.30524 1.30536 1.30505 1.30468 1.3046  1.30419 1.30451 1.30469 1.30463
 1.30552 1.3061  1.30607 1.30617 1.30597 1.30602 1.30717 1.30643 1.30633
 1.30708 1.30815 1.30886 1.3087  1.30889 1.30889 1.30877 1.30891 1.30881
 1.30902 1.3095  1.31    1.30931 1.30909 1.30964 1.30907 1.30842 1.30873
 1.30822 1.3076  1.30745 1.30714 1.30715 1.30676 1.30613 1.30586 1.30654
 1.3054  1.30507 1.30507 1.30487 1.30518 1.30518 1.30554 1.30548 1.30598
 1.30593 1.30617 1.30646 1.30622 1.30641 1.30656 1.30593 1.30616 1.30634
 1.30659 1.30624 1.30538 1.30421 1.30426 1.30359 1.30369 1.30334 1.30323
 1.303  ][1.2349  1.23529 1.23539 1.23513 1.23519 1.23565 1.23563 1.23544 1.23543
 1.23532 1.23575 1.23615 1.23626 1.23654 1.23653 1.23647 1.23712 1.23756
 1.23762 1.23774 1.23759 1.23746 1.23735 1.23785 1.23828 1.23887 1.23918
 1.23926 1.23916 1.23897 1.23865 1.23899 1.23878 1.23926 1.23899 1.23888
 1.23945 1.2393  1.23965 1.24012 1.24032 1.24038 1.24057 1.24111 1.24133
 1.24165 1.24233 1.24212 1.24214 1.24179 1.24183 1.24196 1.2424  1.2426
 1.24313 1.24324 1.24406 1.24413 1.24496 1.24543 1.246   1.24619 1.2463
 1.24659 1.24704 1.24698 1.24706 1.24721 1.24733 1.24749 1.24778 1.24711
 1.24686 1.24709 1.2469  1.24558 1.2458  1.24574 1.24604 1.24551 1.24627
 1.24587 1.24533 1.24582 1.24574 1.24499 1.24468 1.24499 1.24536 1.2459
 1.24516 1.24519 1.24496 1.24547 1.24588 1.24558 1.24515 1.24634 1.24613
 1.24589][1.26527 1.26528 1.26559 1.2661  1.26566 1.26591 1.26619 1.26616 1.26612
 1.26667 1.26711 1.268   1.26739 1.26719 1.26795 1.26757 1.26804 1.26811
 1.26786 1.26805 1.26814 1.26891 1.26893 1.26911 1.26939 1.26946 1.26965
 1.26894 1.26878 1.26817 1.26776 1.2689  1.26893 1.26889 1.26875 1.26926
 1.26933 1.26951 1.26928 1.26947 1.27016 1.27042 1.2701  1.27018 1.27012
 1.27006 1.27031 1.27057 1.27082 1.27053 1.27078 1.27057 1.27128 1.27141
 1.27223 1.27189 1.27207 1.27219 1.2724  1.27255 1.27251 1.27247 1.27219
 1.27206 1.27235 1.27236 1.27247 1.27259 1.27255 1.2728  1.27298 1.27355
 1.27408 1.27353 1.27363 1.27315 1.27294 1.27344 1.27344 1.27473 1.27483
 1.27433 1.27453 1.27509 1.27478 1.27448 1.27398 1.27451 1.27395 1.27352
 1.27328 1.27249 1.2723  1.27177 1.27183 1.27203 1.27173 1.27157 1.27183
 1.27102][1.22289 1.22294 1.22305 1.2231  1.22327 1.22329 1.2236  1.22372 1.22386
 1.22376 1.22368 1.22419 1.22412 1.22358 1.22326 1.22344 1.22331 1.22332
 1.2231  1.22293 1.22347 1.2243  1.22523 1.22503 1.22495 1.22501 1.22553
 1.22525 1.22522 1.22562 1.22522 1.22513 1.225   1.22498 1.22467 1.22526
 1.22586 1.22652 1.22722 1.22712 1.2267  1.22714 1.22759 1.2281  1.22847
 1.2287  1.22846 1.22867 1.22926 1.22914 1.22982 1.23001 1.23019 1.23015
 1.22992 1.22997 1.22996 1.2305  1.23115 1.23118 1.23125 1.23139 1.23194
 1.23249 1.23278 1.23282 1.2334  1.23423 1.23447 1.2343  1.23498 1.2351
 1.23491 1.23525 1.23624 1.23632 1.23599 1.23672 1.23574 1.23571 1.23614
 1.23623 1.23656 1.23703 1.23669 1.23673 1.23678 1.23713 1.23772 1.23829
 1.23841 1.23882 1.23846 1.23758 1.23746 1.23736 1.23743 1.23722 1.23672
 1.23605][1.17961 1.17991 1.18023 1.1803  1.1797  1.17938 1.17929 1.17931 1.17944
 1.17996 1.17963 1.18018 1.1805  1.18117 1.18114 1.18156 1.18164 1.1825
 1.18268 1.18248 1.18238 1.18288 1.18356 1.18392 1.18374 1.18436 1.18378
 1.18388 1.18383 1.18411 1.184   1.18355 1.18398 1.18351 1.18418 1.18395
 1.18421 1.18381 1.18377 1.18362 1.1835  1.18327 1.18374 1.18396 1.1845
 1.18481 1.18504 1.18498 1.18524 1.18526 1.18592 1.18631 1.18733 1.1876
 1.1878  1.1877  1.18817 1.18813 1.18831 1.18891 1.1892  1.18903 1.18914
 1.1894  1.18944 1.18967 1.19001 1.19076 1.19062 1.19099 1.19181 1.19207
 1.19195 1.19241 1.1926  1.19377 1.19361 1.19337 1.1936  1.19434 1.19408
 1.19478 1.19481 1.19538 1.19565 1.1958  1.19646 1.19742 1.19798 1.19832
 1.19858 1.19839 1.19861 1.19849 1.1984  1.19845 1.1992  1.19966 1.19993
 1.19992]