[1.15135 1.15144 1.15136 1.15117 1.15136 1.1513  1.15147 1.15137 1.15162
 1.15176 1.15157 1.15159 1.15151 1.15125 1.15172 1.15183 1.15145 1.15154
 1.15187 1.15211 1.15171 1.15198 1.15156 1.15149 1.15161 1.15155 1.15087
 1.15096 1.15054 1.14989 1.15026 1.15035 1.14996 1.15034 1.15016 1.14988
 1.14975 1.14978 1.14937 1.14967 1.14989 1.15026 1.15016 1.14998 1.14973
 1.14914 1.14839 1.14838 1.14806 1.14782 1.14765 1.14834 1.14854 1.14805
 1.14778 1.14785 1.1473  1.1474  1.14705 1.1473  1.14687 1.14662 1.14631
 1.14594 1.14512 1.14532 1.14511 1.14439 1.14398 1.1434  1.14306 1.14343
 1.14325 1.14285 1.14248 1.14211 1.14167 1.14164 1.14104 1.14089 1.14034
 1.14005 1.13957 1.13982 1.13958 1.13928 1.1393  1.13954 1.13909 1.13888
 1.13897 1.1386  1.13843 1.13794 1.13753 1.13727 1.13718 1.13718 1.13659
 1.13643][1.17928 1.17955 1.17956 1.17971 1.17946 1.18012 1.1803  1.18106 1.18073
 1.18104 1.18087 1.1812  1.18122 1.1802  1.18022 1.18115 1.1809  1.1812
 1.18124 1.18196 1.18181 1.18158 1.18144 1.18183 1.18127 1.1814  1.18138
 1.18115 1.18029 1.17949 1.17898 1.17876 1.17879 1.17834 1.17865 1.17816
 1.17843 1.17817 1.17801 1.17813 1.17871 1.17838 1.1776  1.17815 1.17727
 1.17753 1.17689 1.17667 1.17602 1.17624 1.1759  1.1757  1.17545 1.17527
 1.17472 1.17433 1.17467 1.17504 1.17515 1.17524 1.17496 1.17493 1.17505
 1.17499 1.17452 1.17416 1.17374 1.17335 1.17335 1.17357 1.17347 1.17306
 1.17246 1.17261 1.17224 1.17193 1.17117 1.17102 1.17105 1.17059 1.17087
 1.17102 1.17081 1.17067 1.1705  1.17116 1.1708  1.17061 1.17032 1.17048
 1.17005 1.1703  1.17011 1.16999 1.17002 1.17028 1.1701  1.16963 1.1694
 1.16915][1.19261 1.19285 1.19312 1.19296 1.1927  1.19301 1.19336 1.19378 1.19364
 1.19376 1.1936  1.19319 1.19334 1.19353 1.19424 1.1947  1.19471 1.19489
 1.19451 1.1941  1.19426 1.19474 1.19484 1.1954  1.19571 1.19589 1.19568
 1.19566 1.19571 1.19594 1.19571 1.19546 1.19528 1.19459 1.19419 1.19301
 1.19277 1.19288 1.19294 1.19313 1.19292 1.1933  1.19343 1.19321 1.1933
 1.19319 1.19341 1.19322 1.19306 1.19273 1.19253 1.19226 1.19176 1.19111
 1.19017 1.18938 1.18915 1.18919 1.18931 1.18925 1.18881 1.1892  1.18885
 1.18815 1.18763 1.18769 1.18758 1.18734 1.18782 1.18766 1.18753 1.18767
 1.18781 1.18733 1.18683 1.18667 1.18672 1.18714 1.18759 1.18771 1.18748
 1.18744 1.1874  1.18742 1.18734 1.18709 1.18727 1.18706 1.18725 1.18676
 1.18698 1.18651 1.18675 1.18634 1.1855  1.18547 1.18534 1.18516 1.18463
 1.18451][1.20326 1.20318 1.20329 1.20343 1.20352 1.20361 1.20384 1.20409 1.20392
 1.20399 1.20387 1.20393 1.20398 1.20369 1.20357 1.20315 1.2034  1.20373
 1.2039  1.20393 1.20406 1.20418 1.20452 1.2052  1.20524 1.20561 1.20571
 1.20569 1.20567 1.20667 1.20663 1.20696 1.20686 1.20748 1.20684 1.20697
 1.20704 1.20679 1.20714 1.20742 1.20805 1.20735 1.20682 1.20703 1.20673
 1.20667 1.20609 1.20635 1.20617 1.20581 1.20568 1.2054  1.20571 1.20613
 1.2058  1.2058  1.20538 1.2053  1.20519 1.20476 1.20445 1.20487 1.2048
 1.20478 1.20455 1.20471 1.20488 1.20451 1.20434 1.20385 1.20363 1.20351
 1.20318 1.20371 1.20359 1.20317 1.2029  1.20232 1.2023  1.20182 1.20184
 1.20161 1.20109 1.2002  1.19999 1.19955 1.19942 1.19911 1.19894 1.1986
 1.19874 1.19856 1.19813 1.19726 1.19747 1.197   1.19669 1.19611 1.19625
 1.19609][1.24992 1.25006 1.25081 1.25104 1.25131 1.25157 1.25178 1.25247 1.2529
 1.25306 1.25345 1.254   1.25434 1.25416 1.2549  1.25502 1.2551  1.2551
 1.25514 1.25483 1.25494 1.25553 1.25619 1.25677 1.25655 1.25713 1.25725
 1.25733 1.25719 1.25744 1.25723 1.25732 1.25801 1.25823 1.25827 1.25891
 1.25876 1.25821 1.25794 1.25761 1.2584  1.25833 1.25863 1.25849 1.25851
 1.25901 1.25937 1.25977 1.25956 1.25935 1.25925 1.25919 1.25873 1.25886
 1.25887 1.259   1.25889 1.25887 1.25873 1.2588  1.25847 1.25851 1.25757
 1.25668 1.25642 1.25641 1.25633 1.25642 1.25624 1.25517 1.25546 1.25543
 1.25538 1.25483 1.25449 1.25433 1.25413 1.25339 1.25286 1.25289 1.25289
 1.25278 1.25234 1.25247 1.25251 1.25195 1.25136 1.25154 1.25096 1.25022
 1.24995 1.25    1.24992 1.2492  1.24865 1.24868 1.24833 1.24788 1.24787
 1.24754][1.24566 1.24553 1.2462  1.24603 1.24622 1.24618 1.24654 1.24706 1.24674
 1.24676 1.24674 1.24662 1.24678 1.2475  1.24741 1.24729 1.24754 1.24758
 1.24728 1.24747 1.24779 1.24759 1.2482  1.24869 1.24846 1.24879 1.24872
 1.24848 1.24848 1.24907 1.24956 1.25033 1.24982 1.2499  1.24998 1.25058
 1.25119 1.25124 1.25159 1.25161 1.25189 1.25245 1.25284 1.25197 1.25199
 1.25271 1.25261 1.25266 1.25336 1.25389 1.25445 1.25499 1.25508 1.25511
 1.25488 1.25477 1.25504 1.25495 1.25565 1.2558  1.25565 1.25611 1.25629
 1.25615 1.25533 1.2548  1.25456 1.25513 1.25445 1.25408 1.25407 1.25381
 1.25361 1.25325 1.25328 1.25258 1.2521  1.25173 1.25175 1.25157 1.2516
 1.25117 1.25053 1.25012 1.24982 1.24972 1.24932 1.2489  1.24931 1.24859
 1.24816 1.24748 1.24799 1.24751 1.24726 1.24713 1.24695 1.24679 1.24616
 1.24627][1.2728  1.27343 1.27372 1.27418 1.27492 1.27527 1.27517 1.27569 1.27636
 1.27699 1.27755 1.27743 1.27766 1.27839 1.2781  1.27882 1.27857 1.27884
 1.27899 1.27915 1.27979 1.27977 1.27948 1.27966 1.27971 1.28018 1.2801
 1.27953 1.28064 1.28011 1.28081 1.2812  1.28098 1.2809  1.28022 1.28046
 1.28059 1.28043 1.28021 1.28106 1.28143 1.28104 1.28114 1.28065 1.2803
 1.28057 1.27991 1.27978 1.27947 1.27892 1.27901 1.27983 1.28022 1.2803
 1.28084 1.28132 1.28222 1.28197 1.28134 1.28162 1.28154 1.28227 1.28305
 1.28377 1.28359 1.28344 1.28359 1.28486 1.28521 1.28552 1.28492 1.28448
 1.28372 1.28328 1.28332 1.28302 1.28278 1.28212 1.28147 1.28073 1.28016
 1.28035 1.27994 1.28051 1.28011 1.27955 1.27979 1.27942 1.27895 1.27868
 1.27785 1.27728 1.27708 1.2772  1.27739 1.27678 1.2764  1.27571 1.27518
 1.2754 ][1.26736 1.26729 1.26689 1.267   1.26682 1.26687 1.26669 1.26639 1.26668
 1.26723 1.26725 1.26692 1.26679 1.26728 1.26735 1.26727 1.26738 1.26761
 1.26748 1.26799 1.26763 1.26744 1.2676  1.26797 1.26838 1.26819 1.26776
 1.26794 1.26822 1.26806 1.26769 1.2679  1.26808 1.26839 1.26818 1.26898
 1.26899 1.2693  1.26981 1.27076 1.27073 1.27126 1.27152 1.27114 1.27135
 1.27118 1.27125 1.27162 1.2715  1.27156 1.2717  1.27156 1.27172 1.2719
 1.27238 1.27256 1.27323 1.27364 1.27381 1.27373 1.27401 1.27403 1.27439
 1.27521 1.27548 1.27582 1.27584 1.27594 1.27587 1.27593 1.27641 1.27678
 1.2767  1.27698 1.277   1.27685 1.27675 1.27773 1.27813 1.27862 1.27849
 1.27813 1.27782 1.27727 1.27774 1.2771  1.27772 1.27734 1.27706 1.27696
 1.27651 1.27601 1.27608 1.27586 1.27591 1.27594 1.27621 1.27598 1.27636
 1.27632][1.29432 1.29412 1.29402 1.29456 1.29458 1.29457 1.29399 1.29383 1.29408
 1.29352 1.29407 1.29362 1.29386 1.29378 1.2946  1.29525 1.2953  1.29514
 1.29495 1.29541 1.29522 1.29544 1.29566 1.29536 1.29562 1.2958  1.29567
 1.29571 1.2962  1.29621 1.29668 1.29721 1.29699 1.29766 1.29749 1.29685
 1.29749 1.29788 1.29802 1.29776 1.29792 1.29777 1.29781 1.29797 1.29808
 1.29815 1.29875 1.29912 1.29943 1.29989 1.29992 1.29982 1.29977 1.29989
 1.30032 1.30036 1.29982 1.29993 1.3004  1.30077 1.30067 1.30121 1.30205
 1.30247 1.30253 1.30209 1.30191 1.30161 1.30133 1.30163 1.30171 1.30237
 1.30304 1.30327 1.30364 1.30425 1.30497 1.30592 1.30553 1.30619 1.30594
 1.30564 1.306   1.30633 1.30651 1.30662 1.30659 1.30726 1.30774 1.30798
 1.30848 1.30854 1.3086  1.30818 1.30743 1.3066  1.30561 1.30635 1.30684
 1.30734][1.35105 1.3514  1.35163 1.352   1.35188 1.35176 1.35151 1.35059 1.35064
 1.35105 1.35151 1.35202 1.35276 1.35293 1.35314 1.35323 1.35304 1.35337
 1.35395 1.35445 1.35472 1.35533 1.35553 1.35526 1.35555 1.3562  1.35623
 1.35591 1.35591 1.35629 1.35777 1.35907 1.35956 1.36075 1.36117 1.36048
 1.36111 1.36145 1.36153 1.36256 1.36251 1.36347 1.36336 1.3637  1.36333
 1.36385 1.36409 1.36363 1.36297 1.36294 1.36268 1.36184 1.36132 1.3614
 1.36223 1.36229 1.36305 1.3642  1.36381 1.36361 1.36368 1.36435 1.36488
 1.36502 1.36511 1.36559 1.36529 1.36609 1.36719 1.36732 1.36719 1.36661
 1.36807 1.36852 1.36896 1.36883 1.36907 1.36907 1.37025 1.37006 1.37021
 1.3703  1.37073 1.37028 1.37096 1.3709  1.37234 1.37198 1.37175 1.37255
 1.37285 1.37333 1.37403 1.37484 1.37529 1.37561 1.37601 1.37583 1.37561
 1.37529]