[1.44854 1.44845 1.44841 1.44842 1.44838 1.44842 1.44838 1.44835 1.4484
 1.44843 1.44846 1.44849 1.44847 1.44844 1.44847 1.44845 1.44843 1.44845
 1.44844 1.44844 1.44844 1.44841 1.44844 1.44843 1.44841 1.44841 1.44844
 1.44838 1.44838 1.44831 1.44833 1.44835 1.44833 1.44833 1.44827 1.44828
 1.44828 1.44829 1.44828 1.44827 1.44829 1.44833 1.44829 1.44826 1.44825
 1.44825 1.44825 1.44827 1.44829 1.44825 1.44826 1.44826 1.44828 1.44834
 1.44829 1.44828 1.44826 1.44823 1.44823 1.44823 1.44817 1.44821 1.44827
 1.44826 1.44824 1.44827 1.44829 1.44825 1.44825 1.44825 1.44828 1.44828
 1.44832 1.44832 1.44829 1.44822 1.44821 1.44818 1.44819 1.44824 1.44824
 1.44817 1.44817 1.44817 1.44821 1.44821 1.44823 1.44825 1.44823 1.44823
 1.44815 1.44815 1.44821 1.44818 1.44816 1.44816 1.44814 1.44812 1.44807
 1.44804][1.44981 1.44983 1.44987 1.44989 1.44989 1.44993 1.44991 1.44994 1.44997
 1.44998 1.44996 1.44993 1.4499  1.44995 1.44986 1.44991 1.44984 1.44982
 1.44981 1.44982 1.44979 1.44976 1.44978 1.44977 1.4498  1.44976 1.44979
 1.44978 1.44971 1.44971 1.44968 1.44968 1.44961 1.44955 1.44957 1.44952
 1.4495  1.44949 1.44947 1.4495  1.44947 1.44952 1.44948 1.4495  1.44947
 1.44949 1.44949 1.44949 1.4495  1.44945 1.44944 1.44942 1.44941 1.44941
 1.44941 1.44939 1.44937 1.44937 1.44936 1.44936 1.44933 1.44936 1.44934
 1.44932 1.44932 1.44935 1.44934 1.4493  1.44928 1.44931 1.44935 1.44935
 1.44932 1.4493  1.44932 1.44932 1.44933 1.44933 1.44934 1.44932 1.44933
 1.44924 1.44922 1.4492  1.44917 1.44917 1.44914 1.44915 1.44916 1.4491
 1.4491  1.44907 1.44904 1.44907 1.44902 1.44901 1.44899 1.44899 1.44903
 1.44903][1.43732 1.43731 1.43733 1.43733 1.43734 1.43737 1.4374  1.43737 1.43733
 1.43737 1.43737 1.43728 1.43733 1.43733 1.43737 1.43738 1.43741 1.43739
 1.43741 1.43743 1.43742 1.43739 1.43733 1.43736 1.43732 1.43727 1.43722
 1.43719 1.4372  1.43721 1.43729 1.43724 1.4372  1.4372  1.43723 1.43722
 1.43722 1.43719 1.43715 1.43711 1.43712 1.43716 1.43715 1.43716 1.43712
 1.43713 1.43714 1.43709 1.4371  1.43709 1.43709 1.43708 1.43707 1.43709
 1.43708 1.4371  1.43706 1.43713 1.4371  1.43704 1.43706 1.43706 1.43703
 1.43706 1.43698 1.43694 1.43692 1.43689 1.43683 1.43682 1.43679 1.43678
 1.43677 1.43676 1.43673 1.4367  1.43662 1.43664 1.43662 1.43661 1.43659
 1.43655 1.43656 1.4366  1.43663 1.43668 1.43667 1.43665 1.43664 1.43663
 1.43661 1.43668 1.43664 1.43666 1.43662 1.43656 1.4365  1.43653 1.43652
 1.43651][1.42897 1.42896 1.42899 1.42904 1.42912 1.42914 1.42913 1.42916 1.42916
 1.42915 1.42915 1.42916 1.42915 1.42914 1.42915 1.42916 1.42917 1.42918
 1.42919 1.4292  1.42923 1.42925 1.42926 1.42928 1.42928 1.42928 1.42925
 1.42928 1.4293  1.42932 1.42927 1.42922 1.42925 1.42922 1.42924 1.4292
 1.42922 1.42919 1.42914 1.42917 1.42914 1.42913 1.4291  1.42904 1.42904
 1.42903 1.42904 1.42899 1.42897 1.42894 1.42894 1.4289  1.42886 1.42883
 1.42883 1.42882 1.42882 1.42873 1.42873 1.42871 1.42872 1.42868 1.42866
 1.42867 1.42863 1.42865 1.42862 1.42861 1.42864 1.42864 1.42859 1.42858
 1.42858 1.42854 1.42858 1.42857 1.42861 1.42854 1.42852 1.42853 1.42848
 1.42846 1.42846 1.42845 1.42843 1.42843 1.42847 1.4284  1.42839 1.4284
 1.42839 1.42841 1.42834 1.42827 1.42826 1.42825 1.42827 1.42825 1.42825
 1.42825][1.45129 1.45129 1.45127 1.45127 1.45127 1.45126 1.45126 1.45129 1.45129
 1.4513  1.45135 1.45137 1.45138 1.45138 1.45138 1.45144 1.45142 1.45141
 1.45145 1.45147 1.45151 1.45151 1.45151 1.45154 1.45159 1.45155 1.45153
 1.45147 1.45146 1.45148 1.4515  1.45155 1.45157 1.45153 1.45158 1.4516
 1.45159 1.45161 1.45158 1.45158 1.4516  1.45155 1.45156 1.45153 1.45152
 1.45154 1.45157 1.45157 1.45152 1.45154 1.45154 1.45153 1.4515  1.45148
 1.45147 1.45148 1.4514  1.45139 1.45141 1.45141 1.45142 1.45137 1.45135
 1.45132 1.45128 1.4513  1.45122 1.45118 1.45115 1.45113 1.45116 1.45117
 1.4512  1.45122 1.45118 1.45117 1.45117 1.45109 1.4511  1.45112 1.45111
 1.45111 1.45106 1.45105 1.45108 1.45105 1.45102 1.45105 1.45102 1.451
 1.45098 1.45097 1.45094 1.45093 1.45093 1.45091 1.45088 1.45089 1.45088
 1.45087][1.4477  1.44768 1.44771 1.44773 1.44771 1.44775 1.44773 1.44774 1.44772
 1.44775 1.44774 1.44777 1.44776 1.44775 1.44781 1.44781 1.44782 1.44787
 1.44787 1.44788 1.44784 1.44786 1.44784 1.44785 1.44786 1.44791 1.4479
 1.44791 1.44789 1.44793 1.44792 1.44793 1.44794 1.44796 1.44794 1.44796
 1.448   1.44803 1.44803 1.44804 1.44804 1.44803 1.44805 1.44806 1.44805
 1.44804 1.44804 1.44804 1.44807 1.44804 1.44806 1.44805 1.44804 1.44801
 1.448   1.44803 1.44802 1.44804 1.44803 1.44804 1.44803 1.44805 1.44802
 1.44802 1.44803 1.44803 1.44801 1.44801 1.44801 1.44802 1.44802 1.44794
 1.44791 1.44786 1.44788 1.44785 1.44787 1.44788 1.44788 1.44786 1.44785
 1.44791 1.44793 1.44795 1.44795 1.44788 1.44791 1.44793 1.44793 1.44792
 1.44786 1.44784 1.44781 1.4478  1.4478  1.44781 1.44781 1.44781 1.44779
 1.44779][1.42804 1.42806 1.42809 1.42809 1.42809 1.4281  1.42811 1.42808 1.42813
 1.42813 1.42813 1.42814 1.42814 1.42813 1.4281  1.42808 1.4281  1.42808
 1.42812 1.42812 1.42813 1.42811 1.42811 1.42814 1.42815 1.42816 1.42818
 1.42818 1.42816 1.42816 1.42813 1.42814 1.4282  1.42817 1.42816 1.42817
 1.42818 1.4282  1.4282  1.42825 1.42821 1.42826 1.42829 1.42827 1.42818
 1.42811 1.42813 1.42814 1.42819 1.42818 1.42818 1.4282  1.42821 1.42827
 1.42823 1.42825 1.42824 1.42826 1.4283  1.42829 1.4282  1.4282  1.42815
 1.42815 1.42812 1.42811 1.42811 1.42806 1.42802 1.42804 1.42803 1.42802
 1.42804 1.42801 1.42799 1.42797 1.42797 1.42791 1.42789 1.42793 1.42788
 1.42788 1.42789 1.42789 1.42792 1.42787 1.42787 1.42785 1.42781 1.42783
 1.42777 1.42772 1.42773 1.42768 1.42764 1.42761 1.42762 1.4276  1.42759
 1.4276 ][1.41728 1.41728 1.41729 1.41731 1.41731 1.41735 1.41734 1.41737 1.41737
 1.41735 1.41737 1.41738 1.41739 1.41736 1.41732 1.41729 1.41732 1.4173
 1.4173  1.41733 1.41735 1.41737 1.41732 1.41731 1.41736 1.41734 1.4173
 1.4173  1.41728 1.41726 1.41731 1.41732 1.41732 1.41732 1.41738 1.41741
 1.41741 1.41743 1.41746 1.41748 1.41746 1.41744 1.41741 1.41743 1.41744
 1.41748 1.41752 1.41755 1.41759 1.41758 1.41758 1.41759 1.41754 1.41755
 1.41759 1.41761 1.41761 1.41763 1.41758 1.41762 1.41764 1.41765 1.41766
 1.41768 1.4177  1.41766 1.41773 1.41771 1.41771 1.41771 1.41769 1.41767
 1.41766 1.41762 1.41761 1.41758 1.41755 1.41757 1.41758 1.41758 1.41759
 1.41757 1.41754 1.41747 1.41742 1.41746 1.41746 1.41743 1.41741 1.41738
 1.41738 1.41736 1.41734 1.41735 1.41735 1.41736 1.41735 1.41737 1.41738
 1.41737][1.43228 1.43218 1.43217 1.43221 1.43221 1.43223 1.43228 1.43231 1.43228
 1.43233 1.4323  1.4323  1.43235 1.43234 1.43237 1.43234 1.43235 1.43239
 1.43237 1.43241 1.43242 1.43241 1.43241 1.4324  1.43244 1.43248 1.43255
 1.43258 1.43258 1.43255 1.43257 1.43253 1.43251 1.4325  1.43248 1.43249
 1.43252 1.43254 1.43254 1.43255 1.43248 1.43256 1.43256 1.43259 1.43261
 1.4326  1.4326  1.4326  1.43258 1.43261 1.43258 1.43261 1.43264 1.43264
 1.43263 1.43265 1.43265 1.43271 1.43273 1.43271 1.43268 1.43264 1.43262
 1.43263 1.43264 1.43264 1.43265 1.43267 1.43271 1.43275 1.43274 1.4328
 1.43284 1.43286 1.43287 1.43284 1.43281 1.43284 1.43286 1.43289 1.43284
 1.4328  1.43273 1.43271 1.43264 1.43264 1.4326  1.43254 1.43252 1.43252
 1.43256 1.43257 1.4326  1.43262 1.43264 1.43256 1.43258 1.43257 1.4326
 1.43255][1.41157 1.41159 1.41161 1.4116  1.41161 1.41159 1.41159 1.4116  1.41158
 1.41161 1.41159 1.41156 1.41158 1.41161 1.4116  1.41163 1.41168 1.41172
 1.41173 1.41175 1.41176 1.4118  1.4118  1.41175 1.41178 1.41179 1.4118
 1.41177 1.41177 1.41176 1.41182 1.4118  1.41183 1.41183 1.41181 1.41181
 1.41182 1.41188 1.41188 1.41185 1.41188 1.41187 1.4119  1.41191 1.41191
 1.41191 1.41191 1.41193 1.41194 1.41198 1.41197 1.41194 1.41192 1.41187
 1.41189 1.41192 1.41192 1.41194 1.41188 1.4119  1.41187 1.41187 1.41188
 1.41182 1.41179 1.41183 1.41177 1.41178 1.41178 1.41182 1.41188 1.41191
 1.41192 1.41195 1.41195 1.41197 1.41198 1.41201 1.412   1.41201 1.41202
 1.41203 1.41208 1.41208 1.41208 1.41209 1.4121  1.41211 1.41213 1.41213
 1.41209 1.41215 1.41213 1.41213 1.41214 1.41209 1.4121  1.41211 1.41206
 1.41208]