[3.14295 3.14189 3.1413  3.14072 3.14121 3.14216 3.14179 3.14269 3.14412
 3.1434  3.14314 3.14246 3.14305 3.1423  3.1416  3.14215 3.13867 3.14094
 3.14091 3.13929 3.13863 3.13789 3.13825 3.13962 3.14148 3.14086 3.14053
 3.14075 3.1394  3.13722 3.13676 3.13714 3.13447 3.13332 3.13333 3.13311
 3.12991 3.13045 3.13149 3.12949 3.12834 3.12781 3.12705 3.12218 3.11856
 3.11507 3.11327 3.11241 3.11188 3.1093  3.10712 3.10674 3.1072  3.10568
 3.10501 3.10577 3.10306 3.10303 3.10022 3.09733 3.09638 3.09588 3.09567
 3.09498 3.09519 3.09619 3.09453 3.09259 3.09151 3.08995 3.08891 3.08744
 3.08564 3.08449 3.08522 3.08551 3.08555 3.0818  3.07778 3.07729 3.07708
 3.07655 3.07688 3.07435 3.07255 3.07045 3.06682 3.06983 3.07026 3.06947
 3.06803 3.06643 3.06458 3.06418 3.06546 3.06489 3.06351 3.06444 3.05959
 3.05949][6.09373 6.09432 6.09655 6.09824 6.09855 6.09946 6.09778 6.10297 6.10537
 6.11001 6.11416 6.11221 6.12295 6.12996 6.13101 6.1369  6.13656 6.14695
 6.15563 6.1692  6.16234 6.16326 6.15893 6.16085 6.17039 6.17309 6.1707
 6.17288 6.16875 6.16054 6.15859 6.15575 6.15984 6.15578 6.16147 6.15455
 6.15699 6.15768 6.16275 6.16526 6.16665 6.16222 6.16222 6.15746 6.15226
 6.15769 6.16201 6.16267 6.15894 6.15912 6.1614  6.15895 6.15734 6.15164
 6.14916 6.15195 6.15448 6.15036 6.13473 6.13958 6.1394  6.13149 6.13341
 6.12628 6.1232  6.12371 6.12437 6.1229  6.11653 6.11222 6.10597 6.10912
 6.10739 6.10695 6.11018 6.11278 6.11484 6.11347 6.10812 6.10082 6.08889
 6.09078 6.08526 6.08197 6.08067 6.0796  6.07739 6.07436 6.07879 6.07189
 6.06879 6.06417 6.06389 6.05927 6.05995 6.05749 6.06013 6.05475 6.05328
 6.05463][4.69993 4.69868 4.6988  4.69723 4.69948 4.70022 4.69979 4.70095 4.69926
 4.69893 4.70191 4.70556 4.70368 4.70296 4.70615 4.71187 4.71174 4.7185
 4.71758 4.72028 4.72034 4.72581 4.7309  4.73618 4.73645 4.73679 4.73313
 4.73401 4.73317 4.73535 4.73428 4.73394 4.73531 4.73275 4.72931 4.7218
 4.71561 4.71743 4.7177  4.72166 4.72351 4.72111 4.71988 4.72102 4.72096
 4.7286  4.73091 4.72803 4.73116 4.7308  4.7231  4.72398 4.72727 4.72564
 4.72449 4.72635 4.71719 4.72334 4.72321 4.72473 4.72339 4.72184 4.71837
 4.71613 4.71887 4.72069 4.71767 4.71734 4.70975 4.70611 4.70353 4.69941
 4.70471 4.70817 4.70889 4.70949 4.70844 4.70601 4.69663 4.68792 4.6878
 4.69047 4.68999 4.68419 4.68311 4.68495 4.68383 4.68674 4.68721 4.6878
 4.68422 4.67958 4.67674 4.67307 4.67402 4.67407 4.66499 4.65671 4.65791
 4.65539][6.74856 6.74914 6.75018 6.74972 6.7494  6.75306 6.75361 6.75839 6.76441
 6.76377 6.77178 6.77291 6.77319 6.77432 6.78006 6.78128 6.7853  6.78942
 6.79502 6.79311 6.79002 6.79673 6.80533 6.80799 6.8086  6.81135 6.81061
 6.8172  6.82593 6.83217 6.83676 6.84418 6.84592 6.86108 6.8681  6.87217
 6.88257 6.89025 6.89441 6.90346 6.89121 6.8907  6.88734 6.88303 6.88424
 6.88574 6.88218 6.87507 6.87967 6.87471 6.8765  6.88076 6.88055 6.87767
 6.86792 6.85807 6.85295 6.85393 6.85084 6.84857 6.83994 6.83042 6.82922
 6.82855 6.81998 6.80709 6.79586 6.79554 6.78161 6.77177 6.76572 6.75727
 6.7505  6.74925 6.74162 6.73592 6.72498 6.723   6.72025 6.71275 6.71312
 6.70212 6.69375 6.70032 6.69583 6.70307 6.70245 6.70211 6.69531 6.6797
 6.66966 6.66512 6.67317 6.6601  6.65319 6.64444 6.62749 6.60996 6.61432
 6.61271][7.38684 7.38937 7.38921 7.38968 7.38967 7.3896  7.39875 7.40051 7.40078
 7.40192 7.40328 7.40976 7.41494 7.42073 7.42537 7.42688 7.43497 7.43744
 7.44002 7.43625 7.43903 7.44158 7.45186 7.45749 7.46407 7.46769 7.47373
 7.48138 7.48882 7.493   7.49642 7.48822 7.49673 7.50117 7.51079 7.51588
 7.52714 7.54257 7.55103 7.55144 7.55675 7.56343 7.56463 7.57391 7.57651
 7.58087 7.59333 7.60658 7.62641 7.63032 7.62253 7.61188 7.61268 7.61133
 7.62742 7.63337 7.62307 7.6286  7.63451 7.64245 7.64457 7.64665 7.65273
 7.64895 7.64604 7.63395 7.64036 7.64186 7.63475 7.62238 7.6203  7.60727
 7.59291 7.59509 7.59591 7.59655 7.59398 7.59919 7.59156 7.57679 7.56697
 7.56082 7.56521 7.567   7.56481 7.56023 7.55063 7.54848 7.54941 7.54421
 7.54974 7.54398 7.53505 7.53043 7.52502 7.51682 7.52474 7.52417 7.52144
 7.52671][6.97258 6.97281 6.97224 6.97312 6.97566 6.97512 6.98122 6.98342 6.97943
 6.98286 6.98935 6.99043 6.99082 6.98764 6.98719 6.99448 6.98843 6.99609
 6.99369 6.99676 7.      7.00626 7.0048  7.00176 7.00648 7.01007 7.00653
 7.0063  7.00695 7.01099 7.01035 7.01539 7.01524 7.02063 7.02831 7.03678
 7.04108 7.04001 7.05006 7.05448 7.06163 7.0651  7.0675  7.06532 7.06725
 7.07359 7.06916 7.08095 7.0855  7.09058 7.09095 7.0936  7.10038 7.10579
 7.10681 7.1125  7.11237 7.12227 7.12502 7.13146 7.12641 7.11708 7.11316
 7.10765 7.09988 7.09375 7.0965  7.09928 7.0936  7.09121 7.08885 7.09039
 7.08862 7.07647 7.07355 7.07383 7.07395 7.06363 7.04982 7.04535 7.03921
 7.03209 7.02532 7.02268 7.02894 7.02826 7.02422 7.01692 7.00562 6.99984
 6.99819 6.99366 6.99613 6.98565 6.97587 6.97243 6.96875 6.98039 6.96971
 6.96578][ 9.81645  9.81837  9.81831  9.81808  9.82229  9.82354  9.8354   9.8305
  9.83568  9.84396  9.84799  9.86021  9.87073  9.88193  9.89394  9.90324
  9.90402  9.90976  9.91387  9.91755  9.92792  9.94144  9.93229  9.94482
  9.96168  9.95715  9.96863  9.97542  9.97825  9.9856   9.98671 10.00054
 10.01896 10.03735 10.031   10.04337 10.04423 10.0494  10.06551 10.07457
 10.08068 10.09329 10.10858 10.11676 10.13675 10.16223 10.18671 10.20889
 10.21966 10.2223  10.23512 10.23986 10.2444  10.25948 10.29071 10.31048
 10.33008 10.34395 10.36623 10.38887 10.4017  10.41681 10.43402 10.45258
 10.45997 10.47808 10.50193 10.51864 10.52679 10.54404 10.54847 10.54497
 10.53529 10.53697 10.54933 10.55708 10.56465 10.55317 10.55627 10.53839
 10.53737 10.52782 10.54507 10.54859 10.53652 10.5365  10.54429 10.5471
 10.53636 10.54975 10.55996 10.55272 10.55598 10.55624 10.55668 10.55268
 10.55989 10.55735 10.55705 10.54784][8.6918  8.69105 8.69179 8.69432 8.69974 8.69835 8.69763 8.70528 8.70974
 8.71169 8.71603 8.71358 8.71432 8.71832 8.71617 8.71591 8.72244 8.71715
 8.71854 8.72108 8.71604 8.72351 8.72396 8.73748 8.74031 8.74505 8.74374
 8.74415 8.74728 8.75975 8.76773 8.79248 8.79332 8.79733 8.79538 8.80236
 8.81803 8.83571 8.84268 8.85175 8.85619 8.85707 8.87055 8.87903 8.88352
 8.88822 8.88883 8.89117 8.90641 8.913   8.92005 8.92566 8.93368 8.9338
 8.94374 8.94541 8.95479 8.96116 8.97339 8.98103 8.992   8.99637 9.00974
 9.01667 9.03251 9.03458 9.04428 9.05883 9.07837 9.07856 9.09059 9.10631
 9.11373 9.12055 9.12469 9.12605 9.13764 9.15761 9.16246 9.17222 9.17118
 9.15289 9.16027 9.16375 9.16551 9.16486 9.15061 9.13834 9.13436 9.13203
 9.12116 9.10741 9.09659 9.0852  9.08055 9.08558 9.08321 9.07364 9.0808
 9.07941][11.62661 11.62712 11.63184 11.6374  11.63607 11.64078 11.64801 11.66025
 11.66113 11.66246 11.66811 11.68107 11.69195 11.6973  11.70233 11.70733
 11.7305  11.74436 11.74938 11.75978 11.75971 11.76516 11.78108 11.79568
 11.80238 11.80682 11.81422 11.8277  11.82723 11.84691 11.86574 11.87801
 11.89153 11.90568 11.90738 11.92416 11.93107 11.95248 11.96392 11.96944
 11.97139 11.9893  11.99452 12.0122  12.02113 12.05217 12.07014 12.0927
 12.1023  12.1269  12.13552 12.13444 12.1554  12.17169 12.18016 12.1902
 12.21601 12.2278  12.23364 12.22324 12.229   12.25414 12.28315 12.30885
 12.32877 12.36065 12.39758 12.42231 12.43344 12.46101 12.48241 12.51102
 12.51002 12.51784 12.54026 12.55481 12.58051 12.61315 12.61077 12.63881
 12.66248 12.67503 12.69331 12.72849 12.73232 12.74918 12.79772 12.84077
 12.86128 12.88478 12.86506 12.84613 12.85795 12.85583 12.83668 12.87367
 12.85874 12.86023 12.85773 12.84562][9.25133 9.2523  9.2541  9.25267 9.25465 9.25368 9.25621 9.25789 9.25483
 9.25886 9.25954 9.26061 9.26418 9.26764 9.26946 9.26841 9.27255 9.2736
 9.27551 9.28284 9.28769 9.29667 9.29451 9.29686 9.30255 9.30334 9.31299
 9.31953 9.32552 9.32319 9.3253  9.32953 9.32798 9.33876 9.34049 9.35184
 9.35984 9.35917 9.37277 9.37263 9.3688  9.37515 9.3679  9.37248 9.38443
 9.39665 9.40112 9.40226 9.40585 9.4055  9.41228 9.42725 9.42935 9.43976
 9.44802 9.45971 9.46442 9.47586 9.47915 9.48713 9.48862 9.49811 9.50554
 9.49657 9.51095 9.51052 9.51654 9.51295 9.51755 9.531   9.52444 9.54017
 9.55421 9.56726 9.57448 9.58402 9.59703 9.60854 9.61248 9.6347  9.64721
 9.64817 9.66095 9.67251 9.686   9.69116 9.69499 9.69852 9.71302 9.72294
 9.73277 9.73658 9.74116 9.75732 9.76845 9.76969 9.77719 9.78173 9.79125
 9.79441]