[1.44444 1.44445 1.44442 1.44444 1.44446 1.44448 1.44447 1.44443 1.44441
 1.44439 1.44444 1.44442 1.44439 1.44436 1.44434 1.44438 1.44441 1.44442
 1.44438 1.44437 1.44434 1.44433 1.44431 1.44433 1.44428 1.44424 1.44421
 1.44416 1.44409 1.44411 1.44409 1.44403 1.44403 1.44405 1.44414 1.44416
 1.44418 1.4442  1.44419 1.44416 1.44412 1.44408 1.44407 1.44405 1.44407
 1.44408 1.44411 1.4441  1.44406 1.44407 1.44403 1.44402 1.444   1.44401
 1.444   1.44397 1.44395 1.44393 1.44393 1.4439  1.44389 1.4439  1.4439
 1.44394 1.44391 1.44392 1.44395 1.44397 1.44394 1.44399 1.44398 1.44399
 1.44396 1.44397 1.44398 1.44396 1.44393 1.44394 1.44387 1.44386 1.44385
 1.44385 1.44383 1.44381 1.44376 1.44373 1.44373 1.44373 1.44372 1.44359
 1.44361 1.44364 1.44362 1.44361 1.44362 1.44359 1.44356 1.44353 1.44353
 1.44353][1.4159  1.41591 1.41594 1.41599 1.41604 1.41604 1.41606 1.41607 1.41609
 1.41611 1.41611 1.41601 1.41602 1.41598 1.41598 1.41599 1.41604 1.41602
 1.416   1.41601 1.41601 1.41594 1.4159  1.41589 1.41587 1.41589 1.41593
 1.4159  1.41591 1.41589 1.41585 1.4158  1.41579 1.41577 1.41575 1.41576
 1.41574 1.41575 1.41578 1.41581 1.41582 1.41582 1.4158  1.4158  1.4158
 1.41585 1.41581 1.41579 1.41573 1.41569 1.41566 1.41568 1.41569 1.41567
 1.4156  1.41554 1.41559 1.41559 1.41558 1.41562 1.41561 1.41558 1.41562
 1.41559 1.41552 1.41555 1.41556 1.41558 1.4156  1.4156  1.41556 1.41558
 1.41557 1.41553 1.41552 1.4155  1.4155  1.41551 1.41547 1.41549 1.41551
 1.41549 1.41551 1.41551 1.41548 1.4155  1.41547 1.41545 1.41546 1.41552
 1.41556 1.41556 1.41555 1.41558 1.41558 1.41559 1.41558 1.41559 1.4156
 1.41561][1.43799 1.43797 1.43795 1.43793 1.43798 1.43799 1.43802 1.43795 1.43794
 1.43787 1.43784 1.43784 1.43786 1.43784 1.43785 1.43785 1.43784 1.43783
 1.43785 1.43784 1.4378  1.43772 1.43773 1.43775 1.43774 1.43769 1.43771
 1.43766 1.4376  1.43758 1.43756 1.43755 1.43756 1.43754 1.43753 1.43754
 1.43753 1.43753 1.43752 1.43755 1.43758 1.43757 1.43758 1.43758 1.4376
 1.43762 1.43757 1.43756 1.43752 1.43751 1.43752 1.43746 1.43748 1.43747
 1.4375  1.43744 1.43746 1.43745 1.43749 1.43751 1.43746 1.43742 1.43742
 1.43742 1.43743 1.43743 1.43736 1.43732 1.43732 1.43732 1.43733 1.43734
 1.43731 1.43729 1.43734 1.43733 1.4373  1.43732 1.43727 1.43729 1.43735
 1.43734 1.43734 1.43734 1.43737 1.43731 1.43731 1.4373  1.43731 1.43733
 1.4373  1.4373  1.43725 1.43723 1.43723 1.43722 1.43723 1.43724 1.43724
 1.43724][1.44367 1.44365 1.44365 1.44364 1.44365 1.44365 1.44366 1.44372 1.44369
 1.44366 1.44371 1.44372 1.44369 1.44374 1.44374 1.44376 1.4437  1.44369
 1.44374 1.44376 1.44375 1.44372 1.44371 1.44368 1.44371 1.44371 1.44363
 1.4436  1.44363 1.44357 1.44354 1.44355 1.44359 1.44357 1.44356 1.44357
 1.44357 1.44352 1.44354 1.44349 1.4435  1.44349 1.44345 1.44345 1.44347
 1.44344 1.44345 1.44341 1.44345 1.44346 1.44341 1.4434  1.44339 1.44337
 1.44338 1.4434  1.44343 1.44343 1.44341 1.44343 1.44344 1.44341 1.44341
 1.4434  1.44339 1.44337 1.44335 1.44334 1.44328 1.44324 1.44325 1.44325
 1.44324 1.44327 1.44326 1.44324 1.44323 1.44328 1.44325 1.44323 1.44323
 1.44323 1.44313 1.44308 1.44312 1.44312 1.44312 1.44315 1.44317 1.44318
 1.44314 1.44315 1.44316 1.44313 1.44311 1.44308 1.44306 1.4431  1.44313
 1.44311][1.44987 1.44988 1.44988 1.44992 1.44996 1.45002 1.45004 1.45001 1.45002
 1.45001 1.45    1.45005 1.45005 1.45004 1.45004 1.45005 1.45005 1.45005
 1.45008 1.45008 1.45007 1.45003 1.45003 1.45008 1.45005 1.45006 1.45001
 1.45002 1.45002 1.45004 1.45004 1.45005 1.45006 1.45002 1.45002 1.45001
 1.45001 1.45003 1.45003 1.45005 1.45003 1.45002 1.44991 1.44987 1.44984
 1.44989 1.44976 1.44977 1.44975 1.4498  1.44981 1.44982 1.44981 1.44978
 1.44975 1.44974 1.44974 1.44974 1.44971 1.44972 1.4497  1.44967 1.44966
 1.44967 1.44971 1.44973 1.44971 1.4497  1.44969 1.44971 1.44968 1.44969
 1.44966 1.44961 1.44962 1.4496  1.44959 1.44959 1.44957 1.44959 1.44957
 1.44956 1.44955 1.44954 1.44955 1.44951 1.4495  1.44947 1.44948 1.44947
 1.4495  1.44955 1.44954 1.44955 1.44958 1.44956 1.44961 1.4496  1.44956
 1.44954][1.41941 1.41934 1.41933 1.41937 1.41939 1.41938 1.41942 1.41945 1.41949
 1.4195  1.41953 1.41956 1.4196  1.41963 1.41964 1.41963 1.41961 1.41959
 1.41959 1.41959 1.41961 1.4196  1.41959 1.41962 1.41967 1.41972 1.41974
 1.41978 1.41976 1.41975 1.41975 1.41971 1.41974 1.41973 1.41973 1.41973
 1.41975 1.41972 1.41969 1.41971 1.41976 1.4198  1.41978 1.41976 1.41973
 1.41972 1.41977 1.41978 1.41981 1.41978 1.41981 1.4198  1.41979 1.41977
 1.4198  1.41977 1.41975 1.41977 1.41978 1.41976 1.41975 1.41973 1.41975
 1.41973 1.41972 1.41973 1.41972 1.41973 1.41976 1.41974 1.41976 1.4197
 1.41964 1.41965 1.41963 1.41962 1.41958 1.41954 1.41952 1.41949 1.41953
 1.41959 1.41955 1.41956 1.41957 1.41957 1.41955 1.41952 1.41954 1.4195
 1.41951 1.41951 1.41952 1.41956 1.41956 1.41948 1.41949 1.41949 1.41952
 1.41949][1.42505 1.42501 1.42504 1.42502 1.42501 1.425   1.42497 1.42498 1.42498
 1.42501 1.42502 1.42504 1.42502 1.42503 1.42503 1.42505 1.42505 1.42505
 1.42507 1.42506 1.42511 1.42515 1.42515 1.42509 1.42512 1.42511 1.42512
 1.42511 1.42508 1.42511 1.42513 1.42517 1.42515 1.42517 1.42516 1.42512
 1.4251  1.42514 1.42515 1.42519 1.42519 1.42521 1.42528 1.42528 1.42528
 1.42533 1.42534 1.42537 1.42534 1.42533 1.42534 1.42529 1.42529 1.4253
 1.42533 1.42532 1.42532 1.42533 1.42532 1.42531 1.42529 1.42532 1.42532
 1.42532 1.4253  1.42532 1.4253  1.42529 1.42524 1.42524 1.42524 1.42523
 1.42525 1.42524 1.42521 1.42517 1.42516 1.4252  1.42521 1.42517 1.42515
 1.42513 1.42515 1.42517 1.42516 1.42512 1.4251  1.42513 1.42511 1.42506
 1.42503 1.42509 1.42513 1.42515 1.42516 1.4251  1.42512 1.42509 1.42509
 1.42511][1.44333 1.44334 1.44338 1.44338 1.44341 1.44343 1.44346 1.44349 1.44347
 1.44346 1.44349 1.44352 1.44351 1.44353 1.4435  1.44351 1.44352 1.44354
 1.44352 1.4435  1.44351 1.44349 1.44352 1.44348 1.44347 1.44351 1.44352
 1.44355 1.44353 1.44354 1.44355 1.44357 1.44362 1.44366 1.44364 1.44368
 1.44362 1.44363 1.4436  1.44361 1.44363 1.44359 1.44365 1.44367 1.44363
 1.44363 1.44367 1.4437  1.44371 1.44374 1.44374 1.44377 1.44381 1.44388
 1.44391 1.44389 1.44386 1.44384 1.44384 1.44382 1.44387 1.44386 1.44393
 1.4439  1.44391 1.44385 1.44381 1.44381 1.44377 1.44374 1.44375 1.44375
 1.44375 1.44378 1.44378 1.44376 1.44373 1.44372 1.44371 1.44377 1.4438
 1.44376 1.44377 1.44377 1.44375 1.44376 1.44374 1.44372 1.44368 1.44364
 1.44359 1.44359 1.44357 1.44359 1.44356 1.44354 1.44351 1.4435  1.44352
 1.44353][1.38679 1.38678 1.38676 1.38677 1.38678 1.38681 1.38682 1.38683 1.38683
 1.38685 1.38687 1.38689 1.38688 1.38687 1.38691 1.38695 1.38696 1.38693
 1.3869  1.38691 1.38689 1.38687 1.38692 1.38693 1.38691 1.3869  1.3869
 1.38688 1.38689 1.38691 1.38689 1.38688 1.3869  1.38697 1.38692 1.38695
 1.38698 1.387   1.38703 1.38706 1.387   1.387   1.38705 1.38706 1.38709
 1.38702 1.38702 1.38701 1.38699 1.387   1.38703 1.38706 1.38709 1.38714
 1.38711 1.38713 1.38713 1.38718 1.38721 1.38721 1.38722 1.38723 1.38723
 1.38722 1.38721 1.38724 1.38725 1.38726 1.38729 1.3873  1.38728 1.3873
 1.38729 1.38729 1.38728 1.38726 1.38724 1.38728 1.38729 1.38726 1.38729
 1.38729 1.38727 1.38723 1.38724 1.38724 1.38725 1.38725 1.38727 1.38726
 1.38727 1.38725 1.38725 1.38722 1.38723 1.38718 1.38719 1.38718 1.38721
 1.38718][1.4336  1.43362 1.43359 1.43362 1.43364 1.43364 1.43363 1.43363 1.43367
 1.43366 1.43364 1.43363 1.43364 1.43363 1.4336  1.43364 1.43368 1.4337
 1.43369 1.43367 1.43366 1.43367 1.43368 1.43367 1.4337  1.43373 1.43371
 1.43371 1.4337  1.4337  1.4337  1.4337  1.43365 1.43367 1.43367 1.43367
 1.43368 1.4337  1.43375 1.43381 1.43381 1.43386 1.43384 1.43387 1.43393
 1.43392 1.43393 1.43401 1.43395 1.43395 1.43392 1.43396 1.43397 1.43401
 1.43401 1.43402 1.43399 1.43402 1.43401 1.43401 1.43399 1.43398 1.43398
 1.43402 1.43405 1.43403 1.43406 1.43406 1.43408 1.4341  1.43412 1.43411
 1.4341  1.43407 1.43406 1.43407 1.43409 1.43412 1.43417 1.43418 1.4342
 1.43421 1.43424 1.43425 1.43426 1.43421 1.43422 1.43418 1.43415 1.43415
 1.43417 1.43417 1.43411 1.43406 1.43398 1.43396 1.43387 1.43387 1.43388
 1.4339 ]