[1.32957 1.32956 1.32957 1.32958 1.32959 1.32959 1.32958 1.32959 1.32958
 1.32958 1.32958 1.32956 1.32957 1.32958 1.32959 1.32959 1.32959 1.32959
 1.32958 1.32957 1.32958 1.32958 1.32957 1.32958 1.32959 1.32958 1.32958
 1.3296  1.3296  1.3296  1.32959 1.3296  1.32961 1.3296  1.32959 1.3296
 1.32959 1.32958 1.32959 1.32958 1.32958 1.32959 1.3296  1.3296  1.3296
 1.32959 1.32959 1.32959 1.3296  1.32961 1.32963 1.32963 1.32965 1.32965
 1.32965 1.32963 1.32964 1.32963 1.32963 1.32963 1.32965 1.32963 1.32963
 1.32964 1.32964 1.32965 1.32962 1.32961 1.32962 1.32961 1.32959 1.32959
 1.3296  1.3296  1.32959 1.32958 1.32957 1.32956 1.32956 1.32957 1.32957
 1.32957 1.32958 1.32958 1.3296  1.32957 1.32955 1.32955 1.32954 1.32955
 1.32955 1.32953 1.32953 1.32955 1.32953 1.32953 1.32955 1.32954 1.32954
 1.32955][1.30781 1.30782 1.30782 1.30782 1.30781 1.3078  1.30781 1.30781 1.30782
 1.30783 1.30783 1.30781 1.30783 1.30784 1.30782 1.30782 1.3078  1.30781
 1.30781 1.3078  1.3078  1.30779 1.30779 1.30779 1.30781 1.3078  1.3078
 1.30779 1.30779 1.30779 1.30779 1.30779 1.30777 1.30777 1.30777 1.30778
 1.30777 1.30778 1.30776 1.30776 1.30775 1.30774 1.30776 1.30776 1.30776
 1.30777 1.30776 1.30777 1.30776 1.30776 1.30777 1.30776 1.30776 1.30776
 1.30779 1.30779 1.30778 1.30779 1.30778 1.30778 1.30778 1.30776 1.30775
 1.30776 1.30777 1.30777 1.30774 1.30773 1.30773 1.30773 1.30771 1.3077
 1.30773 1.30772 1.30774 1.30775 1.30774 1.30773 1.30772 1.30774 1.30774
 1.30771 1.30771 1.30772 1.30771 1.30772 1.30771 1.30771 1.3077  1.30771
 1.30771 1.30772 1.30772 1.30771 1.30771 1.30769 1.3077  1.30768 1.30767
 1.30767][1.3308  1.33082 1.33081 1.33082 1.33081 1.33081 1.33082 1.33081 1.33081
 1.33082 1.33082 1.3308  1.33081 1.33081 1.33082 1.33084 1.33086 1.33086
 1.33087 1.33085 1.33086 1.33085 1.33085 1.33085 1.33085 1.33084 1.33086
 1.33087 1.33085 1.33086 1.33086 1.33086 1.33085 1.33085 1.33084 1.33086
 1.33085 1.33085 1.33083 1.33086 1.33086 1.33084 1.33084 1.33085 1.33083
 1.33084 1.33083 1.33084 1.33083 1.33085 1.33084 1.33085 1.33087 1.33085
 1.33085 1.33087 1.33088 1.33087 1.33087 1.33088 1.33088 1.33088 1.33087
 1.33086 1.33086 1.33086 1.33088 1.33087 1.33088 1.3309  1.3309  1.3309
 1.33088 1.33087 1.33086 1.33085 1.33087 1.33087 1.33086 1.33087 1.33084
 1.33084 1.33084 1.33085 1.33083 1.33083 1.33083 1.33081 1.33081 1.3308
 1.33081 1.33081 1.33081 1.33081 1.33081 1.33082 1.3308  1.3308  1.3308
 1.33081][1.35383 1.35383 1.35384 1.35385 1.35385 1.35386 1.35387 1.35386 1.35387
 1.35388 1.35386 1.35388 1.35389 1.35388 1.35387 1.35387 1.35389 1.35387
 1.35384 1.35383 1.35382 1.35383 1.35383 1.35382 1.35383 1.35383 1.35383
 1.35382 1.35383 1.35381 1.3538  1.35379 1.35379 1.35381 1.35381 1.35383
 1.35384 1.35383 1.35386 1.35386 1.35386 1.35385 1.35384 1.35383 1.35383
 1.35383 1.35383 1.35385 1.35385 1.35384 1.35385 1.35384 1.35383 1.35383
 1.35383 1.35381 1.35383 1.35384 1.35383 1.35381 1.3538  1.35379 1.35381
 1.3538  1.35378 1.35379 1.35377 1.35378 1.3538  1.35382 1.35383 1.35383
 1.35383 1.35379 1.35379 1.35378 1.3538  1.35381 1.35381 1.35382 1.3538
 1.3538  1.35378 1.35379 1.35377 1.35376 1.35377 1.35375 1.35374 1.35374
 1.35373 1.35373 1.35376 1.35375 1.35375 1.35372 1.35372 1.35372 1.35369
 1.35369][1.31619 1.31619 1.3162  1.3162  1.3162  1.31621 1.31621 1.31621 1.31622
 1.31623 1.31625 1.31626 1.31626 1.31628 1.31626 1.31626 1.31627 1.31627
 1.31628 1.31627 1.31626 1.31627 1.31627 1.31628 1.31629 1.3163  1.31631
 1.31631 1.31631 1.31634 1.31632 1.31634 1.31634 1.31636 1.31635 1.31633
 1.31634 1.31633 1.31634 1.31633 1.31632 1.31633 1.31633 1.31635 1.31634
 1.31632 1.31633 1.31633 1.31635 1.31635 1.31635 1.31633 1.31636 1.31637
 1.31638 1.31636 1.31639 1.31638 1.31638 1.31638 1.31639 1.31638 1.31637
 1.31637 1.31636 1.31638 1.31638 1.31638 1.31639 1.31642 1.31641 1.31641
 1.31641 1.31642 1.31642 1.31642 1.31641 1.3164  1.31639 1.3164  1.31641
 1.31639 1.31639 1.3164  1.31638 1.31636 1.31635 1.31633 1.31634 1.31634
 1.31633 1.31634 1.31635 1.31634 1.31636 1.31636 1.31637 1.31635 1.31636
 1.31636][1.33302 1.33299 1.33298 1.333   1.333   1.33301 1.33302 1.33302 1.333
 1.33301 1.33301 1.33299 1.333   1.33299 1.333   1.33301 1.33302 1.33303
 1.33304 1.33303 1.33302 1.33302 1.33302 1.33304 1.33304 1.33303 1.33304
 1.33302 1.33302 1.33302 1.33302 1.33302 1.33302 1.33302 1.33302 1.33301
 1.33301 1.33301 1.33302 1.33301 1.33301 1.33302 1.33303 1.33303 1.33303
 1.33302 1.33302 1.33302 1.33303 1.33303 1.33301 1.33303 1.33304 1.33304
 1.33302 1.33303 1.33303 1.33304 1.33302 1.333   1.333   1.33302 1.33301
 1.33303 1.33301 1.333   1.33302 1.33302 1.33301 1.33301 1.33302 1.33302
 1.33301 1.33301 1.33303 1.33302 1.33302 1.33303 1.33302 1.33303 1.33303
 1.33303 1.33302 1.33303 1.33302 1.33303 1.33304 1.33303 1.333   1.33299
 1.333   1.33301 1.33302 1.33302 1.33301 1.33302 1.33301 1.33301 1.33301
 1.33301][1.32138 1.32137 1.32138 1.32138 1.32138 1.32137 1.32138 1.32136 1.32137
 1.32139 1.3214  1.32141 1.32141 1.32142 1.32142 1.32144 1.32144 1.32144
 1.32143 1.32144 1.32143 1.32141 1.32141 1.32141 1.3214  1.32139 1.32139
 1.3214  1.32139 1.32138 1.32139 1.32138 1.32139 1.32138 1.32141 1.32142
 1.32141 1.3214  1.32141 1.32141 1.3214  1.32138 1.32138 1.32136 1.32137
 1.32136 1.32136 1.32136 1.32136 1.32137 1.32136 1.32137 1.32137 1.32136
 1.32135 1.32134 1.32135 1.32135 1.32135 1.32133 1.32134 1.32134 1.32136
 1.32137 1.32135 1.32134 1.32134 1.32133 1.32134 1.32133 1.32133 1.32134
 1.32134 1.32136 1.32135 1.32136 1.32136 1.32136 1.32136 1.32135 1.32135
 1.32133 1.32132 1.32134 1.32134 1.32135 1.32134 1.32133 1.32132 1.32132
 1.3213  1.32129 1.32127 1.32126 1.32126 1.32124 1.32123 1.32123 1.32122
 1.32123][1.33721 1.3372  1.3372  1.33721 1.33719 1.3372  1.33722 1.33721 1.33721
 1.33721 1.3372  1.33721 1.33721 1.33719 1.33719 1.3372  1.33721 1.33721
 1.33722 1.33721 1.33723 1.33724 1.33724 1.33723 1.33724 1.33723 1.33724
 1.33722 1.33722 1.33723 1.33723 1.33725 1.33727 1.33728 1.33727 1.33728
 1.33729 1.33728 1.33729 1.3373  1.3373  1.3373  1.33727 1.33728 1.33727
 1.33727 1.33728 1.33729 1.33729 1.33729 1.33729 1.33728 1.33728 1.33728
 1.33729 1.33729 1.33731 1.33731 1.33731 1.33731 1.33732 1.33733 1.33732
 1.33733 1.33735 1.33734 1.33735 1.33736 1.33737 1.33737 1.33735 1.33734
 1.33735 1.33733 1.33734 1.33732 1.33731 1.33732 1.33732 1.33731 1.33734
 1.33735 1.33733 1.33732 1.33733 1.33735 1.33733 1.33733 1.33732 1.33731
 1.33731 1.33732 1.33733 1.33733 1.33733 1.33733 1.33734 1.33735 1.33735
 1.33733][1.31985 1.31986 1.31987 1.31989 1.3199  1.3199  1.31992 1.31992 1.31992
 1.3199  1.31991 1.31991 1.31992 1.31992 1.31993 1.31992 1.31993 1.31992
 1.31988 1.31988 1.31989 1.31987 1.31985 1.31984 1.31984 1.31985 1.31985
 1.31986 1.31986 1.31984 1.31983 1.31984 1.31982 1.31985 1.31985 1.31985
 1.31984 1.31986 1.31985 1.31985 1.31986 1.31985 1.31984 1.31984 1.31983
 1.31985 1.31986 1.31984 1.31983 1.31982 1.31983 1.31984 1.31985 1.31985
 1.31985 1.31983 1.31985 1.31986 1.31985 1.31987 1.31987 1.31988 1.31989
 1.3199  1.31992 1.31993 1.31991 1.31991 1.31991 1.31988 1.31989 1.31991
 1.3199  1.31989 1.3199  1.3199  1.3199  1.31991 1.31991 1.31992 1.31994
 1.31992 1.31992 1.31992 1.31992 1.31993 1.31995 1.31994 1.31992 1.31993
 1.31992 1.31992 1.31994 1.31993 1.31993 1.31992 1.31991 1.31989 1.31988
 1.3199 ][1.31574 1.31574 1.31574 1.31573 1.31574 1.31576 1.31575 1.31576 1.31575
 1.31577 1.31577 1.31579 1.3158  1.31581 1.31581 1.31582 1.31579 1.31579
 1.31579 1.3158  1.3158  1.31578 1.31578 1.31579 1.31579 1.3158  1.3158
 1.3158  1.31579 1.31581 1.31583 1.31582 1.31583 1.31582 1.3158  1.3158
 1.31579 1.31578 1.31576 1.31577 1.31579 1.3158  1.3158  1.31582 1.31582
 1.31585 1.31585 1.31585 1.31585 1.31583 1.31585 1.31585 1.31586 1.31587
 1.31583 1.31585 1.31585 1.31587 1.31587 1.31588 1.31587 1.31588 1.31587
 1.31587 1.31588 1.31589 1.3159  1.31592 1.31591 1.3159  1.3159  1.31591
 1.3159  1.31588 1.31587 1.31587 1.31586 1.31586 1.31587 1.31587 1.31587
 1.31587 1.31587 1.31586 1.31586 1.31586 1.31586 1.31587 1.31589 1.3159
 1.3159  1.31591 1.31593 1.31591 1.31589 1.3159  1.31589 1.31589 1.31588
 1.31587]