[1.43448 1.43453 1.43454 1.43453 1.43457 1.43459 1.43453 1.43452 1.43453
 1.43451 1.43444 1.43443 1.43447 1.43449 1.43443 1.43442 1.43444 1.43439
 1.4344  1.43435 1.43434 1.4343  1.43431 1.4343  1.43425 1.43427 1.43426
 1.43425 1.4342  1.43413 1.43414 1.43412 1.43411 1.43416 1.43411 1.43408
 1.43409 1.43406 1.43403 1.43404 1.43406 1.434   1.43403 1.43408 1.43406
 1.43411 1.43406 1.43406 1.43403 1.43402 1.43404 1.43403 1.43406 1.43407
 1.43405 1.43404 1.43399 1.43397 1.43397 1.43403 1.43397 1.43401 1.43404
 1.43405 1.43402 1.43399 1.43398 1.43392 1.43387 1.43392 1.4339  1.43391
 1.43388 1.43383 1.43384 1.43384 1.4338  1.43381 1.4338  1.43378 1.43378
 1.43377 1.43372 1.43373 1.43368 1.43371 1.43368 1.4337  1.43365 1.43365
 1.43364 1.43363 1.43357 1.43356 1.43354 1.43355 1.43354 1.43354 1.43353
 1.43351][1.43072 1.43071 1.43072 1.4307  1.43071 1.4307  1.43068 1.43073 1.4307
 1.43073 1.43069 1.43069 1.43064 1.43063 1.43058 1.43058 1.4306  1.43062
 1.43058 1.43061 1.43056 1.43055 1.43053 1.43058 1.43053 1.43053 1.43052
 1.43048 1.43053 1.4305  1.4305  1.43051 1.43052 1.43049 1.43052 1.43048
 1.43051 1.43053 1.43055 1.43053 1.43054 1.43054 1.43057 1.43059 1.43054
 1.43047 1.43045 1.43041 1.43043 1.43041 1.43036 1.43034 1.43035 1.43034
 1.43031 1.43028 1.43023 1.43022 1.43019 1.43009 1.43012 1.43011 1.43007
 1.4301  1.43008 1.43014 1.43013 1.43015 1.43017 1.43021 1.43024 1.43024
 1.43022 1.43025 1.43022 1.43023 1.43022 1.43019 1.43018 1.43015 1.43015
 1.43016 1.43019 1.43021 1.43021 1.43013 1.43015 1.43017 1.43017 1.43019
 1.43018 1.43013 1.4301  1.43004 1.43005 1.43005 1.43006 1.43005 1.43006
 1.43004][1.42734 1.42735 1.42735 1.4274  1.42743 1.42746 1.42749 1.42752 1.42756
 1.42754 1.42754 1.42758 1.42761 1.42761 1.42762 1.42761 1.42763 1.42766
 1.42762 1.42762 1.42761 1.42761 1.42761 1.42757 1.42758 1.4276  1.4276
 1.42761 1.42758 1.42753 1.42751 1.42745 1.42746 1.42745 1.42748 1.42746
 1.42743 1.42738 1.42738 1.42732 1.42732 1.42731 1.42727 1.42726 1.42727
 1.42727 1.42728 1.42724 1.42724 1.42724 1.42718 1.4272  1.42724 1.42724
 1.42725 1.42724 1.42722 1.42725 1.42722 1.42719 1.42715 1.42718 1.42721
 1.42724 1.42724 1.42723 1.42722 1.42724 1.42724 1.42723 1.42718 1.42715
 1.42712 1.42716 1.42714 1.42714 1.42711 1.42707 1.42706 1.42701 1.42699
 1.427   1.42704 1.42706 1.42707 1.42711 1.42705 1.42704 1.42709 1.42706
 1.42701 1.427   1.42699 1.42696 1.42692 1.42688 1.42683 1.42685 1.42684
 1.42687][1.41724 1.41723 1.41728 1.41727 1.41732 1.4173  1.41728 1.41729 1.4173
 1.41729 1.41727 1.41725 1.41723 1.41724 1.41729 1.41733 1.41731 1.4173
 1.41733 1.41738 1.41741 1.41742 1.41739 1.41743 1.41747 1.41746 1.41745
 1.41746 1.41749 1.41749 1.4175  1.41752 1.41753 1.41755 1.41759 1.4176
 1.41761 1.41762 1.41755 1.41756 1.41756 1.4176  1.41756 1.41761 1.41764
 1.41764 1.41764 1.4176  1.41761 1.41756 1.41753 1.41751 1.41745 1.41745
 1.41737 1.4174  1.41737 1.41734 1.41737 1.41733 1.41728 1.41734 1.4174
 1.41742 1.41746 1.41747 1.41743 1.41744 1.4174  1.41737 1.41737 1.41736
 1.41734 1.41734 1.41732 1.41732 1.41729 1.4173  1.4173  1.41734 1.41733
 1.41729 1.41731 1.41733 1.41736 1.41738 1.41737 1.41741 1.41739 1.4174
 1.41743 1.41738 1.41734 1.41726 1.41722 1.41721 1.41721 1.41722 1.41723
 1.41722][1.45724 1.45724 1.45728 1.45726 1.45727 1.45726 1.45732 1.45732 1.45736
 1.45733 1.45737 1.45737 1.45733 1.45736 1.45738 1.45735 1.45731 1.45731
 1.45732 1.45734 1.45736 1.45737 1.45735 1.45735 1.45739 1.4574  1.45744
 1.45744 1.45747 1.45753 1.45751 1.4575  1.45753 1.45754 1.45751 1.45749
 1.45752 1.45753 1.45753 1.45749 1.45753 1.45742 1.45742 1.4574  1.45744
 1.45748 1.45748 1.45748 1.45748 1.45752 1.45751 1.45749 1.4575  1.45751
 1.45752 1.45753 1.45748 1.45749 1.45752 1.45739 1.45738 1.45736 1.45738
 1.45737 1.45737 1.45734 1.45731 1.45728 1.45732 1.45728 1.45734 1.45736
 1.45739 1.45734 1.45734 1.4573  1.45731 1.45729 1.45727 1.45724 1.45725
 1.4573  1.45732 1.45735 1.45736 1.45731 1.45732 1.45729 1.45728 1.45727
 1.45727 1.45728 1.45729 1.45727 1.45722 1.45729 1.45726 1.4572  1.45718
 1.45721][1.41598 1.416   1.41596 1.41597 1.41595 1.41589 1.41593 1.41589 1.41585
 1.41585 1.41584 1.41585 1.41584 1.41584 1.41588 1.41593 1.41593 1.41592
 1.4159  1.41591 1.41592 1.41592 1.41593 1.41595 1.41597 1.41598 1.41604
 1.41606 1.41607 1.41613 1.41611 1.41614 1.41617 1.4162  1.41619 1.41622
 1.41617 1.41618 1.41617 1.41616 1.41611 1.41609 1.41611 1.41613 1.41613
 1.41611 1.41615 1.41615 1.41615 1.41612 1.41612 1.41615 1.41616 1.41613
 1.41617 1.41615 1.41617 1.41614 1.4161  1.41611 1.41608 1.41609 1.41607
 1.41608 1.41607 1.41602 1.416   1.416   1.416   1.41599 1.416   1.41598
 1.416   1.41598 1.41598 1.41597 1.41599 1.41594 1.41595 1.41592 1.41591
 1.41589 1.41589 1.4159  1.41589 1.41587 1.41588 1.41592 1.41595 1.41595
 1.41595 1.41595 1.4159  1.41585 1.41583 1.41584 1.41586 1.41586 1.41585
 1.41585][1.45049 1.4505  1.45051 1.45052 1.45049 1.45052 1.45057 1.4506  1.45061
 1.45058 1.45062 1.45064 1.45065 1.45063 1.45065 1.45068 1.45066 1.45067
 1.45067 1.4507  1.45071 1.45077 1.45076 1.45074 1.45075 1.45079 1.45082
 1.45082 1.4508  1.45084 1.45085 1.45084 1.45085 1.45084 1.45089 1.45095
 1.45096 1.45097 1.45097 1.45099 1.45102 1.45103 1.45104 1.45105 1.45105
 1.45105 1.45102 1.45105 1.45106 1.45109 1.45109 1.45109 1.4511  1.45111
 1.45109 1.4511  1.45113 1.45112 1.45113 1.45112 1.45107 1.451   1.45096
 1.45092 1.45086 1.45084 1.45084 1.45085 1.45085 1.45081 1.45085 1.45083
 1.45082 1.45082 1.45083 1.45084 1.45084 1.45082 1.45078 1.45078 1.45075
 1.45076 1.45076 1.45072 1.45073 1.45075 1.45069 1.45069 1.45064 1.45061
 1.45061 1.45066 1.45067 1.45063 1.45068 1.45071 1.4507  1.45068 1.45061
 1.45059][1.4546  1.45458 1.45463 1.45465 1.45467 1.45463 1.45468 1.45466 1.45474
 1.45478 1.45479 1.45481 1.45479 1.45476 1.45476 1.45475 1.45478 1.45482
 1.4548  1.45475 1.4548  1.45482 1.45481 1.45485 1.45489 1.45489 1.45484
 1.4549  1.45491 1.45492 1.45492 1.45492 1.45493 1.45494 1.45497 1.45501
 1.455   1.45502 1.45503 1.45506 1.45508 1.4551  1.45507 1.45509 1.45511
 1.45512 1.45515 1.45517 1.45513 1.45518 1.45523 1.4552  1.45522 1.45522
 1.45521 1.45521 1.45525 1.45527 1.45527 1.45522 1.45523 1.45522 1.45527
 1.45527 1.45523 1.4552  1.45523 1.45522 1.45522 1.45521 1.45517 1.4551
 1.45511 1.45505 1.45506 1.4551  1.45512 1.45513 1.45509 1.45503 1.45506
 1.45506 1.45507 1.45505 1.45505 1.45507 1.45504 1.45504 1.45499 1.45491
 1.45491 1.45491 1.45493 1.45488 1.45491 1.45485 1.45488 1.4548  1.45478
 1.45478][1.41121 1.41124 1.41127 1.41124 1.41125 1.41124 1.41124 1.41125 1.41121
 1.41123 1.41121 1.41118 1.41117 1.4111  1.41109 1.41105 1.41106 1.41109
 1.41104 1.41101 1.41098 1.41097 1.41095 1.41094 1.41094 1.41093 1.41092
 1.41088 1.41091 1.4109  1.4109  1.4109  1.41093 1.41093 1.41097 1.41097
 1.41099 1.41099 1.41099 1.41106 1.41109 1.41108 1.41106 1.41107 1.41109
 1.41113 1.41111 1.41115 1.41112 1.41111 1.41114 1.41115 1.41115 1.41116
 1.41117 1.41114 1.41113 1.41118 1.41122 1.4112  1.41115 1.41119 1.41116
 1.41119 1.41121 1.41127 1.41123 1.41119 1.41121 1.41124 1.41126 1.41127
 1.41132 1.4113  1.41128 1.41126 1.41124 1.41125 1.4113  1.41133 1.41132
 1.41125 1.41124 1.41119 1.41116 1.41115 1.41117 1.41118 1.41119 1.41118
 1.4112  1.41125 1.41123 1.41116 1.41116 1.41118 1.41119 1.41117 1.4112
 1.41118][1.40687 1.40686 1.40688 1.40689 1.40685 1.40686 1.40685 1.40687 1.40691
 1.40693 1.40695 1.40702 1.40703 1.40704 1.40705 1.40703 1.40701 1.40702
 1.40704 1.40703 1.40699 1.40703 1.40708 1.40706 1.40708 1.40712 1.40712
 1.40713 1.40714 1.40719 1.40721 1.40719 1.40715 1.40713 1.40717 1.40718
 1.40718 1.40723 1.40728 1.4073  1.40731 1.40733 1.40731 1.40734 1.40735
 1.40735 1.40732 1.40731 1.40737 1.40735 1.40736 1.40736 1.40734 1.40731
 1.40734 1.40739 1.40738 1.4074  1.40739 1.40744 1.40742 1.40742 1.40744
 1.40746 1.40752 1.40754 1.4075  1.40751 1.40752 1.40754 1.40757 1.40757
 1.40757 1.40758 1.40759 1.40754 1.40758 1.40763 1.40767 1.40768 1.40769
 1.40769 1.40763 1.40763 1.40764 1.40763 1.40764 1.40765 1.40768 1.40773
 1.40773 1.40772 1.40774 1.40776 1.40773 1.40774 1.40773 1.40774 1.40773
 1.40774]