[1.40157 1.40157 1.40157 1.40156 1.40155 1.40154 1.40155 1.40156 1.40156
 1.40157 1.40156 1.40156 1.40156 1.40156 1.40156 1.40158 1.40159 1.40158
 1.40159 1.4016  1.40157 1.40158 1.40158 1.40158 1.40158 1.40158 1.40159
 1.4016  1.40163 1.4016  1.40159 1.40158 1.40157 1.40156 1.40156 1.40155
 1.40157 1.40157 1.40154 1.40153 1.40153 1.40151 1.40152 1.40153 1.40153
 1.40152 1.40152 1.40152 1.4015  1.4015  1.4015  1.40151 1.4015  1.40148
 1.40146 1.40148 1.40148 1.40148 1.40149 1.40149 1.40149 1.40149 1.40148
 1.40148 1.4015  1.40149 1.40149 1.40149 1.40149 1.4015  1.4015  1.4015
 1.40148 1.40147 1.40149 1.40151 1.40153 1.40152 1.40151 1.40148 1.40148
 1.40148 1.40148 1.40147 1.40148 1.40145 1.40143 1.40143 1.40143 1.40144
 1.40147 1.40145 1.40144 1.40143 1.40145 1.40145 1.40145 1.40144 1.40144
 1.40146][1.41889 1.41889 1.41887 1.41888 1.41889 1.4189  1.4189  1.41891 1.4189
 1.41893 1.41893 1.41893 1.41893 1.41894 1.41893 1.41892 1.41892 1.41892
 1.41893 1.41894 1.41894 1.41892 1.41891 1.41891 1.41891 1.41893 1.41893
 1.41892 1.4189  1.41889 1.41886 1.41887 1.41886 1.41886 1.41887 1.4189
 1.41889 1.41887 1.41889 1.41888 1.41886 1.41888 1.41887 1.41886 1.41886
 1.41886 1.41884 1.41884 1.41883 1.41884 1.41886 1.41885 1.41885 1.41884
 1.41882 1.4188  1.41877 1.41876 1.41876 1.41874 1.41873 1.41874 1.41873
 1.41872 1.4187  1.4187  1.41871 1.41873 1.41874 1.41872 1.41872 1.4187
 1.4187  1.41869 1.41869 1.41872 1.41873 1.41871 1.41872 1.41872 1.41871
 1.41871 1.41871 1.41871 1.41873 1.41873 1.41872 1.41874 1.41874 1.41874
 1.41874 1.41872 1.41873 1.41872 1.41874 1.41874 1.41875 1.41875 1.41876
 1.41875][1.45768 1.45768 1.45769 1.45767 1.45769 1.4577  1.45771 1.45772 1.45773
 1.45774 1.45773 1.45773 1.45773 1.45773 1.45771 1.45772 1.4577  1.4577
 1.45773 1.45774 1.45774 1.45773 1.45775 1.45777 1.45779 1.4578  1.45778
 1.45777 1.45778 1.45779 1.45779 1.45777 1.45777 1.45779 1.45778 1.45778
 1.45777 1.45779 1.4578  1.45777 1.45776 1.45779 1.45777 1.45777 1.45778
 1.45777 1.45777 1.45776 1.45775 1.45775 1.45776 1.45779 1.45779 1.4578
 1.45781 1.45779 1.45779 1.45778 1.45778 1.45778 1.45778 1.45779 1.45781
 1.4578  1.45781 1.45783 1.4578  1.45778 1.45777 1.45777 1.45776 1.45775
 1.45775 1.45772 1.45772 1.45772 1.45772 1.45772 1.45771 1.4577  1.4577
 1.45769 1.45771 1.45769 1.45768 1.45767 1.45766 1.45766 1.45768 1.45768
 1.45768 1.45769 1.4577  1.45771 1.4577  1.45767 1.45768 1.45768 1.45768
 1.45766][1.39608 1.39609 1.39607 1.39608 1.39607 1.39608 1.39607 1.39606 1.39607
 1.39606 1.39607 1.39607 1.39608 1.39607 1.39606 1.39606 1.39606 1.39606
 1.39607 1.39608 1.39608 1.39609 1.3961  1.39611 1.3961  1.39609 1.39611
 1.39612 1.39613 1.39612 1.39612 1.3961  1.39607 1.39609 1.39609 1.39608
 1.39609 1.39609 1.39609 1.39608 1.39608 1.39606 1.39608 1.39609 1.39612
 1.3961  1.39612 1.39611 1.39611 1.39611 1.3961  1.39611 1.39612 1.39611
 1.3961  1.39611 1.3961  1.3961  1.39609 1.39608 1.39607 1.39608 1.39608
 1.3961  1.39609 1.39609 1.39606 1.39604 1.39606 1.39604 1.39604 1.39602
 1.39602 1.39599 1.39597 1.39595 1.39597 1.39598 1.39596 1.39595 1.39593
 1.39593 1.39595 1.39594 1.39594 1.39592 1.39589 1.3959  1.39591 1.39588
 1.39587 1.39586 1.39589 1.39587 1.39588 1.39589 1.39589 1.3959  1.39588
 1.39589][1.40114 1.40115 1.40115 1.40114 1.40111 1.40111 1.4011  1.4011  1.40111
 1.40114 1.40114 1.40115 1.40116 1.40116 1.40114 1.40117 1.40116 1.40115
 1.40117 1.40116 1.40117 1.40115 1.40115 1.40116 1.40118 1.40114 1.40115
 1.40114 1.40115 1.40115 1.40114 1.40113 1.40111 1.40111 1.40111 1.40111
 1.40111 1.40112 1.40111 1.40112 1.40112 1.40111 1.40109 1.40107 1.40106
 1.40106 1.40108 1.40107 1.40108 1.40109 1.40107 1.40108 1.40108 1.40107
 1.40106 1.40108 1.40107 1.40107 1.40108 1.40107 1.40108 1.40109 1.40109
 1.40108 1.40106 1.40107 1.40107 1.40107 1.40108 1.40106 1.40108 1.40108
 1.40109 1.40109 1.40108 1.40109 1.40109 1.40108 1.40106 1.40104 1.40106
 1.40104 1.40103 1.40105 1.40105 1.40104 1.40103 1.40101 1.40104 1.40103
 1.40105 1.40105 1.40103 1.40103 1.40102 1.40102 1.401   1.40101 1.40102
 1.40104][1.41491 1.41491 1.41489 1.41492 1.41494 1.41492 1.41495 1.41495 1.41495
 1.41496 1.41496 1.41494 1.41495 1.41495 1.41495 1.41497 1.41498 1.41498
 1.41499 1.41501 1.41501 1.41501 1.415   1.41499 1.41499 1.41499 1.41501
 1.41502 1.41504 1.41502 1.415   1.415   1.41498 1.41499 1.415   1.41501
 1.415   1.41501 1.41503 1.41505 1.41506 1.41507 1.41506 1.41506 1.41507
 1.41509 1.41509 1.4151  1.4151  1.41509 1.41512 1.4151  1.41511 1.41512
 1.41512 1.41512 1.41512 1.41512 1.41512 1.41512 1.41511 1.41512 1.41514
 1.41513 1.41513 1.4151  1.41509 1.4151  1.41512 1.41512 1.41513 1.41511
 1.4151  1.4151  1.4151  1.41508 1.41507 1.41507 1.41506 1.41506 1.41504
 1.41502 1.41502 1.41504 1.41502 1.41503 1.41503 1.415   1.41499 1.41498
 1.41497 1.41496 1.41494 1.41493 1.41496 1.41495 1.41495 1.41497 1.41495
 1.41493][1.42012 1.42012 1.42011 1.4201  1.42009 1.42009 1.42011 1.42012 1.4201
 1.42009 1.4201  1.42008 1.42008 1.4201  1.42009 1.42009 1.42008 1.42011
 1.42014 1.42014 1.42016 1.42015 1.42014 1.42014 1.42014 1.42016 1.42018
 1.4202  1.42022 1.42023 1.42024 1.42026 1.42027 1.42024 1.42024 1.42025
 1.42024 1.42024 1.42023 1.42025 1.42024 1.42023 1.42022 1.42023 1.42021
 1.42021 1.4202  1.42018 1.42018 1.4202  1.4202  1.4202  1.4202  1.42022
 1.4202  1.42018 1.42018 1.42017 1.42017 1.42018 1.42019 1.42019 1.42019
 1.4202  1.42019 1.42019 1.42018 1.42016 1.42016 1.42016 1.42015 1.42014
 1.42015 1.42015 1.42014 1.42014 1.42012 1.42012 1.42012 1.42012 1.42012
 1.42011 1.42012 1.42011 1.42011 1.42009 1.4201  1.4201  1.42009 1.42008
 1.42006 1.42004 1.42003 1.42004 1.42004 1.42004 1.42003 1.42005 1.42006
 1.42005][1.40236 1.40235 1.40234 1.40232 1.40232 1.40233 1.40232 1.4023  1.4023
 1.40232 1.40233 1.40233 1.40232 1.40232 1.40232 1.40231 1.40233 1.40233
 1.40234 1.40234 1.40236 1.40235 1.40233 1.40235 1.40236 1.40235 1.40236
 1.40236 1.4024  1.40241 1.40241 1.40243 1.40241 1.40242 1.40243 1.40241
 1.4024  1.40239 1.40239 1.4024  1.40241 1.40241 1.40239 1.40239 1.40239
 1.40238 1.4024  1.4024  1.4024  1.40242 1.40243 1.40243 1.40245 1.40245
 1.40247 1.40247 1.40247 1.40249 1.4025  1.4025  1.40249 1.4025  1.40249
 1.40249 1.40249 1.40248 1.40248 1.40249 1.40251 1.40249 1.40247 1.40245
 1.40247 1.40246 1.40246 1.40249 1.40249 1.40246 1.40244 1.40246 1.40245
 1.40244 1.40247 1.40246 1.40246 1.40248 1.40246 1.40248 1.40247 1.40247
 1.40247 1.40247 1.40246 1.40245 1.40245 1.40244 1.40245 1.40246 1.40245
 1.40247][1.40615 1.40617 1.40618 1.40618 1.40619 1.40619 1.40618 1.40617 1.40618
 1.40619 1.40618 1.40619 1.4062  1.4062  1.40619 1.40619 1.40619 1.4062
 1.40619 1.40618 1.40623 1.40621 1.40621 1.40619 1.40622 1.4062  1.40619
 1.40618 1.40619 1.4062  1.4062  1.4062  1.40621 1.4062  1.40619 1.4062
 1.40619 1.40619 1.40617 1.40617 1.40619 1.40621 1.40623 1.40622 1.40624
 1.40623 1.40621 1.4062  1.40619 1.40618 1.40618 1.4062  1.40618 1.4062
 1.40621 1.40621 1.40624 1.40624 1.40625 1.40626 1.40625 1.40625 1.40626
 1.40626 1.40628 1.40627 1.40626 1.40626 1.40625 1.40625 1.40625 1.40625
 1.40624 1.40626 1.40625 1.40626 1.40626 1.40627 1.40627 1.40626 1.40626
 1.40627 1.40625 1.40624 1.40624 1.40626 1.40625 1.40623 1.40624 1.40625
 1.40625 1.40624 1.40623 1.40622 1.40621 1.40623 1.40622 1.40621 1.40621
 1.40622][1.44462 1.4446  1.4446  1.44462 1.44462 1.44463 1.44466 1.44466 1.44466
 1.44464 1.44465 1.44467 1.44466 1.44467 1.44467 1.44468 1.44467 1.44468
 1.4447  1.44468 1.4447  1.4447  1.4447  1.44469 1.44468 1.4447  1.4447
 1.44472 1.44471 1.44471 1.44472 1.44471 1.44472 1.44471 1.4447  1.44469
 1.44469 1.44467 1.44466 1.44467 1.44467 1.44468 1.44465 1.44466 1.44468
 1.44469 1.4447  1.4447  1.44472 1.44472 1.44472 1.44474 1.44474 1.44475
 1.44477 1.44477 1.44482 1.44482 1.44481 1.44482 1.44482 1.44485 1.44484
 1.44484 1.44483 1.44484 1.44483 1.44481 1.44483 1.44486 1.44485 1.44485
 1.44485 1.44486 1.44486 1.44485 1.44488 1.44491 1.4449  1.4449  1.44491
 1.44492 1.44492 1.44492 1.44492 1.44491 1.44493 1.44495 1.44496 1.44494
 1.44494 1.44494 1.44494 1.44492 1.44493 1.44494 1.44495 1.44495 1.44496
 1.44495]