[1.41774 1.41763 1.41774 1.41713 1.41729 1.4173  1.41754 1.4172  1.41701
 1.41713 1.41801 1.4173  1.41713 1.41697 1.41669 1.41655 1.41644 1.41678
 1.417   1.41646 1.41611 1.41618 1.41648 1.41589 1.41564 1.41439 1.41507
 1.41418 1.41413 1.41378 1.41336 1.41279 1.41271 1.41241 1.41243 1.41089
 1.41089 1.41059 1.41018 1.41073 1.411   1.41071 1.41036 1.41021 1.40929
 1.40974 1.41    1.40941 1.40905 1.40883 1.40915 1.40887 1.40859 1.40774
 1.40792 1.40824 1.40764 1.40728 1.40695 1.40786 1.40768 1.40722 1.40732
 1.40675 1.40633 1.40601 1.40633 1.40622 1.40709 1.40693 1.40712 1.40681
 1.40654 1.40645 1.40596 1.40604 1.40577 1.40473 1.40571 1.40438 1.40363
 1.40352 1.40345 1.40321 1.40329 1.40445 1.40415 1.40322 1.40306 1.40366
 1.4031  1.40357 1.40404 1.40443 1.40466 1.4041  1.40425 1.40545 1.40541
 1.40556][1.49943 1.49954 1.49941 1.49888 1.4991  1.49949 1.49948 1.4991  1.49984
 1.49995 1.50064 1.50088 1.50169 1.50146 1.50149 1.50239 1.50186 1.50291
 1.5026  1.50281 1.50317 1.50317 1.50313 1.50424 1.50381 1.50462 1.50444
 1.504   1.50379 1.50375 1.50336 1.50281 1.50321 1.50231 1.50177 1.50125
 1.50015 1.49994 1.49985 1.49963 1.5     1.50018 1.50054 1.50003 1.49956
 1.49827 1.4977  1.49736 1.49708 1.49693 1.4968  1.49642 1.4959  1.49491
 1.49571 1.49642 1.49544 1.49406 1.49306 1.49283 1.49281 1.49315 1.49376
 1.49379 1.49296 1.49362 1.49441 1.49371 1.49375 1.4944  1.49443 1.49379
 1.49391 1.49349 1.49367 1.49392 1.49355 1.49289 1.49272 1.4925  1.49213
 1.49241 1.49142 1.49154 1.49091 1.49074 1.49045 1.49046 1.48959 1.48916
 1.48817 1.48813 1.48819 1.4883  1.48791 1.48742 1.48698 1.48627 1.48613
 1.48578][1.55679 1.55667 1.55629 1.5573  1.55759 1.5587  1.55967 1.56045 1.56066
 1.56167 1.56183 1.56306 1.56293 1.56313 1.56407 1.56435 1.56451 1.56505
 1.56463 1.56593 1.56723 1.56778 1.56837 1.56997 1.57097 1.57101 1.57089
 1.57044 1.57119 1.57062 1.56975 1.56877 1.56828 1.56806 1.56804 1.56717
 1.56717 1.56613 1.56572 1.5652  1.56546 1.56441 1.56398 1.56282 1.56186
 1.56147 1.56124 1.55972 1.55964 1.5603  1.55982 1.55983 1.55984 1.56081
 1.56127 1.56254 1.56147 1.5609  1.5599  1.55918 1.55827 1.55813 1.55766
 1.55781 1.55791 1.55677 1.5566  1.55499 1.55524 1.55584 1.55536 1.55391
 1.55282 1.5529  1.55258 1.5514  1.55089 1.54947 1.5505  1.55035 1.54945
 1.54893 1.54774 1.5461  1.54596 1.54471 1.54434 1.54286 1.54187 1.54189
 1.54164 1.54198 1.54181 1.54138 1.54155 1.53971 1.53986 1.53962 1.53794
 1.53724][1.55477 1.55467 1.55464 1.55465 1.55483 1.55487 1.55568 1.55584 1.55614
 1.55651 1.55658 1.55787 1.55793 1.55848 1.55858 1.55962 1.55973 1.55988
 1.5601  1.56075 1.56112 1.56089 1.56167 1.56185 1.56298 1.56415 1.56454
 1.56469 1.56462 1.56534 1.56682 1.56698 1.56738 1.56752 1.56754 1.56702
 1.56717 1.56745 1.56771 1.56893 1.56853 1.56722 1.56676 1.56579 1.56514
 1.56412 1.56429 1.56358 1.56322 1.56361 1.56301 1.56431 1.56341 1.56425
 1.5633  1.5626  1.56102 1.56074 1.56062 1.55947 1.55933 1.5579  1.55785
 1.55774 1.55778 1.55726 1.55569 1.55499 1.55491 1.5549  1.5534  1.5524
 1.55312 1.55174 1.5519  1.55129 1.55079 1.54969 1.54968 1.5503  1.54964
 1.55098 1.55044 1.5509  1.55039 1.55075 1.55152 1.55129 1.55104 1.55105
 1.55083 1.54974 1.54986 1.54941 1.55014 1.54973 1.5487  1.5473  1.54685
 1.54594][1.60712 1.60691 1.60655 1.60649 1.60613 1.60661 1.60659 1.60667 1.60707
 1.60753 1.60802 1.60778 1.60922 1.60988 1.61079 1.6111  1.61122 1.61118
 1.61211 1.61381 1.61345 1.6143  1.61543 1.61555 1.61681 1.61658 1.61657
 1.61694 1.61739 1.61743 1.61819 1.61814 1.61718 1.61731 1.61758 1.61835
 1.61767 1.61896 1.61955 1.61875 1.61901 1.61997 1.61953 1.621   1.62197
 1.62261 1.62292 1.62305 1.62307 1.62341 1.62267 1.62246 1.62202 1.6217
 1.62276 1.62153 1.62029 1.61973 1.62017 1.62029 1.62111 1.62078 1.62036
 1.61993 1.61976 1.61923 1.61806 1.61816 1.61715 1.61696 1.61542 1.61483
 1.61452 1.61449 1.61426 1.61367 1.61239 1.61213 1.61224 1.61181 1.61211
 1.61104 1.61029 1.61101 1.60973 1.61086 1.61045 1.60949 1.6092  1.60842
 1.60768 1.60688 1.60682 1.60681 1.60589 1.60554 1.60535 1.60396 1.60457
 1.60409][1.56679 1.56633 1.56647 1.5661  1.56627 1.56689 1.566   1.56616 1.56613
 1.56593 1.56616 1.56602 1.56646 1.56693 1.567   1.56711 1.56706 1.56704
 1.56777 1.56742 1.56824 1.56721 1.56736 1.56834 1.56887 1.56873 1.56952
 1.5712  1.57103 1.5711  1.5714  1.57203 1.57357 1.57325 1.57418 1.57473
 1.57486 1.57542 1.57561 1.5756  1.57526 1.57485 1.57459 1.5747  1.5744
 1.57313 1.574   1.57367 1.57535 1.57581 1.57633 1.57742 1.57788 1.57878
 1.5791  1.57993 1.58101 1.58208 1.58177 1.58123 1.58075 1.58048 1.58001
 1.57986 1.58041 1.58042 1.58008 1.57967 1.57816 1.57818 1.5773  1.57906
 1.57964 1.57839 1.57794 1.57715 1.57702 1.57657 1.57476 1.57466 1.57366
 1.57236 1.57119 1.56995 1.56973 1.57031 1.57028 1.56945 1.56911 1.56886
 1.56868 1.56781 1.56814 1.5675  1.5671  1.567   1.56582 1.56476 1.56424
 1.56477][1.77648 1.77644 1.77617 1.77653 1.77578 1.77632 1.77614 1.77661 1.77609
 1.77743 1.77762 1.77807 1.779   1.77887 1.77939 1.78032 1.77926 1.7792
 1.77958 1.78002 1.78003 1.77978 1.77967 1.78053 1.78151 1.78135 1.78223
 1.78286 1.78391 1.78554 1.78579 1.78633 1.7885  1.78772 1.78911 1.79006
 1.79043 1.79055 1.79236 1.79338 1.79457 1.79411 1.79404 1.79583 1.79641
 1.79784 1.7987  1.7996  1.80163 1.80118 1.80112 1.80181 1.80319 1.80324
 1.80384 1.80581 1.80604 1.80732 1.80916 1.80966 1.80874 1.80819 1.80915
 1.80788 1.80775 1.80898 1.81008 1.81003 1.81092 1.81199 1.81177 1.81191
 1.81105 1.81137 1.81057 1.80977 1.81004 1.81008 1.81009 1.81054 1.80985
 1.80976 1.80954 1.80902 1.8104  1.80938 1.80712 1.80572 1.80587 1.80496
 1.80513 1.80515 1.80419 1.80403 1.80364 1.80361 1.80227 1.80097 1.80133
 1.80102][1.84635 1.84639 1.84645 1.84676 1.84665 1.84635 1.84718 1.84712 1.84708
 1.84756 1.84732 1.84772 1.84727 1.84745 1.84829 1.84872 1.84773 1.84911
 1.8499  1.84974 1.84985 1.85098 1.8506  1.85027 1.85038 1.85118 1.85254
 1.8535  1.85335 1.85611 1.85658 1.85744 1.85807 1.85783 1.85765 1.85789
 1.85816 1.85806 1.85845 1.8595  1.86074 1.86188 1.86241 1.86335 1.86383
 1.866   1.86586 1.86599 1.86779 1.86811 1.86766 1.86964 1.87013 1.87148
 1.87017 1.8697  1.8698  1.87076 1.87051 1.87049 1.87103 1.87311 1.87379
 1.87397 1.87414 1.87666 1.87694 1.87695 1.87816 1.8778  1.87688 1.87799
 1.87891 1.87954 1.88188 1.88332 1.88414 1.88393 1.88505 1.88693 1.88631
 1.88564 1.88417 1.88477 1.88515 1.8843  1.8853  1.88478 1.88603 1.88623
 1.88469 1.88433 1.88393 1.8842  1.88272 1.88131 1.8817  1.8826  1.88233
 1.88112][1.95499 1.9554  1.95614 1.95611 1.95661 1.95634 1.95813 1.95853 1.95811
 1.95841 1.9572  1.95709 1.95846 1.95863 1.95887 1.95941 1.95931 1.95952
 1.95967 1.96013 1.95953 1.95968 1.95976 1.95992 1.95893 1.95936 1.95968
 1.96043 1.96321 1.96354 1.9637  1.96385 1.96273 1.96446 1.96617 1.96659
 1.96774 1.96854 1.96988 1.97051 1.97029 1.97087 1.97158 1.9711  1.9726
 1.97432 1.97561 1.97608 1.97479 1.97586 1.97727 1.97916 1.97943 1.98103
 1.98311 1.98299 1.98472 1.98427 1.98457 1.98447 1.9855  1.98777 1.99163
 1.99317 1.99283 1.99396 1.99596 1.99567 1.99708 1.99937 2.00237 2.00276
 2.00276 2.00396 2.00648 2.00845 2.00923 2.0092  2.01109 2.01065 2.01027
 2.0114  2.01037 2.01237 2.01248 2.01327 2.01238 2.01104 2.01168 2.01163
 2.01291 2.01175 2.01219 2.00991 2.0095  2.01014 2.01061 2.00945 2.00865
 2.00761][1.75354 1.75363 1.75317 1.75298 1.75314 1.75312 1.753   1.75316 1.75296
 1.75373 1.75408 1.75456 1.75521 1.75545 1.75569 1.75496 1.75503 1.75525
 1.75474 1.75481 1.75537 1.75537 1.75655 1.75723 1.75709 1.75829 1.75891
 1.75797 1.75865 1.75897 1.75778 1.7566  1.75656 1.75688 1.7575  1.75829
 1.75979 1.76104 1.76052 1.76004 1.76052 1.76088 1.76031 1.76089 1.76101
 1.76176 1.76252 1.76178 1.7625  1.76396 1.76419 1.76368 1.76394 1.7632
 1.76479 1.76508 1.7662  1.76574 1.7671  1.76789 1.76786 1.7683  1.76785
 1.76761 1.76855 1.76876 1.76886 1.7689  1.7685  1.76879 1.76978 1.7691
 1.7695  1.77101 1.77199 1.77111 1.7731  1.77397 1.77646 1.77751 1.77718
 1.7775  1.77796 1.77848 1.77888 1.77897 1.77875 1.77972 1.77996 1.78101
 1.78115 1.78177 1.78255 1.78264 1.78327 1.78363 1.78238 1.78165 1.78117
 1.78088]