[1.41501 1.41513 1.41538 1.41558 1.41573 1.41564 1.41594 1.41587 1.41576
 1.41611 1.41626 1.41629 1.41637 1.41613 1.41632 1.41629 1.41628 1.4158
 1.41637 1.41652 1.41641 1.4165  1.41619 1.41648 1.41648 1.41638 1.41644
 1.41608 1.41614 1.41599 1.41609 1.416   1.4157  1.41598 1.41592 1.41606
 1.41597 1.41558 1.41548 1.41593 1.4158  1.41594 1.4157  1.41556 1.41531
 1.41545 1.4154  1.41564 1.41576 1.41576 1.41595 1.41622 1.41574 1.41559
 1.41537 1.41485 1.4149  1.41487 1.41507 1.41499 1.41481 1.41499 1.41498
 1.4148  1.41456 1.41454 1.41425 1.41427 1.41429 1.41422 1.41385 1.41359
 1.41334 1.41321 1.4129  1.41269 1.41252 1.41217 1.41234 1.41158 1.41121
 1.41146 1.41183 1.41174 1.41196 1.41223 1.41203 1.41196 1.41173 1.41162
 1.41118 1.41093 1.41073 1.41086 1.41116 1.4113  1.411   1.41103 1.41109
 1.41102][1.34585 1.34573 1.34574 1.34577 1.3459  1.34586 1.34572 1.34556 1.34555
 1.34559 1.34562 1.34569 1.34553 1.34591 1.34632 1.34618 1.3464  1.34611
 1.34588 1.34573 1.34568 1.34563 1.34564 1.34567 1.34542 1.34542 1.345
 1.34507 1.34438 1.34466 1.34466 1.34464 1.34465 1.34433 1.34431 1.34407
 1.34413 1.34436 1.3443  1.3448  1.34468 1.34442 1.34434 1.34449 1.34413
 1.34427 1.34431 1.34406 1.34412 1.34433 1.34393 1.34399 1.34384 1.34417
 1.34407 1.34394 1.34392 1.34385 1.34382 1.3438  1.34357 1.34391 1.34379
 1.34347 1.34332 1.34304 1.34274 1.34249 1.34256 1.34255 1.34287 1.34301
 1.34302 1.34304 1.34321 1.34315 1.34308 1.34297 1.34238 1.34217 1.34241
 1.34241 1.34239 1.34213 1.34228 1.34221 1.34222 1.34237 1.34237 1.34252
 1.34262 1.34255 1.34273 1.34252 1.34246 1.34238 1.34238 1.34273 1.34269
 1.3425 ][1.42074 1.42101 1.42077 1.42088 1.42097 1.42116 1.42083 1.42105 1.42131
 1.42127 1.42074 1.42056 1.42111 1.42143 1.42139 1.4214  1.42096 1.42105
 1.42112 1.42128 1.42141 1.4215  1.42183 1.42207 1.42214 1.42179 1.42212
 1.42222 1.42224 1.42242 1.42208 1.42249 1.42214 1.422   1.42221 1.42226
 1.42226 1.42189 1.42171 1.42195 1.4222  1.42226 1.42194 1.42203 1.42208
 1.4222  1.42213 1.42174 1.42158 1.42163 1.42144 1.42107 1.42146 1.4211
 1.4212  1.42086 1.42108 1.42095 1.42106 1.42089 1.42079 1.42057 1.42066
 1.4208  1.42134 1.42119 1.42097 1.42071 1.42058 1.42035 1.41988 1.41972
 1.41922 1.41918 1.4187  1.41888 1.41863 1.41872 1.41873 1.41866 1.41866
 1.41827 1.41824 1.41805 1.41809 1.41794 1.41775 1.41792 1.41823 1.41805
 1.41794 1.41798 1.41783 1.41812 1.41812 1.41811 1.41806 1.41843 1.41835
 1.41838][1.44824 1.44821 1.4482  1.44829 1.44836 1.44817 1.44823 1.44833 1.44877
 1.44878 1.44901 1.44893 1.44882 1.44889 1.44876 1.44875 1.44905 1.44862
 1.44884 1.44881 1.44875 1.44851 1.44879 1.44871 1.44855 1.44874 1.44873
 1.44877 1.44955 1.45008 1.44981 1.44999 1.45001 1.44978 1.44991 1.45012
 1.45026 1.45037 1.45039 1.45027 1.45026 1.45052 1.44979 1.44998 1.45028
 1.45053 1.45088 1.45082 1.45088 1.45088 1.45089 1.451   1.4515  1.45123
 1.45111 1.45146 1.45143 1.45165 1.45135 1.4516  1.45117 1.451   1.45109
 1.4512  1.45105 1.45081 1.45041 1.45029 1.44998 1.44991 1.44994 1.45007
 1.45038 1.44994 1.44974 1.45002 1.4498  1.44945 1.44961 1.44974 1.44997
 1.44953 1.44958 1.44939 1.44943 1.44956 1.44923 1.449   1.44847 1.44871
 1.44892 1.44852 1.44817 1.44805 1.44804 1.44816 1.44787 1.44796 1.44789
 1.44798][1.4382  1.43819 1.43797 1.43808 1.43787 1.43824 1.43819 1.43814 1.4382
 1.43833 1.43847 1.43886 1.43859 1.4389  1.43883 1.43864 1.43893 1.43887
 1.43855 1.43838 1.43836 1.43873 1.43879 1.439   1.43919 1.43931 1.43985
 1.43949 1.43963 1.43955 1.4396  1.43944 1.43961 1.43985 1.43994 1.44022
 1.4405  1.44073 1.44087 1.4408  1.44057 1.44031 1.44006 1.44013 1.44013
 1.44041 1.44063 1.44047 1.44012 1.44032 1.44012 1.43969 1.43929 1.43942
 1.43895 1.4389  1.43882 1.439   1.43881 1.43823 1.4381  1.43837 1.43829
 1.43898 1.43943 1.43938 1.43959 1.4397  1.43995 1.43997 1.44037 1.43978
 1.43932 1.4398  1.43962 1.43912 1.43885 1.43842 1.43832 1.43854 1.43806
 1.43828 1.43787 1.43813 1.438   1.43755 1.43747 1.43742 1.43758 1.43778
 1.43758 1.4375  1.43728 1.43712 1.43744 1.43749 1.43754 1.43765 1.4374
 1.43729][1.51491 1.51491 1.51507 1.51506 1.51502 1.51489 1.51518 1.51534 1.51559
 1.5154  1.51534 1.51529 1.51563 1.51574 1.51531 1.51566 1.51564 1.51567
 1.5156  1.51552 1.51574 1.51572 1.51557 1.51534 1.51533 1.51529 1.51532
 1.51501 1.51525 1.51589 1.51591 1.51578 1.51608 1.51629 1.51614 1.51633
 1.51652 1.51628 1.51633 1.5168  1.51675 1.51667 1.51726 1.51769 1.51804
 1.51808 1.51924 1.51955 1.51991 1.5204  1.5203  1.52049 1.52067 1.52083
 1.52088 1.52102 1.52088 1.5207  1.52117 1.52147 1.52127 1.52097 1.52112
 1.52134 1.52114 1.5212  1.52081 1.52102 1.52068 1.52033 1.52043 1.5201
 1.51973 1.51986 1.52017 1.51994 1.52042 1.52021 1.52006 1.51988 1.51906
 1.51919 1.51887 1.51893 1.51842 1.51827 1.51826 1.51767 1.51775 1.51829
 1.51761 1.51754 1.51729 1.51723 1.5175  1.51757 1.51795 1.51787 1.51832
 1.51837][1.48965 1.48971 1.48973 1.48987 1.49015 1.49017 1.49023 1.49063 1.49091
 1.49078 1.49082 1.49125 1.49173 1.4917  1.49167 1.49176 1.49153 1.49122
 1.49085 1.49084 1.49065 1.49056 1.49028 1.49066 1.49096 1.49081 1.49117
 1.49135 1.49126 1.4911  1.49132 1.49152 1.49166 1.4917  1.49146 1.49149
 1.49198 1.49242 1.49288 1.49293 1.49347 1.49357 1.49337 1.49331 1.49313
 1.49301 1.49309 1.49299 1.49299 1.49223 1.4919  1.49199 1.49175 1.49229
 1.49246 1.49247 1.49256 1.49235 1.49212 1.49281 1.49264 1.49288 1.49278
 1.49327 1.49392 1.49443 1.49512 1.49482 1.49473 1.49508 1.49499 1.49441
 1.49386 1.49414 1.49364 1.49367 1.49376 1.49419 1.49398 1.49413 1.49391
 1.49369 1.49387 1.49355 1.49311 1.49301 1.49299 1.4926  1.49204 1.49158
 1.49125 1.4912  1.49161 1.4914  1.49124 1.49163 1.49139 1.49084 1.49077
 1.49049][1.50331 1.50334 1.50381 1.50375 1.50358 1.50349 1.50328 1.50339 1.50342
 1.50363 1.50378 1.50375 1.50372 1.50359 1.50344 1.50347 1.50337 1.50396
 1.50437 1.50444 1.50473 1.50477 1.50456 1.50459 1.50445 1.50444 1.50495
 1.50506 1.50493 1.50485 1.50502 1.50518 1.50505 1.50519 1.50548 1.50579
 1.50561 1.50565 1.50583 1.50583 1.50574 1.50617 1.50621 1.50623 1.506
 1.50576 1.50547 1.50505 1.50522 1.50521 1.50515 1.50507 1.50543 1.50578
 1.50589 1.50595 1.50592 1.50654 1.50664 1.50687 1.50738 1.50735 1.50781
 1.50778 1.50777 1.5081  1.50814 1.50773 1.50782 1.50818 1.50855 1.50886
 1.50868 1.50936 1.50965 1.50912 1.50925 1.50936 1.50907 1.50903 1.50887
 1.50897 1.50853 1.50782 1.50719 1.50715 1.50686 1.50656 1.50649 1.50639
 1.50654 1.50646 1.50605 1.50607 1.50604 1.50548 1.50534 1.50524 1.50573
 1.50564][1.60012 1.59997 1.60012 1.60048 1.60085 1.6007  1.6007  1.60088 1.60099
 1.60161 1.60191 1.60199 1.60194 1.60209 1.60216 1.60196 1.60216 1.60196
 1.60212 1.60208 1.60211 1.60161 1.602   1.60185 1.60178 1.60189 1.60203
 1.60239 1.60203 1.60174 1.60152 1.60188 1.60179 1.60142 1.60128 1.60127
 1.60143 1.60169 1.60231 1.60225 1.60255 1.60257 1.60272 1.60349 1.60354
 1.60356 1.6038  1.60422 1.60432 1.60416 1.60433 1.60522 1.60555 1.60588
 1.60547 1.60556 1.60597 1.60709 1.60752 1.60795 1.60827 1.6084  1.6087
 1.60951 1.61011 1.61041 1.61107 1.61067 1.61121 1.61121 1.61134 1.61122
 1.61174 1.61227 1.61167 1.61217 1.61233 1.61197 1.6123  1.61206 1.61232
 1.61233 1.61222 1.61186 1.61217 1.61246 1.6126  1.61269 1.61306 1.61287
 1.61281 1.61262 1.61172 1.61125 1.61102 1.61059 1.61083 1.61076 1.61088
 1.61069][1.48229 1.48243 1.48243 1.48249 1.48261 1.48266 1.48271 1.4827  1.48271
 1.48291 1.48269 1.48313 1.48278 1.48264 1.48256 1.48241 1.48219 1.48211
 1.48203 1.48194 1.48173 1.48161 1.48187 1.48171 1.48213 1.48201 1.48219
 1.48211 1.48225 1.48217 1.48247 1.48213 1.48201 1.48209 1.48188 1.48215
 1.48211 1.48229 1.48195 1.4824  1.48275 1.48278 1.4828  1.4829  1.48309
 1.48338 1.48341 1.48324 1.4836  1.48358 1.48384 1.48396 1.48364 1.48389
 1.48418 1.484   1.48387 1.48385 1.48358 1.48362 1.48398 1.48439 1.48437
 1.48459 1.48484 1.48465 1.48488 1.48461 1.48429 1.48431 1.48476 1.48494
 1.48479 1.48462 1.48456 1.48455 1.48453 1.48473 1.48553 1.48554 1.48562
 1.48593 1.48605 1.48599 1.48626 1.48629 1.48665 1.48648 1.48628 1.48635
 1.48649 1.4868  1.48672 1.4867  1.48681 1.48657 1.48661 1.48724 1.48695
 1.48729]