[1.30364 1.30349 1.30345 1.30369 1.30382 1.30396 1.304   1.30424 1.30412
 1.30381 1.30375 1.3041  1.30434 1.30427 1.30374 1.30383 1.30357 1.30266
 1.30269 1.30227 1.30248 1.30212 1.30281 1.30293 1.30296 1.30249 1.3026
 1.30209 1.30165 1.30181 1.3016  1.30133 1.3009  1.30108 1.30079 1.30013
 1.29956 1.29917 1.29983 1.29964 1.29997 1.29908 1.29922 1.29856 1.29792
 1.2983  1.29787 1.29813 1.29836 1.29823 1.2982  1.29792 1.29771 1.29726
 1.29763 1.29805 1.29725 1.2975  1.29807 1.29829 1.29839 1.29859 1.29861
 1.2982  1.29715 1.29683 1.29667 1.29631 1.29638 1.29626 1.29602 1.29612
 1.29597 1.29629 1.29561 1.29543 1.29534 1.29475 1.29444 1.29443 1.29471
 1.29427 1.29372 1.29377 1.29367 1.29338 1.29318 1.2925  1.29212 1.29212
 1.29207 1.29172 1.29099 1.29131 1.29128 1.29088 1.29017 1.29036 1.29014
 1.29036][1.35335 1.35357 1.35332 1.35308 1.35284 1.35255 1.35317 1.35328 1.35349
 1.35343 1.35326 1.35296 1.3538  1.35411 1.35415 1.35445 1.35439 1.35419
 1.35365 1.35304 1.35278 1.35266 1.35184 1.35227 1.35226 1.35211 1.35166
 1.35138 1.35152 1.35174 1.35079 1.34952 1.34893 1.34839 1.3483  1.34786
 1.34792 1.34764 1.34695 1.34614 1.34501 1.34511 1.34501 1.34406 1.34341
 1.34282 1.34302 1.34296 1.34293 1.34253 1.34185 1.34129 1.34121 1.34102
 1.34024 1.34031 1.34054 1.34033 1.34031 1.34041 1.34    1.33984 1.33928
 1.33937 1.3388  1.33799 1.33755 1.33607 1.33602 1.33582 1.33586 1.33504
 1.3354  1.33584 1.33525 1.33495 1.33404 1.33414 1.33331 1.33423 1.33455
 1.33431 1.3338  1.33333 1.33317 1.33315 1.33313 1.3325  1.33267 1.33287
 1.33198 1.33111 1.33006 1.32939 1.32917 1.3293  1.32988 1.33011 1.33058
 1.33063][1.26073 1.26106 1.26081 1.26065 1.2601  1.26012 1.26054 1.2607  1.26097
 1.26098 1.26058 1.26024 1.26015 1.26022 1.26104 1.26076 1.26084 1.26057
 1.26081 1.2613  1.26139 1.26158 1.26171 1.26195 1.26156 1.26155 1.26117
 1.26087 1.2606  1.2613  1.26109 1.26138 1.26158 1.26185 1.26155 1.26093
 1.26114 1.26136 1.26072 1.26042 1.26081 1.261   1.26081 1.26038 1.2605
 1.26091 1.26072 1.26082 1.2609  1.26124 1.26062 1.2607  1.26028 1.25958
 1.25891 1.25868 1.25921 1.25918 1.25941 1.25961 1.25934 1.2591  1.2588
 1.25919 1.25964 1.25999 1.25962 1.25949 1.25926 1.25953 1.25891 1.25844
 1.25876 1.2589  1.2588  1.25842 1.25826 1.25754 1.25729 1.25751 1.25714
 1.25682 1.2562  1.25583 1.25578 1.25561 1.25583 1.25535 1.25532 1.25513
 1.25555 1.2556  1.25525 1.25488 1.25454 1.25425 1.25382 1.25418 1.25446
 1.25422][1.25699 1.2572  1.25725 1.25679 1.25665 1.25657 1.25675 1.25721 1.25782
 1.25795 1.25833 1.25811 1.25852 1.25871 1.25868 1.25866 1.25897 1.2587
 1.25816 1.2579  1.25849 1.25833 1.25853 1.25792 1.25801 1.25808 1.25853
 1.25841 1.25833 1.25866 1.25859 1.25835 1.25819 1.25835 1.25871 1.25866
 1.25845 1.25817 1.2584  1.25857 1.25803 1.25783 1.25781 1.25776 1.25731
 1.25688 1.2568  1.25639 1.25582 1.25615 1.25634 1.25612 1.25568 1.25552
 1.25559 1.25595 1.25606 1.25574 1.25526 1.25526 1.25504 1.25471 1.25475
 1.25439 1.25408 1.25383 1.25351 1.25391 1.25361 1.25329 1.25347 1.25382
 1.25394 1.25359 1.25425 1.25483 1.25482 1.25418 1.25385 1.25355 1.25368
 1.25286 1.25329 1.25347 1.25339 1.25263 1.25249 1.25251 1.25197 1.25169
 1.25196 1.25148 1.25128 1.2509  1.251   1.24983 1.24973 1.24935 1.24951
 1.24961][1.25447 1.25435 1.25447 1.25435 1.25458 1.25467 1.25432 1.25475 1.25473
 1.2552  1.25467 1.25488 1.25475 1.25527 1.25548 1.25598 1.25611 1.25601
 1.25644 1.25656 1.25596 1.2554  1.25574 1.2561  1.25564 1.25525 1.25524
 1.25582 1.2555  1.25594 1.25598 1.25561 1.25565 1.25538 1.25526 1.25586
 1.2561  1.25654 1.25618 1.2557  1.25568 1.25537 1.25571 1.25619 1.25616
 1.2563  1.25589 1.25573 1.25561 1.25547 1.25538 1.25558 1.25541 1.25511
 1.25476 1.25505 1.2552  1.25543 1.25524 1.25515 1.25518 1.25501 1.25556
 1.25564 1.25538 1.25585 1.25575 1.25548 1.25586 1.25509 1.25442 1.25392
 1.25405 1.25338 1.25337 1.25248 1.25237 1.25216 1.25215 1.25165 1.25128
 1.25165 1.25147 1.25197 1.25154 1.25156 1.25135 1.25142 1.25138 1.25121
 1.2512  1.2514  1.25067 1.24992 1.25021 1.24917 1.24877 1.24866 1.2485
 1.24836][1.23301 1.23318 1.23332 1.23315 1.2336  1.23322 1.23372 1.23397 1.23409
 1.23374 1.23311 1.23333 1.23316 1.23347 1.23367 1.23391 1.23396 1.2341
 1.2344  1.23442 1.23451 1.23424 1.23463 1.23455 1.23421 1.23434 1.2343
 1.23438 1.23405 1.23404 1.23452 1.23462 1.23422 1.23419 1.23411 1.23381
 1.23365 1.23382 1.234   1.23401 1.23416 1.2346  1.23492 1.23517 1.23513
 1.23528 1.23511 1.23539 1.23475 1.23487 1.2352  1.23573 1.23635 1.23714
 1.23758 1.23737 1.23695 1.23678 1.23702 1.23729 1.23724 1.2371  1.23687
 1.23649 1.23619 1.23561 1.23576 1.23522 1.23556 1.23533 1.23428 1.23425
 1.23432 1.234   1.23479 1.23423 1.234   1.23353 1.23301 1.23297 1.23287
 1.23294 1.23244 1.23243 1.23274 1.23272 1.23266 1.23261 1.23273 1.23127
 1.2314  1.23115 1.23108 1.23069 1.23074 1.23072 1.23063 1.23106 1.23054
 1.23065][1.17727 1.17719 1.17721 1.17731 1.17691 1.17722 1.17758 1.1773  1.17685
 1.17693 1.17691 1.17743 1.17771 1.17737 1.17757 1.17783 1.17779 1.17821
 1.17912 1.17955 1.17965 1.1799  1.18054 1.18101 1.1807  1.18036 1.18056
 1.18012 1.1802  1.18025 1.18072 1.18026 1.18067 1.18101 1.18071 1.18092
 1.18072 1.18114 1.18109 1.181   1.18138 1.1815  1.18215 1.18238 1.18206
 1.18238 1.18256 1.18193 1.18179 1.18204 1.18202 1.18243 1.18305 1.18338
 1.18359 1.1835  1.18331 1.18327 1.18339 1.18352 1.18371 1.18349 1.18357
 1.18402 1.18359 1.18369 1.18411 1.1844  1.18469 1.18508 1.18477 1.18514
 1.1849  1.18494 1.18466 1.18413 1.18423 1.18354 1.18359 1.18318 1.18351
 1.18312 1.1834  1.18365 1.18324 1.18312 1.18334 1.18371 1.18359 1.18384
 1.18339 1.18353 1.18336 1.18325 1.18312 1.1828  1.18316 1.18312 1.18349
 1.18315][1.18289 1.1827  1.18305 1.18244 1.18218 1.18214 1.18196 1.18219 1.18233
 1.1829  1.18273 1.18284 1.18296 1.18267 1.18296 1.18285 1.18291 1.18306
 1.18253 1.18294 1.18298 1.18331 1.18334 1.1834  1.18342 1.18355 1.18366
 1.18353 1.18315 1.18339 1.18291 1.18305 1.18339 1.18336 1.18345 1.18309
 1.18322 1.183   1.18279 1.18325 1.18354 1.18398 1.18426 1.18462 1.18511
 1.18521 1.18525 1.1852  1.18482 1.18487 1.18478 1.18457 1.18541 1.18598
 1.18685 1.1865  1.18586 1.18597 1.18616 1.18652 1.1868  1.18731 1.18733
 1.18787 1.18751 1.18747 1.18749 1.18768 1.18806 1.18849 1.1895  1.18982
 1.18946 1.18925 1.18967 1.18935 1.18999 1.18968 1.1902  1.19034 1.19055
 1.19    1.19    1.18991 1.18979 1.18975 1.1901  1.18931 1.18874 1.18922
 1.18889 1.18915 1.18923 1.18943 1.1886  1.18873 1.18872 1.18862 1.18849
 1.18846][1.14207 1.14215 1.14227 1.14247 1.14273 1.14269 1.1431  1.14341 1.14366
 1.14349 1.14412 1.14402 1.144   1.1443  1.14438 1.14456 1.14497 1.1451
 1.14544 1.14561 1.14577 1.14557 1.14566 1.14586 1.14615 1.14682 1.1467
 1.14677 1.14691 1.14739 1.14742 1.14764 1.14764 1.14741 1.1478  1.14821
 1.1485  1.14856 1.14918 1.14977 1.15016 1.15003 1.15008 1.15061 1.14976
 1.14956 1.14975 1.15033 1.15026 1.15051 1.15055 1.15024 1.15019 1.15045
 1.15106 1.15118 1.15118 1.15185 1.15143 1.15186 1.15213 1.15208 1.15187
 1.15171 1.15193 1.15184 1.15261 1.15272 1.1527  1.15313 1.15319 1.15307
 1.15318 1.15363 1.15389 1.15409 1.15405 1.15376 1.1532  1.15344 1.15331
 1.15337 1.15312 1.15239 1.15268 1.15298 1.15332 1.15369 1.15411 1.15411
 1.15386 1.15377 1.15357 1.15378 1.15375 1.15349 1.15275 1.1529  1.15227
 1.15205][1.1583  1.15823 1.15806 1.15807 1.15792 1.15825 1.15793 1.15794 1.15797
 1.15809 1.15839 1.1584  1.15873 1.15906 1.15921 1.1587  1.15899 1.159
 1.15917 1.15856 1.15941 1.16002 1.1605  1.16067 1.16099 1.16106 1.16125
 1.16147 1.1612  1.16122 1.16126 1.16077 1.1613  1.1618  1.16213 1.16237
 1.16315 1.16291 1.1632  1.16267 1.1624  1.16219 1.16222 1.16178 1.16162
 1.16193 1.16242 1.16272 1.16239 1.16293 1.16336 1.1631  1.16269 1.16251
 1.16263 1.16316 1.16323 1.16318 1.16319 1.16355 1.16354 1.16371 1.16403
 1.16402 1.16387 1.16416 1.16382 1.16362 1.16323 1.16315 1.16359 1.16334
 1.16309 1.16307 1.16313 1.16349 1.16384 1.1636  1.16388 1.16464 1.16472
 1.16464 1.16495 1.16567 1.16609 1.16661 1.16672 1.16708 1.16696 1.16738
 1.16774 1.16752 1.16773 1.16795 1.16774 1.16802 1.16798 1.16788 1.16793
 1.16815]