[1.79978 1.79982 1.79986 1.79981 1.79973 1.79968 1.79968 1.79972 1.79961
 1.79961 1.79964 1.79966 1.79962 1.79958 1.7996  1.79962 1.79959 1.79959
 1.79959 1.79955 1.79949 1.79947 1.79944 1.79946 1.79946 1.79948 1.79947
 1.79949 1.79946 1.79948 1.79954 1.79948 1.79952 1.79948 1.7995  1.79945
 1.7995  1.79948 1.7995  1.79959 1.79953 1.79952 1.7996  1.79962 1.79957
 1.79953 1.79948 1.7995  1.7995  1.79944 1.79946 1.79937 1.79939 1.79945
 1.79939 1.7994  1.79936 1.7994  1.79937 1.79939 1.79927 1.79929 1.79923
 1.79918 1.79911 1.79911 1.79906 1.7991  1.79906 1.79902 1.79904 1.79908
 1.7991  1.79915 1.79911 1.79916 1.79912 1.79908 1.79911 1.79906 1.79905
 1.79899 1.79906 1.79904 1.79894 1.79896 1.79894 1.79893 1.79894 1.79886
 1.79884 1.79889 1.79895 1.79895 1.79897 1.79893 1.79896 1.79894 1.79892
 1.7989 ][1.89317 1.89315 1.89316 1.89311 1.89308 1.89309 1.89309 1.89318 1.89313
 1.89318 1.89314 1.8932  1.89311 1.8931  1.89314 1.89313 1.89319 1.89326
 1.89317 1.89311 1.89299 1.89299 1.89295 1.89287 1.89292 1.89297 1.89298
 1.89292 1.89292 1.89288 1.89283 1.89284 1.89276 1.89277 1.89269 1.89263
 1.89261 1.89258 1.8926  1.8925  1.89243 1.89245 1.89239 1.89241 1.89237
 1.89232 1.89236 1.89238 1.89238 1.89235 1.89232 1.89229 1.89227 1.8923
 1.89229 1.89223 1.89219 1.89218 1.89212 1.89221 1.89211 1.89211 1.89207
 1.89209 1.8921  1.89208 1.89201 1.892   1.89193 1.89183 1.89181 1.89183
 1.89179 1.89171 1.8917  1.89167 1.89169 1.89166 1.8916  1.89158 1.8916
 1.8916  1.89164 1.89158 1.89157 1.89155 1.89147 1.89142 1.89139 1.89128
 1.89124 1.89113 1.89113 1.89107 1.89105 1.8911  1.89114 1.89112 1.89116
 1.89116][1.89849 1.89857 1.89858 1.89867 1.89867 1.89878 1.89885 1.89882 1.89894
 1.89904 1.89899 1.89897 1.89906 1.89919 1.89923 1.89921 1.89926 1.89929
 1.89931 1.89932 1.89934 1.89932 1.8993  1.89924 1.89922 1.89918 1.89913
 1.89912 1.89912 1.89909 1.89901 1.89894 1.89886 1.89888 1.89885 1.8988
 1.89884 1.89881 1.8988  1.89871 1.89873 1.89873 1.89873 1.89873 1.89871
 1.89869 1.89868 1.89862 1.89863 1.89864 1.89862 1.89865 1.89862 1.89866
 1.8987  1.89863 1.89859 1.89857 1.89854 1.89845 1.89843 1.8984  1.89846
 1.89841 1.89838 1.89843 1.89845 1.89843 1.89837 1.89841 1.89845 1.89843
 1.8984  1.89832 1.89834 1.89829 1.8983  1.89825 1.89824 1.89822 1.89829
 1.89826 1.89817 1.89817 1.89811 1.89811 1.89812 1.89809 1.89807 1.89804
 1.89804 1.89797 1.89797 1.89792 1.89792 1.89784 1.89781 1.89781 1.89775
 1.89772][1.83142 1.83139 1.83139 1.83138 1.83146 1.8315  1.8315  1.83155 1.83156
 1.83167 1.83174 1.83173 1.83174 1.83172 1.83172 1.83172 1.83164 1.83164
 1.83163 1.83171 1.83176 1.83175 1.83171 1.83175 1.83174 1.83183 1.83191
 1.83189 1.8319  1.83196 1.832   1.83205 1.83208 1.832   1.83201 1.83199
 1.832   1.83199 1.83194 1.83193 1.83188 1.83181 1.83184 1.8318  1.83177
 1.83174 1.83177 1.83174 1.83177 1.83176 1.83176 1.83172 1.83174 1.8318
 1.83179 1.83176 1.83176 1.8318  1.83176 1.83173 1.83174 1.83174 1.83172
 1.83175 1.83171 1.83167 1.83165 1.83161 1.83158 1.83166 1.83161 1.83164
 1.83154 1.8315  1.83146 1.83142 1.8314  1.83135 1.83134 1.83138 1.83131
 1.83128 1.83121 1.83126 1.83124 1.83134 1.83138 1.83138 1.83135 1.8313
 1.83127 1.83129 1.83129 1.83124 1.83123 1.83119 1.83119 1.83115 1.83118
 1.83112][1.80075 1.80083 1.80088 1.80089 1.80096 1.80095 1.80102 1.80105 1.80107
 1.8011  1.80106 1.80105 1.80106 1.80103 1.80098 1.80095 1.80091 1.80092
 1.80098 1.80106 1.80103 1.80105 1.80108 1.80113 1.80112 1.80111 1.80109
 1.80115 1.80114 1.80128 1.80127 1.8013  1.80139 1.80143 1.80144 1.80157
 1.8016  1.80162 1.80163 1.80156 1.80163 1.80166 1.80173 1.80172 1.80172
 1.80169 1.80172 1.80176 1.80174 1.80183 1.80182 1.80176 1.8018  1.80187
 1.80186 1.80181 1.8018  1.8018  1.80176 1.80177 1.80174 1.80171 1.80175
 1.80184 1.80183 1.80176 1.80184 1.80186 1.80183 1.80182 1.80179 1.80177
 1.8017  1.80165 1.80158 1.80157 1.80153 1.80149 1.80155 1.80153 1.80151
 1.80158 1.80156 1.80155 1.80153 1.80155 1.80159 1.80151 1.80153 1.80149
 1.8014  1.80139 1.80142 1.80141 1.8013  1.80128 1.80128 1.80127 1.80128
 1.80134][1.73882 1.73882 1.73875 1.73882 1.73886 1.73882 1.73879 1.73882 1.73885
 1.73886 1.73887 1.73888 1.73888 1.73887 1.73886 1.73882 1.73883 1.73876
 1.73877 1.73879 1.73888 1.73889 1.73893 1.73895 1.73894 1.73896 1.73898
 1.73901 1.739   1.73897 1.73901 1.73904 1.73906 1.73907 1.73907 1.7391
 1.7391  1.73917 1.73923 1.73927 1.73927 1.73928 1.73927 1.73924 1.73939
 1.73943 1.7394  1.73944 1.73941 1.73941 1.73944 1.73947 1.73941 1.73937
 1.7393  1.73929 1.73928 1.73931 1.73927 1.73935 1.73931 1.7393  1.73926
 1.73922 1.73929 1.73927 1.73922 1.73914 1.7391  1.73905 1.73901 1.73899
 1.73895 1.73895 1.73894 1.73898 1.73906 1.73903 1.73906 1.73903 1.73908
 1.73904 1.73903 1.73899 1.73897 1.739   1.73905 1.73901 1.73903 1.73899
 1.73892 1.73886 1.73881 1.73878 1.73877 1.73878 1.73872 1.73873 1.73876
 1.73873][1.99513 1.9953  1.99541 1.99549 1.99554 1.99553 1.99558 1.99561 1.99557
 1.9956  1.99567 1.9957  1.99568 1.99577 1.99567 1.99575 1.99582 1.99583
 1.99587 1.99583 1.99585 1.99584 1.99583 1.99587 1.99593 1.99594 1.99607
 1.99605 1.9961  1.99618 1.99621 1.99621 1.99615 1.99628 1.99625 1.99623
 1.99626 1.9963  1.99629 1.99621 1.99621 1.99619 1.99622 1.99625 1.99632
 1.99626 1.99632 1.99636 1.99632 1.99637 1.99642 1.99643 1.99643 1.99643
 1.99646 1.9964  1.99639 1.99645 1.99637 1.99648 1.99639 1.99637 1.99629
 1.99629 1.99627 1.99626 1.99624 1.99612 1.99606 1.99607 1.99609 1.9961
 1.99609 1.99614 1.99618 1.9962  1.99626 1.99615 1.99611 1.9961  1.99611
 1.99614 1.99617 1.99628 1.99621 1.99621 1.99618 1.99625 1.99623 1.99624
 1.99627 1.99625 1.99624 1.99617 1.9962  1.99615 1.99611 1.99615 1.99619
 1.99616][1.77171 1.77175 1.77178 1.77179 1.77179 1.77171 1.77174 1.77167 1.77164
 1.77158 1.77155 1.77158 1.77161 1.77172 1.77174 1.77173 1.7718  1.77179
 1.77177 1.77175 1.77177 1.77188 1.77191 1.77186 1.77183 1.77187 1.77189
 1.77188 1.77193 1.77192 1.7719  1.77181 1.77185 1.77183 1.77176 1.77176
 1.77179 1.77182 1.77195 1.77194 1.77193 1.77192 1.77188 1.77194 1.77201
 1.77201 1.77206 1.77208 1.77211 1.77207 1.77205 1.77206 1.77211 1.77216
 1.77216 1.77223 1.77216 1.77212 1.77214 1.77213 1.77216 1.77214 1.77226
 1.77232 1.77249 1.7725  1.77256 1.77249 1.77253 1.77259 1.77249 1.7725
 1.77251 1.77249 1.77239 1.77241 1.77244 1.7724  1.77246 1.77245 1.77245
 1.77239 1.77239 1.77234 1.7723  1.77237 1.77241 1.77236 1.77236 1.77234
 1.77233 1.77228 1.77223 1.77222 1.77216 1.7721  1.77209 1.77207 1.77203
 1.772  ][1.77564 1.77559 1.77566 1.77563 1.77562 1.77567 1.77572 1.77572 1.77568
 1.7758  1.77581 1.77577 1.7758  1.7758  1.77583 1.77579 1.77584 1.77587
 1.77586 1.77589 1.77587 1.77589 1.77594 1.77593 1.77598 1.77603 1.7761
 1.77609 1.77623 1.77623 1.77623 1.77623 1.77626 1.77621 1.7762  1.7762
 1.77616 1.77618 1.77622 1.77618 1.77622 1.77623 1.7762  1.77626 1.77623
 1.77621 1.77622 1.77625 1.77621 1.77617 1.7762  1.7762  1.77619 1.77622
 1.77624 1.7762  1.77622 1.77618 1.77616 1.77614 1.77612 1.7762  1.77625
 1.77623 1.77624 1.77636 1.77643 1.77636 1.7764  1.77644 1.7764  1.77638
 1.77642 1.77644 1.77647 1.77643 1.7764  1.77644 1.77652 1.77662 1.77659
 1.77667 1.77665 1.7766  1.77663 1.7766  1.77666 1.77661 1.77659 1.77663
 1.77663 1.77654 1.77655 1.77653 1.77648 1.77649 1.77653 1.7765  1.77644
 1.7764 ][1.90058 1.90062 1.90057 1.9006  1.90073 1.90076 1.90076 1.90078 1.90072
 1.90071 1.90074 1.9008  1.90082 1.90084 1.90084 1.90088 1.90085 1.90081
 1.9009  1.90088 1.90104 1.90108 1.90108 1.90115 1.90113 1.90107 1.90109
 1.90113 1.9011  1.90114 1.90116 1.9012  1.90126 1.90129 1.90124 1.90129
 1.90126 1.90118 1.90129 1.90138 1.90131 1.90135 1.90136 1.90139 1.90142
 1.90143 1.90141 1.90148 1.90154 1.90153 1.90153 1.9016  1.90157 1.90161
 1.90171 1.90173 1.9018  1.90175 1.90173 1.90172 1.90169 1.90164 1.90166
 1.9017  1.90175 1.90173 1.90185 1.90184 1.90178 1.90176 1.90175 1.90171
 1.9018  1.90188 1.90194 1.90193 1.90199 1.90193 1.90194 1.90195 1.90199
 1.90193 1.90196 1.90202 1.90205 1.90208 1.90203 1.90208 1.90205 1.9021
 1.90206 1.90202 1.902   1.90203 1.90197 1.90194 1.90192 1.90191 1.90192
 1.90188]