[1.2134  1.2134  1.21336 1.21312 1.21293 1.21301 1.21291 1.21283 1.21283
 1.21287 1.21305 1.21325 1.21302 1.21321 1.21318 1.21313 1.21297 1.21282
 1.21273 1.21279 1.21268 1.21243 1.21238 1.21212 1.21199 1.21215 1.21218
 1.21225 1.21211 1.21227 1.21221 1.21215 1.21253 1.21249 1.21213 1.21195
 1.21197 1.21201 1.21195 1.21189 1.21147 1.21155 1.21162 1.21158 1.21148
 1.2116  1.21142 1.21124 1.21112 1.21103 1.21116 1.21144 1.21113 1.21099
 1.21098 1.21103 1.21112 1.21125 1.21101 1.21134 1.21144 1.21113 1.21102
 1.21066 1.21072 1.2104  1.21021 1.21038 1.21051 1.21025 1.21014 1.21008
 1.21014 1.21009 1.20981 1.2095  1.20969 1.20989 1.20988 1.20986 1.20973
 1.20938 1.2092  1.20905 1.20922 1.20903 1.20934 1.20929 1.20926 1.20954
 1.20906 1.20905 1.20924 1.20919 1.20926 1.20911 1.20916 1.20891 1.20898
 1.20874][1.2814  1.28132 1.28148 1.28146 1.2815  1.28149 1.28151 1.2817  1.28196
 1.28198 1.28191 1.28184 1.2817  1.28173 1.28141 1.28138 1.28135 1.28128
 1.28119 1.28122 1.28121 1.28126 1.2811  1.28129 1.28146 1.28173 1.28209
 1.2824  1.28236 1.28225 1.28208 1.28217 1.28208 1.28202 1.28175 1.28185
 1.28203 1.28184 1.28214 1.28237 1.28229 1.28229 1.28182 1.28212 1.28216
 1.2819  1.28171 1.28178 1.2819  1.28192 1.2821  1.28216 1.28225 1.28201
 1.2823  1.28218 1.28183 1.28171 1.28182 1.28167 1.2816  1.28173 1.28181
 1.28216 1.28204 1.28187 1.28185 1.28161 1.28154 1.28139 1.28104 1.28103
 1.28093 1.28102 1.28106 1.28123 1.28114 1.28115 1.28086 1.2811  1.28099
 1.28098 1.28134 1.28102 1.28113 1.28129 1.28117 1.2817  1.28148 1.28157
 1.28149 1.28138 1.28152 1.28154 1.28152 1.28139 1.28133 1.28101 1.28079
 1.28058][1.3048  1.3048  1.30499 1.30497 1.30498 1.30497 1.30508 1.30486 1.30473
 1.30471 1.30463 1.30469 1.30494 1.30502 1.30535 1.30535 1.30558 1.30579
 1.30589 1.30585 1.30599 1.30592 1.30597 1.30593 1.30598 1.30602 1.30618
 1.3062  1.30598 1.30612 1.30593 1.30593 1.30567 1.30548 1.30539 1.3052
 1.30506 1.30529 1.30526 1.30533 1.30569 1.30602 1.30612 1.30642 1.30612
 1.30618 1.30649 1.30653 1.30632 1.30667 1.30659 1.30648 1.30663 1.30664
 1.30666 1.30659 1.3066  1.30637 1.30676 1.30662 1.30646 1.30635 1.30641
 1.30626 1.30654 1.30644 1.30645 1.30666 1.30649 1.30634 1.30645 1.30653
 1.3066  1.30676 1.3067  1.30645 1.30627 1.30625 1.30629 1.30621 1.30618
 1.30608 1.30617 1.30642 1.30622 1.30634 1.30626 1.30661 1.30632 1.30629
 1.30628 1.30625 1.30607 1.30624 1.30643 1.30636 1.30631 1.30624 1.30649
 1.30623][1.34211 1.34207 1.34224 1.34246 1.343   1.3432  1.34299 1.34354 1.34394
 1.34397 1.34427 1.34439 1.34446 1.34444 1.34458 1.34446 1.34467 1.34461
 1.34475 1.34506 1.34532 1.34536 1.34545 1.3455  1.34568 1.34584 1.34575
 1.34561 1.34584 1.34556 1.34581 1.34592 1.34602 1.34651 1.34661 1.34657
 1.34701 1.34739 1.34762 1.3478  1.34756 1.3472  1.3471  1.34704 1.3468
 1.34659 1.34627 1.34622 1.34629 1.34627 1.34654 1.34634 1.34638 1.346
 1.34604 1.34583 1.34608 1.346   1.34595 1.34593 1.34593 1.34607 1.34598
 1.34604 1.34613 1.34634 1.34628 1.34606 1.34604 1.34615 1.34616 1.34635
 1.34621 1.34614 1.34587 1.34569 1.34522 1.34528 1.34521 1.34496 1.34469
 1.34462 1.34439 1.34405 1.34399 1.34415 1.34403 1.34356 1.3435  1.34362
 1.34409 1.34382 1.34408 1.34397 1.34412 1.344   1.3443  1.34407 1.34416
 1.34415][1.29581 1.2957  1.29565 1.29556 1.29565 1.29553 1.29551 1.29561 1.29581
 1.296   1.29594 1.29604 1.29617 1.2963  1.29624 1.29609 1.29639 1.29625
 1.29646 1.29665 1.29704 1.29732 1.29705 1.29708 1.29714 1.29721 1.2972
 1.29723 1.29757 1.29792 1.29811 1.29811 1.29836 1.2982  1.29822 1.29816
 1.29807 1.29831 1.29867 1.29888 1.29877 1.2986  1.29861 1.29842 1.29814
 1.29846 1.29855 1.29889 1.29892 1.2992  1.29917 1.29937 1.29912 1.2994
 1.29923 1.29906 1.299   1.29885 1.29885 1.29885 1.29894 1.29912 1.29921
 1.29952 1.29955 1.29924 1.29931 1.29927 1.29895 1.29851 1.29841 1.29834
 1.29857 1.29875 1.29871 1.29895 1.29901 1.29905 1.29906 1.29877 1.29837
 1.29835 1.29791 1.29754 1.29715 1.29716 1.29713 1.29689 1.29677 1.29725
 1.29744 1.29722 1.29684 1.29709 1.29706 1.29684 1.29646 1.29642 1.29625
 1.29612][1.29542 1.29526 1.29542 1.29538 1.29567 1.29577 1.29584 1.29592 1.29602
 1.29607 1.29598 1.29608 1.29622 1.29608 1.29609 1.29596 1.29607 1.29604
 1.29586 1.29617 1.29623 1.29646 1.29622 1.29628 1.29619 1.296   1.29611
 1.29633 1.29624 1.29608 1.29613 1.29678 1.29645 1.29683 1.29703 1.29734
 1.29733 1.29783 1.29799 1.29816 1.29832 1.2987  1.29899 1.29883 1.29837
 1.29794 1.29793 1.29843 1.29809 1.29778 1.29775 1.29812 1.2982  1.29807
 1.29796 1.29778 1.29804 1.29861 1.29878 1.29884 1.29882 1.2988  1.29899
 1.29901 1.29895 1.2988  1.29882 1.29851 1.29824 1.2982  1.29797 1.29748
 1.29735 1.29734 1.29738 1.29704 1.29725 1.29702 1.29707 1.29704 1.29734
 1.29754 1.29728 1.29745 1.29742 1.29745 1.29728 1.29721 1.29697 1.2968
 1.29662 1.29659 1.29615 1.29607 1.29613 1.29585 1.29544 1.29563 1.2954
 1.2955 ][1.34088 1.3411  1.34107 1.34115 1.34139 1.34157 1.34138 1.34144 1.34143
 1.34118 1.34136 1.34169 1.34162 1.34163 1.34184 1.34157 1.34188 1.34219
 1.34211 1.34226 1.34224 1.34256 1.34306 1.34331 1.34379 1.34382 1.34419
 1.34432 1.34444 1.3444  1.34388 1.344   1.34396 1.34421 1.34443 1.34432
 1.34486 1.34465 1.34414 1.34418 1.34401 1.34375 1.34324 1.34324 1.34326
 1.34326 1.34343 1.34298 1.34309 1.34327 1.34355 1.34365 1.34383 1.34382
 1.34401 1.34405 1.34401 1.3438  1.34376 1.34386 1.34453 1.34485 1.34467
 1.3446  1.34467 1.34464 1.34464 1.34513 1.34547 1.34576 1.34559 1.34529
 1.34529 1.3456  1.34521 1.34558 1.34522 1.34551 1.34574 1.34581 1.34529
 1.3449  1.34494 1.34457 1.34466 1.34454 1.34475 1.3446  1.34408 1.3442
 1.34369 1.34341 1.34333 1.34303 1.34319 1.34309 1.34294 1.34356 1.34372
 1.34392][1.32581 1.32573 1.3258  1.32597 1.32604 1.32644 1.32625 1.3264  1.32638
 1.32659 1.32688 1.32706 1.3271  1.32712 1.32693 1.32681 1.32698 1.32724
 1.32734 1.32752 1.32764 1.32758 1.32754 1.3274  1.32736 1.32756 1.32788
 1.3277  1.32781 1.32792 1.32794 1.32812 1.32789 1.32773 1.32762 1.32794
 1.32811 1.32777 1.32759 1.32739 1.3273  1.3269  1.32691 1.32679 1.32706
 1.32693 1.32657 1.32662 1.32673 1.32642 1.32603 1.32628 1.32601 1.3257
 1.32592 1.32591 1.32626 1.32616 1.32626 1.32619 1.32647 1.32641 1.32646
 1.32645 1.32625 1.32655 1.32662 1.32687 1.32704 1.32733 1.32716 1.32719
 1.32745 1.32789 1.32795 1.32809 1.32799 1.32832 1.32899 1.32937 1.32924
 1.32914 1.32929 1.32947 1.32914 1.32895 1.32899 1.32914 1.32908 1.32895
 1.32866 1.3287  1.32889 1.32897 1.32935 1.32945 1.3292  1.32858 1.32832
 1.32856][1.28645 1.28637 1.28637 1.28647 1.28674 1.28688 1.28677 1.28665 1.28672
 1.28672 1.28652 1.28643 1.28608 1.28617 1.2858  1.286   1.28596 1.28607
 1.28601 1.28607 1.28607 1.28611 1.28623 1.28633 1.28647 1.28644 1.28617
 1.28591 1.28632 1.28635 1.28642 1.28631 1.28656 1.28633 1.28621 1.28615
 1.28619 1.28613 1.28608 1.28599 1.28582 1.28594 1.28596 1.28633 1.28619
 1.28644 1.2865  1.28666 1.2866  1.28669 1.28649 1.28622 1.28616 1.28622
 1.28629 1.2863  1.2866  1.28684 1.28736 1.28728 1.2874  1.2875  1.28748
 1.28769 1.28752 1.28791 1.28789 1.28786 1.28794 1.28813 1.28831 1.28856
 1.28872 1.28854 1.28843 1.28843 1.28832 1.2882  1.28817 1.28815 1.28824
 1.28815 1.28811 1.28821 1.28822 1.28867 1.28884 1.28912 1.28924 1.28905
 1.28886 1.28898 1.28889 1.2887  1.28863 1.28811 1.28784 1.28773 1.28728
 1.28711][1.34593 1.34606 1.34594 1.34594 1.34593 1.346   1.34637 1.34645 1.34651
 1.34656 1.34627 1.34661 1.34652 1.34629 1.34648 1.34637 1.34627 1.34615
 1.34594 1.34628 1.34629 1.34641 1.34657 1.34646 1.34634 1.34676 1.34681
 1.34713 1.34734 1.34752 1.34743 1.34799 1.34777 1.34775 1.34815 1.34818
 1.3482  1.34817 1.34809 1.34805 1.34793 1.34768 1.34821 1.34822 1.34829
 1.34783 1.34773 1.34769 1.34797 1.34786 1.34841 1.34831 1.34866 1.34816
 1.3483  1.34831 1.34845 1.34879 1.34914 1.34897 1.34922 1.34896 1.34945
 1.34935 1.34989 1.34953 1.34925 1.34953 1.3492  1.34929 1.34939 1.34951
 1.34938 1.34939 1.34971 1.35001 1.34976 1.34968 1.35008 1.35012 1.35047
 1.35096 1.35109 1.351   1.35105 1.35048 1.35068 1.35102 1.35092 1.35108
 1.35132 1.35133 1.3518  1.35167 1.35228 1.35223 1.35201 1.35222 1.35205
 1.35203]