[3.0589  3.05904 3.059   3.05873 3.05846 3.05818 3.05789 3.05788 3.05794
 3.05764 3.05741 3.05706 3.05686 3.05663 3.05611 3.05596 3.05583 3.05572
 3.05576 3.05518 3.05467 3.05436 3.05419 3.05371 3.0536  3.05314 3.05307
 3.0528  3.0524  3.052   3.05185 3.05178 3.05151 3.05141 3.05128 3.05121
 3.05083 3.05045 3.05061 3.05039 3.05019 3.05012 3.04961 3.04958 3.04937
 3.04929 3.04957 3.04918 3.04893 3.0486  3.04885 3.04841 3.04822 3.04807
 3.04783 3.04728 3.04707 3.04711 3.04663 3.04654 3.04635 3.04635 3.04586
 3.04555 3.04527 3.04525 3.04515 3.0452  3.0452  3.04523 3.04508 3.04471
 3.04478 3.04475 3.04417 3.04392 3.0436  3.04338 3.04302 3.04267 3.04215
 3.04192 3.0417  3.04174 3.04127 3.04111 3.04093 3.04077 3.04072 3.04028
 3.0399  3.04013 3.03995 3.03974 3.03958 3.03936 3.03921 3.03885 3.03867
 3.03841][4.05374 4.05438 4.05521 4.05567 4.05578 4.05621 4.05693 4.05709 4.0574
 4.05762 4.05736 4.05676 4.05695 4.0566  4.05611 4.05631 4.05557 4.05582
 4.05507 4.055   4.05445 4.05449 4.05402 4.05351 4.05306 4.05236 4.05202
 4.05179 4.05239 4.05168 4.05119 4.05095 4.05114 4.05086 4.05049 4.0503
 4.05033 4.04947 4.04911 4.04881 4.04823 4.04767 4.04696 4.04675 4.04631
 4.04623 4.04635 4.04644 4.04611 4.04562 4.04547 4.04537 4.04517 4.04515
 4.04507 4.04489 4.04503 4.04458 4.04455 4.0444  4.04383 4.04305 4.04338
 4.04345 4.0432  4.04277 4.04234 4.04155 4.04136 4.04106 4.04024 4.03962
 4.03873 4.03834 4.03832 4.03821 4.03805 4.0379  4.03705 4.03675 4.0367
 4.03665 4.03667 4.03608 4.0352  4.03505 4.03481 4.03445 4.034   4.03358
 4.03366 4.03343 4.03289 4.03237 4.03209 4.03152 4.031   4.03116 4.0307
 4.03029][3.49868 3.49871 3.49931 3.49975 3.49987 3.50033 3.50093 3.50156 3.50204
 3.50258 3.50303 3.50347 3.50381 3.5042  3.50461 3.50483 3.50503 3.50548
 3.50538 3.50564 3.50537 3.50455 3.50425 3.50344 3.50299 3.50293 3.50263
 3.50214 3.50162 3.50127 3.5008  3.50034 3.5001  3.49985 3.49954 3.49965
 3.49935 3.4988  3.49827 3.49817 3.49809 3.49805 3.49794 3.49794 3.498
 3.49784 3.49748 3.49726 3.49694 3.4966  3.49681 3.49637 3.49576 3.49552
 3.49503 3.49495 3.49472 3.49457 3.49451 3.49439 3.49387 3.49335 3.4931
 3.49304 3.49253 3.49224 3.49196 3.49149 3.49119 3.49081 3.49004 3.48948
 3.48926 3.48908 3.48849 3.48847 3.48776 3.48715 3.48711 3.48662 3.48633
 3.48579 3.48592 3.48549 3.48524 3.48506 3.48481 3.48446 3.48415 3.4837
 3.48364 3.48316 3.48246 3.48214 3.48215 3.48147 3.48095 3.48081 3.48039
 3.47999][3.50564 3.50602 3.50636 3.50727 3.50755 3.50751 3.50759 3.5081  3.50861
 3.50906 3.50926 3.50985 3.50999 3.50989 3.51025 3.5108  3.51094 3.51167
 3.51169 3.51231 3.51237 3.51251 3.51322 3.51343 3.51421 3.51465 3.51499
 3.51491 3.51491 3.51516 3.51477 3.5146  3.51475 3.51449 3.51384 3.51359
 3.51296 3.51244 3.51244 3.51176 3.51108 3.51098 3.51061 3.51007 3.51032
 3.51012 3.50974 3.50983 3.5095  3.5091  3.50873 3.50869 3.5085  3.50826
 3.5078  3.50736 3.50703 3.50655 3.50653 3.50635 3.50653 3.50611 3.50575
 3.50521 3.50459 3.50446 3.50389 3.50352 3.503   3.50243 3.502   3.50127
 3.50124 3.50101 3.5006  3.50047 3.50008 3.49969 3.49939 3.49916 3.49887
 3.49862 3.49806 3.49756 3.49716 3.497   3.49656 3.49611 3.49579 3.49518
 3.49466 3.49399 3.49388 3.49368 3.49313 3.4929  3.49261 3.49281 3.49235
 3.49205][3.51075 3.51106 3.51085 3.51131 3.51162 3.51228 3.51279 3.51256 3.51254
 3.51308 3.51335 3.51356 3.51408 3.51472 3.51494 3.51581 3.51572 3.51599
 3.51642 3.5167  3.51733 3.51737 3.51813 3.51839 3.51815 3.51833 3.51882
 3.51939 3.5199  3.52036 3.52054 3.52131 3.5216  3.52184 3.52236 3.52331
 3.52344 3.52377 3.52426 3.52483 3.52416 3.52428 3.52389 3.52353 3.52329
 3.5229  3.5225  3.52223 3.52191 3.52165 3.52161 3.52193 3.52138 3.52068
 3.5205  3.52074 3.52074 3.52026 3.51975 3.51918 3.51862 3.5184  3.51798
 3.51747 3.51713 3.51712 3.51707 3.51656 3.51633 3.51548 3.51495 3.5145
 3.51432 3.51403 3.51369 3.5132  3.51319 3.51279 3.51247 3.51234 3.51213
 3.51167 3.5115  3.51088 3.51084 3.511   3.51046 3.50985 3.50955 3.50936
 3.50901 3.50856 3.50813 3.50789 3.50778 3.50785 3.50747 3.50758 3.50777
 3.5078 ][3.23476 3.23511 3.23573 3.23623 3.23635 3.23627 3.23656 3.237   3.23721
 3.23702 3.23739 3.23717 3.23749 3.23784 3.23803 3.23842 3.23879 3.23925
 3.23911 3.23892 3.23901 3.23949 3.23931 3.23983 3.24038 3.24091 3.24081
 3.24129 3.2417  3.24164 3.24163 3.24229 3.24233 3.24229 3.24255 3.24244
 3.24274 3.24292 3.24314 3.24304 3.24326 3.24358 3.24396 3.24413 3.24438
 3.2451  3.24522 3.24537 3.24588 3.24603 3.24594 3.24562 3.24533 3.24524
 3.2454  3.24519 3.24468 3.24438 3.24391 3.24361 3.24334 3.24321 3.24307
 3.24268 3.24215 3.24184 3.24163 3.24158 3.2411  3.24087 3.24046 3.2403
 3.24003 3.23979 3.23923 3.23884 3.23908 3.23898 3.23892 3.23854 3.23789
 3.23752 3.23699 3.23672 3.23677 3.23621 3.23587 3.23538 3.23499 3.23482
 3.23465 3.23463 3.23419 3.23392 3.23345 3.23334 3.23347 3.23346 3.23355
 3.2333 ][3.89334 3.8941  3.8939  3.89421 3.89453 3.89425 3.89427 3.89477 3.89477
 3.89518 3.89539 3.89588 3.89592 3.89618 3.89627 3.89703 3.89753 3.89839
 3.89858 3.89927 3.89934 3.8997  3.89938 3.89939 3.89989 3.90076 3.90095
 3.90153 3.90204 3.90224 3.90307 3.90299 3.90348 3.9033  3.90323 3.90397
 3.90491 3.90561 3.90618 3.90707 3.90789 3.90833 3.90867 3.90939 3.90955
 3.91063 3.91144 3.9122  3.91304 3.91338 3.91353 3.91364 3.91401 3.91479
 3.91486 3.91531 3.91555 3.91576 3.91607 3.91609 3.9163  3.91545 3.91504
 3.91481 3.9145  3.9141  3.91339 3.91291 3.91228 3.91194 3.91184 3.911
 3.91057 3.91026 3.9099  3.90943 3.90904 3.9084  3.90815 3.90804 3.90812
 3.90754 3.90735 3.90722 3.90621 3.90556 3.90512 3.90473 3.9042  3.90377
 3.90372 3.90279 3.90218 3.90175 3.9011  3.90054 3.90045 3.90015 3.89962
 3.89954][3.23424 3.23503 3.23511 3.23521 3.23528 3.23576 3.23624 3.2364  3.23676
 3.23647 3.23672 3.23699 3.23702 3.23757 3.23812 3.23802 3.23796 3.23836
 3.2387  3.23956 3.2396  3.23958 3.2402  3.24034 3.24057 3.24088 3.24121
 3.24164 3.24226 3.24255 3.24289 3.24326 3.24357 3.24379 3.24379 3.24388
 3.24401 3.24434 3.24486 3.24535 3.24576 3.2468  3.24707 3.24728 3.24768
 3.24835 3.24871 3.24976 3.24981 3.24992 3.24996 3.25036 3.25083 3.25096
 3.25105 3.2514  3.25205 3.25245 3.25287 3.25266 3.25274 3.25275 3.25282
 3.25323 3.2539  3.25371 3.2536  3.25365 3.25414 3.25457 3.25406 3.25386
 3.25352 3.25345 3.25287 3.25248 3.252   3.25192 3.25145 3.25111 3.25123
 3.25133 3.25114 3.25069 3.25061 3.25049 3.25003 3.24954 3.24975 3.2496
 3.24936 3.24914 3.24884 3.24847 3.24818 3.24778 3.24772 3.24717 3.24664
 3.24651][3.80741 3.80801 3.80822 3.8092  3.80934 3.8103  3.8107  3.81109 3.81136
 3.8112  3.81206 3.81313 3.8132  3.81292 3.81299 3.8133  3.81334 3.81401
 3.81465 3.81512 3.81552 3.81546 3.8164  3.81711 3.81732 3.81783 3.81866
 3.81916 3.81931 3.81992 3.82049 3.82145 3.82099 3.82151 3.82183 3.82212
 3.82209 3.82249 3.82286 3.82317 3.82377 3.82389 3.82372 3.82449 3.82481
 3.82525 3.82549 3.82534 3.82591 3.82645 3.82727 3.82731 3.82762 3.82723
 3.82761 3.82761 3.82854 3.82867 3.82945 3.82935 3.8299  3.83034 3.83028
 3.82998 3.83026 3.83081 3.83177 3.8324  3.83303 3.83299 3.83338 3.8338
 3.83363 3.83406 3.83431 3.83504 3.83546 3.83645 3.83701 3.83742 3.83687
 3.83663 3.83589 3.83565 3.835   3.83486 3.8346  3.83406 3.83378 3.83322
 3.83262 3.83254 3.832   3.83227 3.8318  3.83127 3.83109 3.83095 3.83042
 3.83055][3.67794 3.67883 3.67928 3.67985 3.68025 3.68019 3.68081 3.68076 3.68075
 3.68129 3.68134 3.68156 3.68255 3.68292 3.68255 3.68312 3.68414 3.68452
 3.68494 3.68551 3.68632 3.68684 3.68717 3.6875  3.68777 3.68759 3.68814
 3.68768 3.68817 3.68819 3.68838 3.68891 3.68875 3.6896  3.68931 3.68982
 3.69041 3.69103 3.69171 3.69234 3.69288 3.69325 3.69328 3.6933  3.69364
 3.69426 3.6941  3.69401 3.69419 3.69458 3.69487 3.6955  3.69576 3.69599
 3.69639 3.69687 3.69764 3.69804 3.69863 3.69959 3.70011 3.70101 3.70123
 3.70168 3.70178 3.70211 3.70196 3.70249 3.70254 3.70281 3.70301 3.70323
 3.70344 3.70366 3.70453 3.70511 3.70551 3.70549 3.70558 3.70562 3.70581
 3.70601 3.70637 3.70671 3.70704 3.70706 3.70809 3.70778 3.70831 3.70862
 3.70806 3.70723 3.70717 3.70687 3.70696 3.70701 3.70729 3.70722 3.7069
 3.70676]