[1.71048 1.71034 1.71044 1.71127 1.71142 1.71131 1.71121 1.71087 1.71124
 1.71245 1.7126  1.71161 1.71226 1.71244 1.71239 1.71199 1.71196 1.71199
 1.71101 1.71198 1.71115 1.71036 1.71076 1.71168 1.71147 1.71168 1.71105
 1.71118 1.71086 1.71065 1.71026 1.70926 1.70885 1.70807 1.70815 1.70778
 1.70742 1.70693 1.70559 1.70645 1.70594 1.70589 1.70588 1.70595 1.70528
 1.70602 1.70627 1.7063  1.70681 1.70533 1.70534 1.70424 1.70445 1.70464
 1.70406 1.7051  1.70434 1.7021  1.70077 1.69987 1.69995 1.7001  1.70147
 1.70091 1.70072 1.70052 1.69993 1.70022 1.69742 1.69643 1.69451 1.69441
 1.69448 1.69508 1.694   1.69337 1.69375 1.69216 1.69195 1.69125 1.69178
 1.69158 1.69218 1.69168 1.69127 1.68966 1.68892 1.68882 1.68822 1.68881
 1.68914 1.68883 1.68818 1.68717 1.68765 1.68657 1.68673 1.68531 1.68522
 1.68499][1.80766 1.80754 1.80818 1.80794 1.80793 1.80805 1.80813 1.80891 1.80941
 1.8092  1.8095  1.80946 1.80994 1.81043 1.81131 1.81099 1.81097 1.81118
 1.81132 1.8112  1.81095 1.81035 1.81049 1.81042 1.81007 1.80933 1.80814
 1.80835 1.80759 1.80726 1.80705 1.80761 1.80717 1.80638 1.80579 1.80614
 1.80486 1.80475 1.80415 1.80372 1.80288 1.80227 1.80084 1.79991 1.80001
 1.79938 1.80011 1.80001 1.79873 1.79863 1.79854 1.79876 1.79827 1.79741
 1.79703 1.79606 1.79569 1.79618 1.79626 1.79481 1.79459 1.79401 1.79401
 1.79345 1.79378 1.79294 1.79297 1.79263 1.79226 1.79109 1.78973 1.78881
 1.78802 1.78807 1.78724 1.78645 1.78568 1.78456 1.78261 1.7824  1.7817
 1.78272 1.78287 1.78067 1.78029 1.77746 1.7761  1.77613 1.7753  1.77348
 1.77176 1.77067 1.76908 1.76855 1.76709 1.76456 1.76374 1.76142 1.76169
 1.76151][1.57439 1.57457 1.57434 1.57385 1.57393 1.57446 1.5755  1.57604 1.57645
 1.57625 1.57723 1.57805 1.57715 1.57741 1.5772  1.57714 1.57795 1.57809
 1.57799 1.57799 1.57889 1.5794  1.57969 1.57951 1.57956 1.57951 1.57991
 1.58041 1.5806  1.58005 1.57946 1.57961 1.57924 1.5787  1.57865 1.57812
 1.57809 1.57838 1.57822 1.57715 1.57779 1.57686 1.57512 1.57544 1.57501
 1.57559 1.57559 1.57557 1.57469 1.57402 1.57356 1.57232 1.5708  1.57079
 1.56994 1.56949 1.56855 1.5678  1.56774 1.56772 1.56708 1.56769 1.56785
 1.56636 1.5661  1.56613 1.56526 1.56569 1.56512 1.56545 1.56543 1.56613
 1.56656 1.56554 1.56484 1.56536 1.56644 1.56697 1.56658 1.56689 1.5663
 1.56591 1.56541 1.56578 1.56547 1.5647  1.56508 1.56494 1.56441 1.56397
 1.56323 1.5632  1.56343 1.56413 1.56371 1.56254 1.56292 1.56313 1.56222
 1.56184][1.5351  1.53532 1.53572 1.53596 1.53641 1.53595 1.53585 1.53578 1.53521
 1.53539 1.5361  1.53617 1.53653 1.53667 1.53656 1.53648 1.53682 1.53714
 1.53752 1.53786 1.53871 1.53898 1.53964 1.53952 1.54053 1.5414  1.54176
 1.54167 1.54264 1.54328 1.54337 1.54419 1.5444  1.54461 1.54495 1.54471
 1.54441 1.54425 1.54459 1.54522 1.54482 1.54419 1.5441  1.54386 1.54351
 1.54321 1.54237 1.54274 1.54202 1.5415  1.54074 1.53982 1.53967 1.53861
 1.53807 1.53741 1.5377  1.53732 1.53727 1.53619 1.53628 1.53619 1.53683
 1.53596 1.53516 1.53469 1.53426 1.5342  1.53301 1.53316 1.53328 1.53265
 1.53275 1.53249 1.53287 1.53234 1.53192 1.53217 1.53054 1.53106 1.52998
 1.52943 1.52859 1.52899 1.52821 1.52726 1.52653 1.52646 1.52567 1.52575
 1.52588 1.52592 1.52609 1.52667 1.52645 1.52549 1.52523 1.52579 1.52635
 1.52575][1.65617 1.6567  1.65627 1.65648 1.65639 1.65702 1.65714 1.65702 1.65733
 1.65775 1.65758 1.65837 1.65845 1.6584  1.65876 1.65867 1.65922 1.65967
 1.66011 1.66047 1.6604  1.66035 1.66011 1.65994 1.66011 1.66042 1.66021
 1.66009 1.65982 1.65991 1.65933 1.65888 1.65892 1.65896 1.65903 1.66012
 1.66015 1.65984 1.66027 1.66091 1.6601  1.66039 1.66071 1.66122 1.66078
 1.66116 1.66128 1.66071 1.66146 1.66192 1.66115 1.66015 1.65979 1.65932
 1.6585  1.65831 1.65832 1.65901 1.65878 1.658   1.65813 1.65743 1.65756
 1.65649 1.65584 1.65441 1.65519 1.65429 1.65471 1.65446 1.65401 1.6526
 1.65178 1.65179 1.65126 1.64946 1.64923 1.64928 1.6478  1.64768 1.64749
 1.64728 1.64673 1.64719 1.64633 1.64526 1.64265 1.64122 1.64036 1.64039
 1.64002 1.63804 1.637   1.63631 1.63619 1.63572 1.63407 1.633   1.63279
 1.63208][1.5916  1.59178 1.59192 1.59195 1.59209 1.59236 1.59256 1.59222 1.59232
 1.59236 1.59221 1.59231 1.59108 1.59028 1.59109 1.5906  1.59111 1.59096
 1.591   1.59145 1.59217 1.59254 1.59186 1.59282 1.59223 1.59273 1.59285
 1.59307 1.59308 1.59365 1.59392 1.59372 1.594   1.59442 1.594   1.59367
 1.59434 1.59458 1.59374 1.59439 1.59569 1.59644 1.59587 1.59643 1.59733
 1.59671 1.59711 1.59619 1.59613 1.59597 1.597   1.59841 1.59836 1.59813
 1.59982 1.6002  1.60046 1.60101 1.60073 1.6013  1.6009  1.59986 1.59941
 1.5983  1.59745 1.59791 1.59759 1.59818 1.59737 1.59786 1.59754 1.59736
 1.59623 1.5951  1.59461 1.5941  1.59365 1.59371 1.59215 1.59173 1.59139
 1.59119 1.59107 1.59132 1.59083 1.59087 1.59011 1.5884  1.58806 1.58699
 1.58642 1.58649 1.58516 1.58414 1.58304 1.58145 1.58066 1.58002 1.5797
 1.57936][1.38115 1.38157 1.38179 1.38236 1.38257 1.38246 1.38233 1.38221 1.38216
 1.38262 1.38317 1.38345 1.3839  1.38407 1.38407 1.38405 1.38478 1.3855
 1.38503 1.3852  1.38515 1.38543 1.38609 1.38622 1.38635 1.38626 1.38651
 1.38652 1.38712 1.38681 1.38732 1.38756 1.38837 1.38843 1.38877 1.38913
 1.38931 1.38982 1.39014 1.3897  1.38995 1.38987 1.3898  1.38957 1.38908
 1.38904 1.38908 1.38887 1.38946 1.38984 1.39061 1.39124 1.39223 1.39238
 1.39223 1.39266 1.39293 1.39363 1.39362 1.39373 1.39397 1.39369 1.39328
 1.39348 1.39449 1.39502 1.39445 1.3952  1.39515 1.39574 1.39633 1.3966
 1.39666 1.3963  1.39592 1.39528 1.39494 1.39507 1.39535 1.39476 1.39424
 1.39327 1.39375 1.3935  1.39144 1.39068 1.39143 1.39111 1.39003 1.38875
 1.38849 1.38776 1.38773 1.38856 1.38875 1.3886  1.38797 1.38741 1.38712
 1.38731][1.39565 1.39572 1.39652 1.39682 1.39702 1.39678 1.39711 1.39685 1.39659
 1.3968  1.39625 1.39672 1.39678 1.39618 1.39599 1.39613 1.39625 1.39692
 1.39734 1.39787 1.39825 1.39872 1.39926 1.39889 1.39881 1.39874 1.39836
 1.3991  1.39917 1.39928 1.39954 1.39926 1.39941 1.3996  1.40038 1.4007
 1.40073 1.40039 1.40038 1.4007  1.4016  1.40221 1.40274 1.40342 1.40351
 1.40375 1.40367 1.40391 1.40358 1.4037  1.4047  1.40461 1.40448 1.40397
 1.40525 1.40456 1.40489 1.40576 1.40625 1.40675 1.40677 1.40746 1.4086
 1.40831 1.40895 1.40915 1.41008 1.41044 1.41077 1.41179 1.41236 1.41296
 1.41326 1.41346 1.41382 1.41445 1.41534 1.41514 1.41604 1.41556 1.41451
 1.4137  1.41409 1.4129  1.4117  1.41098 1.41086 1.41077 1.41093 1.41117
 1.41062 1.41016 1.40983 1.40959 1.40885 1.40844 1.40772 1.40676 1.40615
 1.40603][1.40428 1.40351 1.40337 1.40343 1.40328 1.40382 1.40404 1.40459 1.40477
 1.40509 1.40534 1.40569 1.40683 1.40705 1.40697 1.40712 1.40754 1.40769
 1.40843 1.40888 1.4084  1.40845 1.40846 1.40852 1.40835 1.40858 1.40827
 1.40896 1.40813 1.40885 1.40921 1.4098  1.40986 1.41045 1.41085 1.41149
 1.41097 1.41078 1.4112  1.41164 1.4119  1.4121  1.41213 1.41246 1.41286
 1.41307 1.41258 1.41255 1.41289 1.41294 1.41371 1.41367 1.41402 1.4147
 1.41508 1.41532 1.41467 1.41493 1.41438 1.41555 1.41571 1.41577 1.41676
 1.41763 1.41851 1.41829 1.41919 1.41951 1.41892 1.4186  1.41882 1.41845
 1.41813 1.41746 1.41671 1.41718 1.41774 1.41819 1.41929 1.41961 1.42018
 1.41941 1.41944 1.42003 1.42152 1.4211  1.42131 1.42108 1.42153 1.42277
 1.42262 1.42313 1.42232 1.42175 1.42117 1.42038 1.41996 1.41955 1.4197
 1.41979][1.38922 1.38956 1.38973 1.38995 1.39001 1.39001 1.39061 1.3902  1.39023
 1.3902  1.38958 1.38957 1.38937 1.3895  1.38867 1.38908 1.3882  1.38822
 1.38757 1.38807 1.38717 1.38774 1.38817 1.38891 1.38959 1.38944 1.38905
 1.39003 1.38968 1.38982 1.38971 1.39033 1.39079 1.39136 1.39152 1.39195
 1.39162 1.39229 1.39203 1.39166 1.39208 1.39264 1.39364 1.39426 1.39496
 1.39568 1.39566 1.39576 1.39596 1.39637 1.39632 1.39615 1.39658 1.39701
 1.39752 1.39608 1.39618 1.39681 1.39794 1.39755 1.39849 1.39842 1.39963
 1.40045 1.40109 1.40089 1.40136 1.40123 1.40184 1.40261 1.40245 1.40253
 1.40267 1.40274 1.40307 1.4028  1.4021  1.40191 1.4028  1.4028  1.40387
 1.40388 1.4041  1.40417 1.40353 1.40465 1.40542 1.40511 1.4056  1.40531
 1.40517 1.40492 1.40554 1.40528 1.40478 1.40435 1.40422 1.40404 1.40399
 1.40406]