[1.18088 1.18079 1.18103 1.18069 1.18112 1.1815  1.18145 1.18112 1.18117
 1.1814  1.1816  1.18135 1.18122 1.18109 1.18064 1.18031 1.17995 1.18023
 1.17963 1.17945 1.17974 1.17961 1.17979 1.17939 1.17925 1.17893 1.17918
 1.17879 1.17906 1.17913 1.17941 1.17904 1.179   1.17911 1.17874 1.17844
 1.17839 1.17888 1.1789  1.17878 1.17894 1.1787  1.17867 1.17861 1.17828
 1.17816 1.1777  1.17773 1.17824 1.17809 1.17844 1.1783  1.17776 1.17792
 1.17765 1.1775  1.17739 1.17673 1.17648 1.17563 1.17569 1.1755  1.17558
 1.17571 1.17502 1.17523 1.17598 1.17582 1.17562 1.17502 1.17474 1.17449
 1.17531 1.17539 1.17565 1.17544 1.17518 1.17479 1.17437 1.17399 1.17375
 1.17364 1.17381 1.1738  1.17362 1.17399 1.17316 1.17373 1.17307 1.17274
 1.1721  1.1718  1.17172 1.17131 1.17165 1.17139 1.17193 1.1722  1.1724
 1.17253][1.20619 1.20623 1.20696 1.20731 1.20719 1.20715 1.20695 1.20741 1.20739
 1.20785 1.20756 1.20804 1.20785 1.20798 1.2083  1.20806 1.20811 1.20854
 1.20838 1.20807 1.20769 1.2075  1.20779 1.20763 1.20696 1.20682 1.20682
 1.20757 1.20749 1.20746 1.20757 1.20673 1.20708 1.20758 1.20732 1.20761
 1.20798 1.20757 1.20783 1.20836 1.20813 1.20832 1.20823 1.20831 1.20805
 1.20747 1.20702 1.20698 1.20671 1.20637 1.20647 1.20576 1.20537 1.20498
 1.20517 1.2054  1.20508 1.20474 1.20454 1.20377 1.2036  1.20344 1.20346
 1.20291 1.20266 1.20294 1.20294 1.20286 1.20331 1.20287 1.20212 1.20196
 1.20164 1.20191 1.2028  1.20268 1.20241 1.2022  1.20181 1.20164 1.20191
 1.20138 1.20153 1.20102 1.20109 1.20049 1.20046 1.2007  1.20044 1.20036
 1.20075 1.20021 1.20015 1.19984 1.19964 1.19935 1.19947 1.19931 1.19898
 1.19882][1.22353 1.2236  1.22355 1.2235  1.22367 1.22347 1.22321 1.22276 1.22293
 1.22338 1.22328 1.22357 1.22325 1.22366 1.22407 1.22445 1.22502 1.22542
 1.22592 1.2263  1.22646 1.22726 1.22743 1.22739 1.22732 1.22731 1.22733
 1.22788 1.22783 1.22769 1.22763 1.22714 1.22701 1.22643 1.22616 1.22588
 1.22615 1.22633 1.22633 1.22597 1.22586 1.22656 1.22644 1.22671 1.22606
 1.226   1.22564 1.22601 1.22626 1.22649 1.22688 1.22641 1.22607 1.22657
 1.22584 1.2261  1.22595 1.22589 1.22564 1.22497 1.22518 1.22562 1.22523
 1.22521 1.22538 1.22513 1.22482 1.22467 1.22497 1.22483 1.22419 1.2249
 1.2252  1.22491 1.22476 1.22471 1.22483 1.22457 1.22385 1.22343 1.22295
 1.2227  1.22251 1.22214 1.22178 1.2216  1.22203 1.22221 1.22194 1.22188
 1.2222  1.22199 1.22146 1.22161 1.22176 1.2218  1.22127 1.22107 1.22117
 1.22113][1.20899 1.20911 1.2092  1.20899 1.20873 1.20919 1.20924 1.20971 1.20991
 1.21006 1.21044 1.2104  1.21058 1.21117 1.21072 1.21072 1.21069 1.21069
 1.21062 1.211   1.21092 1.21086 1.21037 1.21103 1.21073 1.21066 1.21072
 1.21077 1.21089 1.21156 1.21173 1.21252 1.213   1.2131  1.21361 1.21376
 1.21357 1.21416 1.21395 1.21387 1.21333 1.21278 1.21295 1.21264 1.21269
 1.21236 1.21248 1.21177 1.21182 1.21153 1.21158 1.21149 1.21128 1.21121
 1.21091 1.21029 1.20999 1.20901 1.2089  1.20857 1.20829 1.20809 1.20809
 1.208   1.20844 1.2081  1.20806 1.20766 1.20813 1.20803 1.2073  1.2068
 1.20673 1.2064  1.20626 1.20677 1.20632 1.20654 1.20663 1.20736 1.20752
 1.2071  1.20723 1.20627 1.20659 1.20696 1.20693 1.2069  1.20657 1.20591
 1.20614 1.2053  1.20505 1.20482 1.2052  1.20457 1.20435 1.20426 1.20359
 1.20354][1.2184  1.21886 1.21883 1.2189  1.2192  1.21841 1.21873 1.21888 1.21926
 1.2193  1.21991 1.22048 1.22063 1.22092 1.22096 1.22098 1.22132 1.22102
 1.22064 1.22085 1.22098 1.22105 1.22192 1.22249 1.22215 1.22241 1.22255
 1.2227  1.22254 1.22354 1.22374 1.22378 1.2235  1.22395 1.22393 1.22423
 1.22425 1.22445 1.22395 1.22345 1.22375 1.22341 1.2237  1.2234  1.22353
 1.22367 1.22392 1.22405 1.22402 1.22418 1.22377 1.2234  1.22357 1.22314
 1.2224  1.2221  1.22147 1.22119 1.22103 1.22086 1.22046 1.2205  1.22021
 1.21986 1.21891 1.21843 1.21847 1.21812 1.21773 1.21737 1.21711 1.21727
 1.21738 1.2177  1.2179  1.21733 1.21739 1.21737 1.21645 1.21596 1.21576
 1.21563 1.21572 1.21606 1.21532 1.21533 1.21492 1.21431 1.21428 1.21404
 1.21359 1.21346 1.21306 1.21307 1.21314 1.21292 1.21265 1.2126  1.2131
 1.21273][1.26253 1.2624  1.26227 1.26258 1.2625  1.26233 1.26219 1.26211 1.26229
 1.26237 1.26276 1.26339 1.26357 1.2638  1.26272 1.26298 1.26317 1.26297
 1.2631  1.26377 1.26417 1.26472 1.26514 1.26535 1.26628 1.26664 1.26701
 1.26726 1.26747 1.26705 1.267   1.26698 1.26795 1.26852 1.26862 1.269
 1.26943 1.26998 1.27017 1.27099 1.27073 1.27155 1.27162 1.27178 1.2722
 1.27326 1.27326 1.27375 1.27367 1.2745  1.2744  1.2741  1.27462 1.27465
 1.27435 1.27425 1.27424 1.27419 1.27423 1.27475 1.27433 1.27477 1.27469
 1.27544 1.27591 1.27617 1.27614 1.27622 1.27629 1.2756  1.27481 1.27406
 1.27391 1.27407 1.2733  1.27349 1.27291 1.27243 1.27177 1.271   1.27113
 1.27118 1.27074 1.27043 1.27014 1.27088 1.27085 1.27077 1.27057 1.27049
 1.27007 1.26991 1.26941 1.26908 1.26869 1.26798 1.26744 1.26715 1.26702
 1.26679][1.31013 1.31    1.31002 1.30999 1.31058 1.31053 1.31105 1.31127 1.31099
 1.31085 1.31158 1.31179 1.31176 1.3121  1.31254 1.31321 1.31298 1.31329
 1.31382 1.31388 1.31429 1.31506 1.31543 1.3157  1.31554 1.31614 1.31649
 1.31737 1.31733 1.31765 1.31854 1.31911 1.31967 1.31988 1.32045 1.32037
 1.32074 1.32119 1.3211  1.32108 1.32078 1.32071 1.32131 1.32237 1.32266
 1.3234  1.32306 1.32291 1.32369 1.32394 1.32407 1.32399 1.32427 1.32432
 1.32487 1.325   1.32566 1.32616 1.32715 1.32761 1.32726 1.32768 1.32738
 1.3274  1.32779 1.32816 1.32899 1.32982 1.33052 1.33061 1.3296  1.32928
 1.32898 1.32884 1.32799 1.32844 1.32755 1.32736 1.32752 1.32798 1.32759
 1.32671 1.32669 1.32575 1.32514 1.32483 1.32522 1.32512 1.3249  1.3243
 1.32471 1.32442 1.32421 1.32345 1.32349 1.32276 1.32237 1.3222  1.3221
 1.32233][1.28798 1.28804 1.28787 1.2881  1.28829 1.28854 1.28858 1.28834 1.28915
 1.28899 1.28904 1.28858 1.28879 1.2886  1.28889 1.28871 1.28861 1.28884
 1.28909 1.28882 1.28943 1.2898  1.29014 1.29093 1.29065 1.29107 1.29044
 1.29079 1.29165 1.29201 1.29207 1.29222 1.29197 1.29245 1.29266 1.29292
 1.29319 1.29375 1.29404 1.29403 1.2949  1.29426 1.29409 1.2941  1.29381
 1.29376 1.29355 1.29294 1.29361 1.29346 1.29327 1.29311 1.29345 1.29373
 1.29361 1.29383 1.29448 1.29539 1.29646 1.29658 1.29747 1.29823 1.29993
 1.29986 1.29988 1.30015 1.3002  1.29993 1.30082 1.30153 1.30237 1.30239
 1.30278 1.30272 1.30336 1.30333 1.30358 1.30396 1.30378 1.30356 1.30364
 1.30276 1.30182 1.30219 1.3021  1.30154 1.30131 1.30103 1.30058 1.29978
 1.29976 1.29966 1.29934 1.29916 1.29921 1.29916 1.29945 1.29936 1.29869
 1.29855][1.30705 1.30704 1.30692 1.30735 1.30711 1.30707 1.30783 1.30808 1.30805
 1.30827 1.30829 1.30765 1.30779 1.30761 1.30724 1.30722 1.30792 1.30833
 1.30849 1.30841 1.30838 1.30894 1.30874 1.30847 1.30928 1.30961 1.31012
 1.30991 1.30992 1.30938 1.30963 1.31057 1.31009 1.31015 1.31013 1.30995
 1.3106  1.31122 1.31148 1.31157 1.31143 1.31147 1.31195 1.31268 1.31241
 1.31213 1.31216 1.31285 1.3128  1.31339 1.31362 1.31376 1.31487 1.31466
 1.31457 1.31498 1.31508 1.31543 1.31598 1.31572 1.31641 1.31628 1.31653
 1.31647 1.31626 1.31657 1.31627 1.3162  1.31673 1.31693 1.31712 1.31757
 1.31858 1.31837 1.31856 1.31994 1.32015 1.3203  1.32023 1.32061 1.32057
 1.32082 1.32151 1.32195 1.32204 1.32182 1.32167 1.32208 1.32271 1.3229
 1.32228 1.32239 1.3217  1.32185 1.32172 1.32136 1.32169 1.32127 1.32102
 1.32098][1.32633 1.32628 1.32679 1.32683 1.32664 1.32643 1.32642 1.32631 1.32616
 1.32639 1.32679 1.32784 1.32844 1.32844 1.32827 1.32833 1.32814 1.32797
 1.32832 1.32836 1.329   1.3287  1.32878 1.32841 1.32835 1.32869 1.32924
 1.32889 1.32996 1.33014 1.33033 1.33076 1.33043 1.331   1.33143 1.33158
 1.33161 1.33189 1.33227 1.33192 1.33189 1.33281 1.33234 1.33249 1.33214
 1.33263 1.33285 1.3333  1.33277 1.33261 1.33351 1.33402 1.33369 1.33472
 1.33487 1.33529 1.33519 1.33499 1.33501 1.33447 1.3343  1.33448 1.33465
 1.33481 1.33556 1.33579 1.33599 1.33618 1.33665 1.33688 1.33705 1.33724
 1.33799 1.33795 1.33783 1.33841 1.33831 1.33825 1.33974 1.33997 1.34018
 1.34078 1.34159 1.34241 1.34265 1.34218 1.34255 1.34241 1.34238 1.34296
 1.34323 1.34399 1.34422 1.34477 1.34569 1.34554 1.34592 1.34629 1.34642
 1.34635]