[1.76522 1.76521 1.76523 1.76525 1.7652  1.76513 1.76518 1.76518 1.76518
 1.76526 1.76522 1.76516 1.76516 1.76515 1.76511 1.76504 1.76504 1.7651
 1.7651  1.76502 1.76496 1.76496 1.76493 1.76491 1.76487 1.76485 1.76482
 1.76476 1.76477 1.76478 1.76474 1.76474 1.76475 1.76475 1.76471 1.76472
 1.76473 1.76467 1.7646  1.76457 1.76453 1.76453 1.76459 1.7645  1.76444
 1.76437 1.76438 1.76439 1.76436 1.76441 1.76434 1.76431 1.76423 1.76418
 1.76418 1.76418 1.7642  1.76416 1.76415 1.76406 1.764   1.76403 1.76408
 1.76403 1.76399 1.76393 1.76389 1.7639  1.76391 1.76391 1.76387 1.76389
 1.76387 1.76382 1.76378 1.76372 1.76366 1.76368 1.76369 1.76361 1.76363
 1.76368 1.76367 1.76362 1.76362 1.76367 1.76361 1.76353 1.76349 1.76348
 1.76353 1.76351 1.76346 1.76341 1.76338 1.76332 1.76326 1.76327 1.76328
 1.76327][1.7997  1.79975 1.79982 1.7998  1.7998  1.79987 1.79993 1.79995 1.79991
 1.79994 1.79992 1.79997 1.79997 1.79994 1.7999  1.79986 1.79991 1.79995
 1.79993 1.79995 1.80001 1.79994 1.79995 1.80001 1.79999 1.79992 1.80003
 1.80001 1.79997 1.79997 1.79994 1.79996 1.79989 1.79985 1.79981 1.79979
 1.79979 1.79974 1.79973 1.79965 1.79965 1.79963 1.79953 1.79952 1.79946
 1.79939 1.79939 1.79935 1.79943 1.79938 1.79931 1.7993  1.79926 1.79932
 1.79921 1.79915 1.79916 1.79919 1.79922 1.79932 1.79929 1.79927 1.7993
 1.79927 1.79924 1.79928 1.79929 1.79923 1.79923 1.79919 1.79922 1.79916
 1.79912 1.79911 1.79901 1.79906 1.79906 1.79909 1.79912 1.79913 1.7991
 1.79906 1.79899 1.79899 1.79895 1.79903 1.79906 1.79903 1.79894 1.79887
 1.79882 1.79883 1.7989  1.79894 1.79894 1.79896 1.79891 1.79888 1.7988
 1.79881][1.81967 1.81973 1.81971 1.81975 1.81973 1.81973 1.81977 1.81979 1.81981
 1.81979 1.81977 1.81979 1.81976 1.81978 1.81982 1.81983 1.81984 1.8199
 1.8199  1.82    1.81997 1.81998 1.81997 1.81997 1.8199  1.81991 1.81993
 1.81993 1.81996 1.81993 1.81987 1.81984 1.81983 1.81982 1.81974 1.81975
 1.81982 1.81973 1.81969 1.81971 1.81975 1.8198  1.81979 1.81974 1.81979
 1.81978 1.81979 1.8198  1.81977 1.81968 1.81972 1.81975 1.81973 1.81975
 1.81976 1.81971 1.81976 1.81976 1.81972 1.81971 1.81971 1.81969 1.81967
 1.81965 1.81958 1.81955 1.8195  1.81949 1.81946 1.81944 1.81932 1.81926
 1.81924 1.81926 1.81919 1.81911 1.81909 1.81911 1.81907 1.81905 1.819
 1.81899 1.81896 1.81896 1.819   1.81895 1.81902 1.81899 1.81895 1.81886
 1.8188  1.81883 1.81884 1.81879 1.81886 1.81884 1.81874 1.81879 1.81872
 1.81869][1.80203 1.80199 1.80204 1.80213 1.80212 1.80225 1.80226 1.80222 1.80223
 1.80229 1.80228 1.80228 1.80229 1.80228 1.80229 1.80232 1.8023  1.80229
 1.80236 1.80233 1.80231 1.80237 1.8024  1.80243 1.80247 1.80245 1.80246
 1.80242 1.8024  1.8024  1.80234 1.80242 1.80239 1.80237 1.80229 1.80224
 1.80219 1.80213 1.80211 1.80215 1.80218 1.80218 1.80209 1.80204 1.80209
 1.80204 1.80201 1.80194 1.80193 1.80193 1.80192 1.80188 1.80197 1.80199
 1.80191 1.80185 1.80184 1.80182 1.80176 1.80179 1.80177 1.80177 1.8017
 1.80164 1.80161 1.8016  1.80152 1.80148 1.80147 1.80157 1.80159 1.80153
 1.80157 1.80155 1.80151 1.80145 1.80141 1.80147 1.80149 1.80149 1.80147
 1.80145 1.8014  1.80148 1.80141 1.80151 1.80155 1.80148 1.80154 1.80153
 1.8015  1.80148 1.80147 1.80139 1.80138 1.80141 1.80143 1.80142 1.80144
 1.80144][1.82999 1.82994 1.82997 1.82994 1.82996 1.82994 1.82996 1.82995 1.83001
 1.82998 1.83    1.82994 1.83001 1.83008 1.83016 1.83014 1.83015 1.83014
 1.8302  1.83022 1.83028 1.83031 1.83026 1.83026 1.8302  1.83021 1.8303
 1.83027 1.83028 1.83022 1.83026 1.83027 1.83039 1.83041 1.83058 1.83049
 1.83056 1.83058 1.83069 1.8307  1.83066 1.83066 1.83065 1.83061 1.83059
 1.83064 1.83059 1.83053 1.83049 1.83041 1.83042 1.83034 1.83026 1.8302
 1.83021 1.83022 1.83029 1.83024 1.83019 1.83019 1.83016 1.83014 1.8301
 1.83014 1.83014 1.83013 1.83017 1.83011 1.83004 1.83004 1.83    1.82999
 1.82998 1.83001 1.82997 1.82995 1.82994 1.82993 1.82992 1.82992 1.82987
 1.82987 1.82987 1.82987 1.82989 1.82985 1.82984 1.82979 1.8297  1.82978
 1.82983 1.82982 1.82985 1.82987 1.82992 1.82995 1.82988 1.82988 1.82997
 1.82994][1.73623 1.7363  1.73633 1.73642 1.73639 1.73646 1.73648 1.73659 1.73663
 1.73661 1.73659 1.73663 1.73668 1.73664 1.73663 1.73661 1.7366  1.73664
 1.7367  1.73671 1.73671 1.73671 1.73671 1.73671 1.73669 1.73672 1.73668
 1.73666 1.73666 1.7367  1.73672 1.7367  1.73671 1.73665 1.73665 1.73671
 1.73672 1.73668 1.73672 1.73675 1.73672 1.73668 1.73669 1.73668 1.73661
 1.73665 1.73669 1.7367  1.73673 1.73674 1.73676 1.7368  1.73677 1.73671
 1.73662 1.73661 1.73658 1.73658 1.73661 1.73661 1.73666 1.73666 1.73659
 1.73659 1.73664 1.73665 1.7366  1.73657 1.73654 1.73649 1.73649 1.7365
 1.73653 1.73645 1.7365  1.73649 1.73646 1.73645 1.73647 1.73647 1.73641
 1.73642 1.73643 1.73649 1.7365  1.73648 1.7364  1.73651 1.73651 1.73645
 1.73645 1.73647 1.73646 1.73654 1.73648 1.73644 1.73643 1.73648 1.73648
 1.73646][1.89293 1.89303 1.89306 1.89303 1.8931  1.89306 1.89306 1.89311 1.89305
 1.89312 1.89311 1.89311 1.89312 1.8932  1.89316 1.89321 1.89326 1.89335
 1.89345 1.89351 1.8935  1.89356 1.89362 1.89366 1.89379 1.89387 1.89398
 1.89389 1.89383 1.89382 1.89375 1.8938  1.89385 1.89387 1.89388 1.89387
 1.89393 1.89402 1.894   1.89401 1.89404 1.8941  1.89408 1.8941  1.89414
 1.89409 1.89407 1.89412 1.89409 1.89413 1.89412 1.89414 1.89421 1.89422
 1.89427 1.89428 1.89432 1.89442 1.89444 1.89442 1.89437 1.89439 1.8944
 1.89432 1.89429 1.89426 1.89425 1.89429 1.89428 1.89433 1.89421 1.89417
 1.89414 1.89414 1.8941  1.89401 1.8941  1.89404 1.89411 1.89413 1.89409
 1.89407 1.89399 1.89395 1.89393 1.89388 1.89389 1.89387 1.89382 1.89381
 1.89384 1.89387 1.89378 1.89382 1.89386 1.89379 1.89381 1.89383 1.89388
 1.89383][1.79786 1.7979  1.79793 1.79789 1.79794 1.79796 1.79801 1.79799 1.79805
 1.79801 1.79808 1.79804 1.79809 1.79818 1.79816 1.79821 1.79834 1.79829
 1.79843 1.79843 1.79854 1.79856 1.79859 1.79862 1.79864 1.79864 1.79871
 1.79877 1.7988  1.79872 1.79879 1.79881 1.79883 1.79887 1.79888 1.7989
 1.79889 1.79883 1.79894 1.79894 1.79892 1.79898 1.79896 1.79905 1.79899
 1.79905 1.7991  1.79905 1.79912 1.79912 1.79916 1.79923 1.7994  1.79935
 1.79939 1.79938 1.79939 1.79937 1.79935 1.79937 1.79937 1.79949 1.79958
 1.79956 1.7996  1.79962 1.79956 1.79958 1.79961 1.79964 1.79958 1.79956
 1.79957 1.79959 1.7996  1.79957 1.7995  1.79947 1.79944 1.7995  1.79944
 1.79939 1.79945 1.79947 1.7995  1.79949 1.7995  1.79947 1.79944 1.79946
 1.7994  1.79937 1.79939 1.79938 1.79942 1.79935 1.79937 1.79931 1.79932
 1.7993 ][1.88542 1.88541 1.88547 1.88555 1.88554 1.88558 1.88556 1.88563 1.88559
 1.88553 1.88554 1.88567 1.88571 1.88568 1.88569 1.88569 1.88576 1.88573
 1.88572 1.88572 1.88576 1.88579 1.88581 1.8859  1.88598 1.88606 1.88604
 1.88599 1.88606 1.88606 1.8861  1.88605 1.88598 1.88601 1.88595 1.88591
 1.88591 1.88586 1.88577 1.8857  1.88571 1.88566 1.88568 1.88584 1.88577
 1.88576 1.88581 1.88584 1.88587 1.88584 1.88581 1.88578 1.88578 1.88578
 1.88582 1.88582 1.88581 1.88578 1.88585 1.88596 1.88603 1.8861  1.8861
 1.88612 1.88619 1.88622 1.88624 1.8862  1.88625 1.88619 1.88619 1.88619
 1.88626 1.88626 1.88621 1.88623 1.88619 1.88615 1.88616 1.88626 1.88624
 1.88623 1.88617 1.88617 1.88621 1.88622 1.88627 1.88622 1.88612 1.88602
 1.8861  1.88606 1.88602 1.886   1.88595 1.88593 1.88591 1.88598 1.88598
 1.88596][1.84983 1.84985 1.8499  1.8499  1.84993 1.84994 1.84988 1.84992 1.84996
 1.84993 1.84991 1.84996 1.85    1.84999 1.84998 1.84998 1.84991 1.84991
 1.84989 1.8499  1.84984 1.84986 1.84987 1.84983 1.84981 1.84987 1.84987
 1.84986 1.84985 1.84984 1.84991 1.84987 1.84987 1.84991 1.84991 1.84996
 1.84997 1.85009 1.85011 1.85025 1.85023 1.85026 1.85031 1.85037 1.85046
 1.8505  1.85049 1.85043 1.85048 1.85042 1.85041 1.85038 1.85042 1.85047
 1.85056 1.85058 1.85065 1.85062 1.85059 1.85072 1.85077 1.85077 1.85077
 1.85081 1.85085 1.85088 1.85099 1.851   1.85098 1.85103 1.85107 1.85112
 1.85116 1.85113 1.85111 1.85112 1.85116 1.85114 1.85115 1.85117 1.85117
 1.85116 1.85109 1.85111 1.85115 1.85117 1.85124 1.8514  1.85144 1.85147
 1.85149 1.85145 1.85148 1.85147 1.85143 1.85138 1.85134 1.85129 1.85122
 1.85118]