[1.28531 1.28531 1.28574 1.28596 1.28587 1.28609 1.28656 1.28717 1.28693
 1.28716 1.2872  1.28709 1.28738 1.28772 1.28773 1.2878  1.28714 1.28689
 1.28695 1.28727 1.28669 1.28724 1.28676 1.28634 1.28624 1.28604 1.28571
 1.28559 1.28504 1.28468 1.28418 1.2839  1.28398 1.284   1.28421 1.28355
 1.28298 1.28303 1.28269 1.28222 1.28203 1.28158 1.28129 1.2809  1.28064
 1.28065 1.28044 1.28041 1.2804  1.28052 1.28011 1.27991 1.27998 1.28011
 1.27948 1.27968 1.27907 1.27916 1.27895 1.27856 1.27829 1.27809 1.278
 1.27797 1.27792 1.27837 1.27838 1.27819 1.27816 1.27852 1.27849 1.27759
 1.27759 1.27763 1.27699 1.27653 1.27623 1.27617 1.27594 1.27651 1.2773
 1.27757 1.27675 1.277   1.27662 1.27659 1.27711 1.27737 1.27739 1.27728
 1.27714 1.27673 1.27592 1.2755  1.27509 1.27441 1.27405 1.27364 1.27423
 1.27413][1.35306 1.35314 1.35259 1.35292 1.35276 1.35257 1.35308 1.35292 1.35342
 1.35355 1.35387 1.35363 1.35381 1.35347 1.35349 1.35355 1.35426 1.35427
 1.35404 1.35342 1.35303 1.3526  1.35175 1.35196 1.35147 1.35127 1.35152
 1.35136 1.35088 1.35161 1.35065 1.35065 1.35069 1.35041 1.34961 1.34939
 1.34898 1.34923 1.34897 1.34858 1.34835 1.34829 1.34758 1.34818 1.3473
 1.34631 1.34581 1.34563 1.34576 1.346   1.34649 1.34617 1.34568 1.34467
 1.34512 1.34502 1.3443  1.34418 1.34377 1.34296 1.34302 1.34327 1.34326
 1.34288 1.3417  1.34084 1.33996 1.33993 1.33974 1.33899 1.3387  1.338
 1.33864 1.33865 1.33792 1.33735 1.33806 1.33811 1.33698 1.33644 1.3359
 1.33525 1.33445 1.33375 1.33378 1.33346 1.3332  1.33285 1.33294 1.33286
 1.33265 1.33219 1.33231 1.33202 1.33135 1.33183 1.33211 1.33137 1.331
 1.33091][1.26908 1.26955 1.26979 1.26987 1.27022 1.26991 1.27012 1.27015 1.27039
 1.2706  1.27051 1.27065 1.27112 1.27085 1.27096 1.27108 1.27109 1.27131
 1.27093 1.27133 1.27187 1.2723  1.27236 1.27314 1.27316 1.2729  1.27314
 1.27291 1.27291 1.2731  1.27275 1.27173 1.2718  1.27169 1.27196 1.27227
 1.27236 1.2724  1.27227 1.27194 1.27138 1.2709  1.271   1.27069 1.27015
 1.2705  1.27038 1.26995 1.26969 1.26916 1.26863 1.26903 1.26892 1.26902
 1.26877 1.26836 1.2679  1.26775 1.2688  1.26847 1.2677  1.26728 1.26729
 1.26736 1.26779 1.26719 1.26687 1.26673 1.26627 1.26644 1.26608 1.26538
 1.26566 1.26493 1.2646  1.26394 1.26405 1.26425 1.26398 1.26349 1.2637
 1.26356 1.26296 1.26333 1.26353 1.26343 1.26252 1.26198 1.26129 1.26105
 1.26112 1.26031 1.25997 1.25962 1.25899 1.25828 1.25821 1.25876 1.25867
 1.25855][1.24959 1.24977 1.24982 1.24998 1.25007 1.25008 1.24981 1.25007 1.25043
 1.25012 1.2505  1.25006 1.25071 1.25047 1.25044 1.25035 1.25049 1.25053
 1.2501  1.25016 1.25087 1.25124 1.2514  1.25156 1.2512  1.25179 1.25242
 1.25243 1.25245 1.25241 1.25295 1.25329 1.25296 1.25295 1.25321 1.25361
 1.25405 1.25401 1.2544  1.25453 1.25376 1.25311 1.25313 1.25261 1.25221
 1.25123 1.25138 1.25139 1.25198 1.25222 1.25158 1.25169 1.25139 1.25165
 1.25113 1.25126 1.25086 1.25062 1.25068 1.24997 1.24948 1.24887 1.24915
 1.24865 1.24882 1.24878 1.24854 1.24835 1.24899 1.24836 1.24827 1.24855
 1.24784 1.24764 1.24736 1.24752 1.24761 1.2475  1.24772 1.24796 1.24788
 1.24771 1.24719 1.24697 1.2467  1.24646 1.24643 1.24607 1.24535 1.24464
 1.24404 1.24391 1.24381 1.24343 1.24358 1.24345 1.24387 1.24376 1.24327
 1.24329][1.2394  1.23907 1.23944 1.23982 1.23995 1.24008 1.2397  1.23978 1.23958
 1.23967 1.24015 1.24042 1.2402  1.24009 1.24038 1.24078 1.24123 1.24116
 1.24139 1.24131 1.24125 1.24107 1.24184 1.24183 1.24216 1.24225 1.24235
 1.24252 1.24241 1.24221 1.2426  1.24299 1.24293 1.24308 1.24314 1.24286
 1.24263 1.24271 1.24324 1.24288 1.24252 1.24295 1.24306 1.24336 1.24304
 1.24264 1.24251 1.24245 1.24224 1.24261 1.24248 1.24274 1.24221 1.24215
 1.24179 1.24103 1.24087 1.24154 1.24146 1.24145 1.24117 1.24113 1.24126
 1.24139 1.24142 1.24128 1.24021 1.24006 1.23966 1.23932 1.23856 1.23856
 1.23836 1.23842 1.23809 1.23779 1.23729 1.23778 1.23736 1.23714 1.23632
 1.23538 1.23533 1.23518 1.2355  1.2356  1.2349  1.23458 1.23453 1.23476
 1.235   1.23534 1.23519 1.23489 1.23498 1.23414 1.23426 1.23452 1.23363
 1.2338 ][1.19752 1.19778 1.19796 1.19815 1.19808 1.19852 1.19845 1.19841 1.19862
 1.19878 1.19891 1.19893 1.19892 1.1992  1.1998  1.19967 1.19941 1.19968
 1.20019 1.20025 1.2009  1.20136 1.20117 1.20114 1.20201 1.20226 1.20226
 1.20214 1.20243 1.20234 1.20286 1.20356 1.20418 1.20426 1.20442 1.20417
 1.20445 1.20394 1.20409 1.20387 1.20432 1.20399 1.20377 1.20375 1.20346
 1.20364 1.20358 1.20382 1.20375 1.20401 1.20373 1.20427 1.20437 1.20433
 1.204   1.20438 1.20477 1.20514 1.20553 1.20534 1.20519 1.20503 1.20514
 1.2045  1.2044  1.20473 1.20435 1.20362 1.2031  1.20297 1.20321 1.20309
 1.20232 1.20107 1.20119 1.2008  1.20088 1.20093 1.20126 1.20119 1.20112
 1.20124 1.20063 1.20002 1.19969 1.19989 1.19987 1.19956 1.19962 1.19986
 1.19953 1.19956 1.19876 1.19882 1.19826 1.19779 1.1975  1.19792 1.19787
 1.19777][1.23423 1.23408 1.23397 1.23412 1.23412 1.23409 1.23437 1.2348  1.23466
 1.23471 1.23482 1.23517 1.23549 1.23506 1.23601 1.2366  1.23653 1.23679
 1.23724 1.2375  1.23776 1.23788 1.23799 1.23852 1.23818 1.23882 1.23887
 1.23807 1.23777 1.23736 1.23763 1.23761 1.23761 1.23766 1.23827 1.23802
 1.23812 1.23813 1.2382  1.23818 1.23778 1.23711 1.23736 1.23764 1.23786
 1.23827 1.23782 1.23807 1.23799 1.23821 1.23824 1.23744 1.2372  1.23703
 1.23698 1.23701 1.23755 1.23741 1.2374  1.23721 1.23687 1.23699 1.23678
 1.23714 1.2366  1.237   1.23668 1.23653 1.23696 1.23662 1.23643 1.23587
 1.23549 1.23529 1.23472 1.23443 1.23357 1.23425 1.23387 1.23362 1.23387
 1.23348 1.23284 1.23284 1.23327 1.23307 1.23318 1.23265 1.23244 1.23263
 1.23288 1.23214 1.23185 1.2322  1.23161 1.23039 1.2298  1.23001 1.2299
 1.2296 ][1.16964 1.16949 1.16955 1.16998 1.17025 1.17077 1.17082 1.17075 1.17092
 1.17117 1.17135 1.17123 1.17144 1.17143 1.17125 1.17169 1.17151 1.17149
 1.17162 1.17172 1.17138 1.17135 1.17151 1.1715  1.1722  1.17237 1.1724
 1.17253 1.17261 1.172   1.17196 1.17267 1.17204 1.17234 1.17247 1.17312
 1.17334 1.1736  1.17372 1.17363 1.17346 1.17374 1.17472 1.17446 1.17436
 1.17403 1.17451 1.17467 1.17508 1.17522 1.17558 1.17562 1.17592 1.17644
 1.17688 1.17723 1.17691 1.17729 1.17774 1.17763 1.17746 1.17718 1.17681
 1.17676 1.17695 1.17641 1.17672 1.17667 1.17692 1.17751 1.17779 1.17763
 1.17802 1.17859 1.17827 1.178   1.17799 1.17801 1.17792 1.17804 1.1781
 1.1783  1.17801 1.17801 1.17828 1.17757 1.1779  1.17741 1.17773 1.17782
 1.17711 1.17658 1.1768  1.17696 1.17745 1.17694 1.17688 1.17705 1.17689
 1.17689][1.18523 1.18542 1.18525 1.18519 1.18528 1.1853  1.18493 1.18495 1.18563
 1.18583 1.18557 1.18592 1.18613 1.18655 1.1869  1.1862  1.18647 1.1861
 1.18596 1.18608 1.18638 1.18586 1.18633 1.18664 1.18712 1.18719 1.18765
 1.18759 1.188   1.18809 1.18805 1.18849 1.18842 1.18834 1.18802 1.1877
 1.18803 1.18884 1.18918 1.18992 1.18967 1.18959 1.18989 1.18978 1.18997
 1.19032 1.18992 1.1902  1.19004 1.19025 1.19075 1.19099 1.19101 1.19143
 1.19081 1.19101 1.19117 1.1911  1.19132 1.19173 1.19192 1.19153 1.19051
 1.19067 1.1911  1.19145 1.19138 1.19173 1.19188 1.19186 1.19154 1.19161
 1.19139 1.19108 1.19108 1.19114 1.19073 1.19099 1.19137 1.19156 1.19155
 1.19183 1.19184 1.19192 1.19176 1.19159 1.19177 1.19272 1.19263 1.19247
 1.19228 1.19126 1.19047 1.18996 1.19008 1.18897 1.18897 1.18936 1.18944
 1.18938][1.14749 1.14752 1.14774 1.14804 1.14772 1.14771 1.14786 1.14786 1.14778
 1.14782 1.14762 1.14808 1.14822 1.14903 1.14959 1.14883 1.1489  1.14874
 1.14912 1.14916 1.14884 1.14923 1.14971 1.1499  1.15045 1.15073 1.15103
 1.15067 1.1506  1.15066 1.15066 1.15083 1.15161 1.15156 1.15167 1.15169
 1.15136 1.15145 1.15146 1.15111 1.15123 1.15131 1.15145 1.15173 1.15136
 1.1517  1.15205 1.15273 1.1531  1.15338 1.15346 1.15385 1.15348 1.15401
 1.15389 1.15388 1.15432 1.15472 1.1547  1.1548  1.15548 1.1561  1.15648
 1.1566  1.15653 1.15649 1.15625 1.15619 1.15619 1.15621 1.15591 1.1559
 1.15578 1.15589 1.15575 1.15585 1.1561  1.15671 1.15675 1.1568  1.15696
 1.15703 1.15763 1.15792 1.15741 1.15697 1.15645 1.15656 1.15684 1.15649
 1.15641 1.15706 1.15735 1.15733 1.15798 1.15816 1.15848 1.15858 1.15914
 1.15889]