[1.42574 1.4258  1.42605 1.42675 1.42692 1.42766 1.42717 1.42804 1.42849
 1.429   1.42956 1.42879 1.42813 1.42792 1.42841 1.42803 1.42799 1.4281
 1.42745 1.42775 1.42748 1.42684 1.42704 1.42668 1.42657 1.42662 1.4259
 1.42545 1.42478 1.4242  1.425   1.42566 1.4252  1.42408 1.42376 1.42356
 1.42272 1.4227  1.42215 1.42172 1.42076 1.42068 1.42017 1.41953 1.41909
 1.4193  1.41803 1.41808 1.41825 1.41901 1.41852 1.41904 1.41835 1.41788
 1.41807 1.41783 1.41821 1.418   1.41664 1.41736 1.41651 1.41604 1.41621
 1.41612 1.41498 1.41449 1.41466 1.41445 1.41407 1.4139  1.41329 1.41251
 1.41251 1.41263 1.41256 1.41229 1.41099 1.41117 1.4104  1.41063 1.41005
 1.40999 1.41048 1.40999 1.41007 1.40992 1.40882 1.40896 1.40829 1.40816
 1.40804 1.40818 1.40781 1.40732 1.40803 1.40722 1.40601 1.4053  1.40505
 1.40463][1.46227 1.4621  1.46232 1.46236 1.46249 1.46263 1.46292 1.46361 1.46377
 1.46423 1.46418 1.46398 1.46393 1.46392 1.46423 1.46451 1.46511 1.46599
 1.46701 1.46761 1.46636 1.46614 1.46548 1.46537 1.46608 1.46571 1.4651
 1.46454 1.46499 1.46438 1.46489 1.4651  1.46502 1.46423 1.46326 1.46346
 1.46382 1.46231 1.46189 1.46187 1.46067 1.46092 1.4603  1.46052 1.46002
 1.45971 1.45932 1.45892 1.4589  1.458   1.4565  1.45595 1.45625 1.45584
 1.45617 1.45631 1.45591 1.45467 1.45479 1.45513 1.45496 1.45431 1.45394
 1.45422 1.45402 1.45274 1.4524  1.45219 1.45348 1.45402 1.45438 1.45406
 1.45436 1.45406 1.45395 1.45352 1.45285 1.45262 1.45326 1.45353 1.45237
 1.45174 1.45125 1.45008 1.45032 1.44911 1.44939 1.44917 1.44798 1.4479
 1.44799 1.44727 1.44658 1.44658 1.44735 1.44711 1.44679 1.44553 1.44507
 1.44467][1.47302 1.47305 1.47345 1.47325 1.47335 1.47357 1.47362 1.47382 1.47404
 1.47376 1.47482 1.47419 1.4748  1.47559 1.47618 1.47689 1.47671 1.47693
 1.47727 1.47782 1.47929 1.48    1.47928 1.47897 1.47999 1.47995 1.48012
 1.48118 1.48066 1.48094 1.48016 1.48046 1.47969 1.47993 1.48032 1.47919
 1.47887 1.47723 1.47737 1.47653 1.47624 1.47555 1.47442 1.47447 1.4743
 1.47361 1.47344 1.47327 1.4728  1.47222 1.47246 1.47134 1.4713  1.47146
 1.47195 1.47091 1.47226 1.47117 1.47106 1.47075 1.46902 1.46954 1.4687
 1.46796 1.46708 1.4666  1.46589 1.46514 1.46506 1.46465 1.46488 1.46592
 1.46513 1.4642  1.46364 1.46284 1.46221 1.46147 1.46116 1.46085 1.46124
 1.46126 1.4607  1.4598  1.45832 1.45767 1.4576  1.45866 1.45862 1.45783
 1.45818 1.45804 1.45783 1.45669 1.45604 1.45556 1.45516 1.45462 1.45376
 1.45374][1.52457 1.52433 1.52433 1.52434 1.52448 1.52437 1.52498 1.52515 1.52507
 1.52479 1.52494 1.52563 1.52574 1.52596 1.52542 1.52514 1.52504 1.52549
 1.52658 1.52695 1.52709 1.52629 1.52641 1.52637 1.52673 1.52706 1.52749
 1.52732 1.52722 1.52739 1.5285  1.52882 1.52947 1.52961 1.53115 1.53161
 1.53218 1.53233 1.53186 1.53198 1.53189 1.53227 1.53275 1.53193 1.53136
 1.52953 1.52928 1.5279  1.52861 1.5294  1.52916 1.52872 1.52731 1.52752
 1.5269  1.52669 1.52637 1.52662 1.52684 1.52737 1.52643 1.52554 1.52475
 1.5235  1.52342 1.52334 1.52268 1.52162 1.52119 1.52126 1.52099 1.52001
 1.51894 1.51893 1.5185  1.51776 1.51726 1.51684 1.51728 1.51683 1.51726
 1.51731 1.51658 1.51557 1.51522 1.51445 1.51453 1.51453 1.51429 1.51414
 1.51413 1.51304 1.51335 1.51355 1.51366 1.5149  1.51458 1.51353 1.51332
 1.51335][1.46855 1.46884 1.46861 1.4687  1.46855 1.46858 1.46823 1.46841 1.46886
 1.46923 1.46996 1.46947 1.46934 1.46979 1.46992 1.47044 1.46983 1.4694
 1.46893 1.4691  1.46872 1.46942 1.4685  1.46858 1.46899 1.47055 1.47067
 1.47148 1.47069 1.47013 1.46982 1.46997 1.46904 1.46809 1.46799 1.46855
 1.46897 1.46965 1.47063 1.46966 1.46913 1.46954 1.47018 1.47017 1.47004
 1.46993 1.46992 1.46994 1.47065 1.47056 1.46931 1.46907 1.46899 1.46785
 1.46788 1.46756 1.46673 1.46515 1.46502 1.46439 1.46456 1.46399 1.46376
 1.46343 1.46314 1.46321 1.46248 1.46269 1.46275 1.46187 1.46156 1.46182
 1.46125 1.46212 1.46267 1.46212 1.46179 1.46144 1.46141 1.46106 1.46171
 1.46038 1.45982 1.45911 1.4593  1.4586  1.4583  1.45894 1.45782 1.45765
 1.45671 1.45584 1.4553  1.4552  1.45508 1.45474 1.45404 1.45421 1.45403
 1.45395][1.789   1.78934 1.79013 1.79076 1.79175 1.79197 1.79229 1.7925  1.79276
 1.79389 1.79453 1.79483 1.79472 1.79459 1.79507 1.79526 1.79638 1.79565
 1.79578 1.79592 1.79697 1.79734 1.79713 1.7965  1.79706 1.79761 1.79809
 1.79909 1.80034 1.80143 1.80124 1.80173 1.80303 1.80271 1.80455 1.80431
 1.80411 1.80345 1.80363 1.80446 1.80514 1.80636 1.80688 1.80746 1.80831
 1.80955 1.81147 1.81151 1.81084 1.8117  1.81217 1.81414 1.81449 1.81451
 1.81464 1.81534 1.81627 1.81632 1.81526 1.81669 1.81759 1.81679 1.81737
 1.81711 1.8159  1.81716 1.81589 1.81651 1.81653 1.81606 1.81727 1.81503
 1.81284 1.81221 1.81159 1.81077 1.81028 1.80999 1.80995 1.80878 1.80866
 1.80724 1.80645 1.80567 1.80604 1.80472 1.80367 1.80267 1.8018  1.80244
 1.80182 1.80026 1.79965 1.79942 1.79859 1.79695 1.79471 1.79439 1.7946
 1.79508][2.04257 2.04296 2.0433  2.04491 2.04575 2.04734 2.04752 2.04842 2.04944
 2.04924 2.05078 2.05213 2.05381 2.05464 2.05488 2.05725 2.05733 2.05796
 2.05736 2.05709 2.05874 2.05989 2.0603  2.06133 2.06084 2.06129 2.0625
 2.0639  2.0651  2.06729 2.06939 2.07174 2.07319 2.07297 2.07364 2.07374
 2.07435 2.07662 2.07689 2.07723 2.07774 2.0806  2.08197 2.08321 2.08253
 2.08235 2.08088 2.08142 2.08118 2.08111 2.08236 2.08211 2.08303 2.0847
 2.08713 2.08736 2.08948 2.0883  2.09137 2.09347 2.09466 2.09568 2.09757
 2.10032 2.10143 2.1009  2.10112 2.10228 2.10129 2.10212 2.10314 2.10227
 2.10204 2.10239 2.10142 2.10069 2.09924 2.09832 2.09686 2.09471 2.09301
 2.09151 2.09161 2.09159 2.09134 2.09188 2.08963 2.08977 2.08972 2.08933
 2.08764 2.08731 2.08687 2.0877  2.08523 2.08388 2.08362 2.08137 2.08013
 2.08088][1.74704 1.74724 1.74719 1.74763 1.74735 1.74759 1.74827 1.7488  1.74946
 1.74962 1.74991 1.74995 1.75026 1.75066 1.75126 1.75087 1.75223 1.7534
 1.75318 1.75357 1.75341 1.75322 1.75424 1.75518 1.75518 1.75609 1.756
 1.7548  1.75294 1.75249 1.75416 1.75357 1.75381 1.75405 1.75375 1.75355
 1.75399 1.75403 1.75509 1.75676 1.75627 1.75663 1.75834 1.76017 1.76067
 1.76091 1.76142 1.76188 1.76256 1.76235 1.76281 1.76202 1.76261 1.76338
 1.7628  1.76497 1.76655 1.76782 1.7682  1.76748 1.76816 1.76854 1.76925
 1.76852 1.76927 1.7691  1.76845 1.76738 1.76673 1.76531 1.76469 1.76678
 1.7657  1.76504 1.76578 1.76673 1.76676 1.76799 1.76909 1.76906 1.76925
 1.76865 1.76945 1.76898 1.76902 1.76907 1.76895 1.7677  1.76645 1.76663
 1.76631 1.76503 1.76442 1.76471 1.76376 1.76419 1.76239 1.7607  1.76013
 1.7601 ][1.90182 1.90307 1.90316 1.90333 1.90391 1.90363 1.90453 1.90406 1.90483
 1.90586 1.90691 1.90618 1.906   1.90684 1.90679 1.90803 1.9096  1.91124
 1.91134 1.91193 1.91092 1.91036 1.90991 1.91088 1.91146 1.91099 1.91117
 1.91278 1.91403 1.91564 1.91533 1.91657 1.91703 1.91693 1.91738 1.91815
 1.91871 1.91985 1.92017 1.92078 1.92013 1.91997 1.92081 1.91956 1.91993
 1.92101 1.9212  1.92055 1.92025 1.92016 1.91898 1.91849 1.92013 1.92148
 1.92135 1.9225  1.92157 1.92205 1.92247 1.9223  1.92416 1.9239  1.92451
 1.92519 1.92567 1.92794 1.92807 1.928   1.92906 1.92962 1.93011 1.93028
 1.93146 1.93204 1.93284 1.93481 1.93556 1.9354  1.93738 1.93963 1.94032
 1.93894 1.94082 1.94097 1.94239 1.94119 1.94457 1.9444  1.94612 1.94755
 1.94756 1.94598 1.94646 1.94625 1.94606 1.94713 1.94773 1.94691 1.94472
 1.94377][2.0055  2.00555 2.00586 2.00602 2.00638 2.00585 2.00582 2.00668 2.00716
 2.00665 2.00664 2.00714 2.00735 2.0077  2.00887 2.00801 2.00774 2.00774
 2.00888 2.01015 2.0099  2.0113  2.01258 2.01335 2.01509 2.01587 2.01709
 2.01683 2.0169  2.01774 2.01734 2.01741 2.01772 2.01801 2.01923 2.01984
 2.02072 2.02209 2.02303 2.02283 2.02235 2.02308 2.02363 2.02556 2.02589
 2.026   2.02829 2.02928 2.02868 2.02867 2.03068 2.03134 2.03146 2.03222
 2.03316 2.03274 2.03342 2.03458 2.03551 2.03756 2.03944 2.04044 2.04228
 2.04252 2.04408 2.04604 2.04683 2.04765 2.04773 2.04837 2.04913 2.0501
 2.05134 2.05266 2.05333 2.05555 2.05432 2.05562 2.05632 2.05723 2.05856
 2.05665 2.06066 2.06091 2.06128 2.06111 2.06257 2.06389 2.06405 2.06684
 2.06883 2.06856 2.06945 2.07162 2.06987 2.07179 2.07284 2.07223 2.07337
 2.07324]