[4.16366 4.16293 4.16277 4.16215 4.16175 4.16155 4.16081 4.16122 4.16045
 4.15985 4.15897 4.15848 4.15759 4.15759 4.15725 4.15696 4.15693 4.15631
 4.15607 4.15556 4.15552 4.15504 4.1549  4.15408 4.1535  4.15305 4.15274
 4.15247 4.15249 4.15173 4.15045 4.15086 4.15048 4.1499  4.14906 4.14843
 4.14837 4.14787 4.14796 4.14713 4.14676 4.14647 4.14582 4.14529 4.14478
 4.14454 4.14476 4.14425 4.14458 4.14395 4.14336 4.14281 4.142   4.14111
 4.14131 4.14073 4.14036 4.1398  4.13939 4.13933 4.13834 4.13782 4.13716
 4.13656 4.13632 4.13663 4.13604 4.13525 4.13523 4.13508 4.13435 4.1344
 4.13431 4.13397 4.13387 4.1339  4.13346 4.13298 4.13268 4.13212 4.13225
 4.1318  4.13161 4.13145 4.13129 4.13121 4.13083 4.13045 4.13056 4.1304
 4.12982 4.12935 4.12899 4.12878 4.12838 4.12872 4.12862 4.12808 4.12803
 4.12795][3.83518 3.8359  3.83623 3.83693 3.83679 3.83709 3.83739 3.83762 3.83815
 3.83853 3.8386  3.83816 3.8379  3.83717 3.83657 3.83651 3.83576 3.83506
 3.83478 3.83461 3.83431 3.83353 3.8329  3.83328 3.83256 3.83218 3.83128
 3.83088 3.83094 3.83015 3.82962 3.82937 3.82887 3.82831 3.82761 3.82755
 3.82741 3.8272  3.8263  3.82589 3.82504 3.82497 3.82488 3.82442 3.82359
 3.82332 3.8233  3.82271 3.82199 3.82144 3.82106 3.82053 3.82044 3.81994
 3.81918 3.81867 3.81788 3.81749 3.81777 3.81752 3.817   3.81659 3.81638
 3.81644 3.81596 3.81525 3.81465 3.81411 3.81366 3.81391 3.81382 3.81324
 3.813   3.81271 3.81245 3.81197 3.81131 3.81124 3.81108 3.81087 3.81045
 3.81047 3.81032 3.81004 3.80941 3.80906 3.80864 3.80827 3.80797 3.80765
 3.80744 3.80681 3.80644 3.80616 3.80567 3.80556 3.80514 3.80457 3.80403
 3.80378][3.73841 3.73843 3.7387  3.73843 3.73902 3.73941 3.74043 3.74079 3.74099
 3.74161 3.74192 3.74241 3.74285 3.74313 3.74342 3.74342 3.74327 3.74363
 3.74401 3.74443 3.74481 3.74527 3.74456 3.74457 3.7441  3.74391 3.74315
 3.74268 3.74248 3.74204 3.74176 3.74173 3.74086 3.74067 3.74016 3.73967
 3.73939 3.73923 3.73889 3.73876 3.73826 3.73802 3.73759 3.73745 3.7366
 3.73631 3.73567 3.73546 3.73518 3.73477 3.73415 3.73405 3.7333  3.73278
 3.73241 3.7321  3.73115 3.73056 3.7298  3.72953 3.7296  3.72977 3.72933
 3.72867 3.72833 3.72754 3.72734 3.72728 3.7272  3.72674 3.72655 3.7266
 3.72651 3.7262  3.7259  3.72558 3.72536 3.72509 3.72509 3.72514 3.7247
 3.72423 3.72379 3.72385 3.72368 3.72342 3.72302 3.72317 3.7228  3.72244
 3.72208 3.72175 3.72136 3.72104 3.72103 3.72047 3.71987 3.71963 3.71966
 3.71966][4.01976 4.02021 4.02068 4.02128 4.02192 4.02205 4.02261 4.02295 4.02328
 4.02386 4.02439 4.02485 4.02504 4.02525 4.02471 4.02487 4.02478 4.02532
 4.02601 4.02653 4.02726 4.02731 4.0279  4.02813 4.02819 4.02898 4.02927
 4.02996 4.03091 4.0314  4.03061 4.03022 4.02975 4.02919 4.02844 4.02801
 4.02833 4.02772 4.02759 4.02638 4.0261  4.02479 4.02417 4.0237  4.02303
 4.02304 4.023   4.02232 4.02192 4.02141 4.02115 4.02114 4.02071 4.02057
 4.02002 4.01975 4.01922 4.01907 4.01894 4.01839 4.01834 4.01808 4.01803
 4.01776 4.01746 4.01726 4.01697 4.01625 4.01633 4.01602 4.0152  4.01497
 4.01425 4.01417 4.01396 4.01331 4.01262 4.01237 4.0124  4.01232 4.0121
 4.01173 4.01119 4.01109 4.01099 4.01026 4.00998 4.00976 4.00936 4.00913
 4.00865 4.00806 4.00768 4.00698 4.00677 4.00648 4.00605 4.00544 4.00482
 4.00463][3.77786 3.77831 3.77859 3.77868 3.779   3.77954 3.77996 3.78036 3.78063
 3.78124 3.78171 3.78227 3.7831  3.78388 3.78421 3.78433 3.78405 3.78405
 3.78463 3.78449 3.78514 3.78563 3.78548 3.78613 3.78602 3.78591 3.78666
 3.78712 3.78706 3.7879  3.78836 3.78874 3.7894  3.78951 3.79092 3.7911
 3.79136 3.7926  3.79218 3.79268 3.79235 3.79228 3.79263 3.79243 3.79175
 3.79182 3.79155 3.79079 3.79075 3.7902  3.79004 3.78976 3.78987 3.78924
 3.78917 3.78901 3.78873 3.78845 3.78801 3.7879  3.78765 3.78729 3.78693
 3.78678 3.78641 3.78598 3.78604 3.78567 3.7847  3.78422 3.784   3.78371
 3.78403 3.78389 3.78363 3.78346 3.7831  3.78304 3.78272 3.78243 3.78191
 3.7814  3.78113 3.7807  3.78083 3.78037 3.77967 3.77906 3.77856 3.77797
 3.7776  3.77732 3.77678 3.77629 3.77624 3.77591 3.77533 3.77509 3.77456
 3.77445][3.87955 3.88019 3.88076 3.88082 3.88162 3.88193 3.88262 3.88318 3.88287
 3.88341 3.88387 3.88445 3.88458 3.88496 3.88536 3.88599 3.88692 3.88692
 3.88744 3.88856 3.88933 3.88981 3.89029 3.89015 3.89118 3.89195 3.89331
 3.89343 3.89361 3.89451 3.89503 3.89549 3.89576 3.89669 3.89706 3.89739
 3.8979  3.89852 3.89899 3.89972 3.90031 3.90145 3.90223 3.9025  3.90384
 3.90368 3.90444 3.90503 3.90549 3.90612 3.9054  3.90473 3.90482 3.90456
 3.90442 3.9041  3.9039  3.90375 3.9034  3.90307 3.9026  3.90277 3.90277
 3.90261 3.9023  3.90212 3.90179 3.90132 3.90117 3.90069 3.90026 3.89937
 3.89911 3.89911 3.899   3.89874 3.89868 3.89841 3.89819 3.8978  3.89717
 3.8964  3.89618 3.89581 3.89598 3.8959  3.89576 3.89554 3.89604 3.89551
 3.89564 3.89557 3.89489 3.89458 3.89416 3.89362 3.89334 3.89277 3.89262
 3.89211][4.68233 4.68287 4.68336 4.68354 4.68427 4.68443 4.68477 4.68563 4.68619
 4.68615 4.68655 4.68664 4.68749 4.68756 4.68823 4.68872 4.68899 4.68968
 4.69028 4.69101 4.69096 4.69091 4.69085 4.69048 4.69098 4.69203 4.69211
 4.69353 4.69468 4.69542 4.69598 4.6961  4.69627 4.69666 4.69725 4.69766
 4.69871 4.69965 4.70017 4.70076 4.70109 4.70289 4.70461 4.70495 4.70527
 4.7055  4.70601 4.70629 4.70742 4.70854 4.70912 4.71029 4.71077 4.7115
 4.71273 4.71256 4.71299 4.71299 4.71408 4.71457 4.71392 4.71391 4.71283
 4.71213 4.71168 4.71133 4.71132 4.71106 4.7107  4.7105  4.7101  4.70967
 4.70847 4.70932 4.70866 4.70842 4.70791 4.70773 4.7074  4.70796 4.70686
 4.70629 4.70599 4.70513 4.70487 4.70382 4.70378 4.70325 4.70218 4.70242
 4.70181 4.70144 4.70076 4.70054 4.69962 4.69972 4.69879 4.69921 4.69988
 4.69947][3.82338 3.82387 3.82439 3.82494 3.8253  3.82594 3.82609 3.82597 3.82638
 3.82652 3.82691 3.82778 3.82857 3.82914 3.82979 3.83061 3.83098 3.83119
 3.83182 3.83197 3.8322  3.83243 3.83293 3.83303 3.83345 3.83352 3.83419
 3.83447 3.83503 3.83543 3.83579 3.83603 3.83675 3.83729 3.83803 3.83825
 3.83871 3.83924 3.83924 3.83893 3.83947 3.83979 3.83957 3.83977 3.83978
 3.84066 3.84144 3.84174 3.84219 3.8423  3.84286 3.84344 3.84362 3.84379
 3.84442 3.84483 3.84542 3.84593 3.84592 3.84634 3.84663 3.84743 3.84781
 3.84823 3.84838 3.84877 3.84909 3.84946 3.84981 3.85018 3.85034 3.85012
 3.84953 3.84956 3.84957 3.84962 3.84974 3.84908 3.84826 3.84782 3.84732
 3.8471  3.84672 3.84665 3.84659 3.8463  3.84622 3.84582 3.84576 3.84548
 3.84496 3.84465 3.84426 3.84417 3.84405 3.84358 3.84336 3.84264 3.84202
 3.84204][4.20224 4.20245 4.20298 4.20398 4.204   4.2043  4.20504 4.20505 4.20514
 4.20549 4.20645 4.20706 4.20813 4.20833 4.20934 4.20927 4.20953 4.20928
 4.20998 4.21069 4.211   4.21138 4.21232 4.21276 4.21338 4.21363 4.21391
 4.21447 4.21437 4.21468 4.21483 4.21486 4.21595 4.21639 4.21672 4.21689
 4.21673 4.21667 4.21737 4.21787 4.21815 4.2184  4.21899 4.21962 4.22009
 4.2207  4.22105 4.22154 4.22199 4.22247 4.22254 4.22364 4.22408 4.22411
 4.22433 4.22518 4.22573 4.22559 4.22617 4.22682 4.2272  4.22721 4.22808
 4.22841 4.22884 4.22899 4.22915 4.22967 4.22985 4.22976 4.23058 4.23122
 4.23179 4.23259 4.23306 4.23408 4.23481 4.23533 4.23564 4.2367  4.23622
 4.23558 4.2352  4.23472 4.23414 4.23406 4.23373 4.23328 4.23281 4.23209
 4.2315  4.23164 4.23131 4.23089 4.23084 4.23066 4.23055 4.23031 4.22989
 4.22966][3.40236 3.40285 3.40318 3.40348 3.40399 3.40409 3.40444 3.40478 3.4053
 3.40576 3.40606 3.4061  3.40641 3.40649 3.40688 3.40671 3.40667 3.40714
 3.40779 3.40816 3.40834 3.40856 3.40838 3.40871 3.409   3.40928 3.40917
 3.40946 3.40978 3.4099  3.40994 3.41004 3.4095  3.41008 3.40998 3.41027
 3.41041 3.41041 3.41063 3.41074 3.41109 3.41092 3.41137 3.41108 3.41163
 3.41209 3.41278 3.41303 3.41308 3.41316 3.41343 3.41391 3.41422 3.41465
 3.41468 3.41481 3.41506 3.41531 3.41574 3.41642 3.41659 3.41773 3.4176
 3.41825 3.41848 3.41869 3.41854 3.41868 3.41928 3.41956 3.42018 3.42035
 3.42056 3.42104 3.42159 3.42202 3.42263 3.42328 3.42349 3.42381 3.4243
 3.42435 3.42472 3.42569 3.42614 3.42596 3.42661 3.42666 3.42693 3.4273
 3.42679 3.42647 3.42634 3.42615 3.4257  3.42499 3.42444 3.42387 3.42382
 3.42349]