[1.47578 1.47578 1.47573 1.47572 1.47564 1.47565 1.47564 1.47565 1.47562
 1.47562 1.47565 1.47571 1.47558 1.47561 1.47558 1.47546 1.47547 1.47542
 1.47538 1.47535 1.4753  1.4752  1.47521 1.47531 1.47533 1.4753  1.47526
 1.47513 1.47515 1.47508 1.47507 1.4749  1.47495 1.47484 1.47482 1.47477
 1.4748  1.47483 1.47482 1.47483 1.47474 1.47462 1.4745  1.47447 1.47448
 1.47437 1.47442 1.47432 1.4743  1.47421 1.47421 1.47417 1.47417 1.47412
 1.47409 1.47409 1.474   1.4739  1.47388 1.4738  1.47373 1.47362 1.47346
 1.47354 1.47342 1.47338 1.47328 1.47315 1.47316 1.47306 1.47296 1.47282
 1.47277 1.4726  1.47253 1.47248 1.47254 1.47243 1.47238 1.47234 1.4723
 1.47224 1.47217 1.47209 1.47205 1.47196 1.47201 1.47203 1.47191 1.47188
 1.47174 1.47171 1.47169 1.47156 1.47157 1.47154 1.47146 1.47144 1.47143
 1.47144][1.4736  1.47369 1.47373 1.4738  1.47377 1.47379 1.47383 1.47388 1.47384
 1.47392 1.47386 1.47383 1.47381 1.47374 1.47366 1.47358 1.4735  1.47344
 1.4734  1.47338 1.47334 1.47333 1.47336 1.47336 1.47326 1.47326 1.47328
 1.4733  1.4733  1.47329 1.4732  1.47316 1.47315 1.4731  1.47308 1.47298
 1.47296 1.47283 1.47277 1.47277 1.47264 1.47248 1.47232 1.47227 1.4722
 1.47213 1.472   1.47191 1.47186 1.47179 1.47179 1.47169 1.47169 1.4717
 1.47159 1.47148 1.47149 1.47149 1.47139 1.4714  1.47131 1.47129 1.47112
 1.47101 1.47112 1.47113 1.47109 1.47103 1.471   1.47096 1.47097 1.47095
 1.47081 1.4707  1.47069 1.47069 1.47057 1.47046 1.47035 1.4704  1.47032
 1.47021 1.47013 1.47001 1.47007 1.47004 1.46998 1.46995 1.4699  1.46985
 1.46987 1.4698  1.46978 1.46976 1.46977 1.46978 1.46964 1.4697  1.46966
 1.46964][1.46404 1.46397 1.46413 1.4642  1.46425 1.46427 1.46426 1.4643  1.46432
 1.46436 1.46436 1.46441 1.46445 1.46445 1.46451 1.46447 1.46451 1.46454
 1.46467 1.46479 1.46477 1.46478 1.46483 1.4648  1.46473 1.46479 1.46473
 1.46476 1.46476 1.46479 1.46485 1.46481 1.46489 1.46487 1.46483 1.4648
 1.46476 1.46477 1.46462 1.46457 1.46448 1.46449 1.46439 1.46444 1.46432
 1.46429 1.46429 1.46432 1.46439 1.46436 1.46426 1.46419 1.46404 1.46402
 1.46401 1.46386 1.46386 1.46381 1.46373 1.46363 1.46362 1.46359 1.4635
 1.46352 1.46342 1.46341 1.4635  1.46342 1.46336 1.46316 1.46316 1.46302
 1.46294 1.46287 1.46287 1.46285 1.46276 1.4627  1.46278 1.46269 1.46266
 1.46271 1.46269 1.46267 1.46264 1.46258 1.46254 1.46252 1.46248 1.46243
 1.46242 1.4625  1.46254 1.46251 1.46246 1.46241 1.46239 1.46238 1.46234
 1.46233][1.44614 1.44614 1.44619 1.44621 1.4463  1.44631 1.44627 1.44639 1.44656
 1.44644 1.44646 1.44652 1.44655 1.44655 1.44659 1.44659 1.44665 1.44675
 1.44684 1.44687 1.44686 1.44695 1.44709 1.44712 1.44711 1.4472  1.44716
 1.44722 1.44729 1.44733 1.44728 1.44731 1.44738 1.44736 1.44735 1.44728
 1.44724 1.44728 1.44716 1.4472  1.44712 1.44715 1.44712 1.44713 1.4471
 1.44709 1.44723 1.44718 1.44722 1.44719 1.44717 1.44706 1.44716 1.44718
 1.44697 1.44692 1.4469  1.44681 1.44691 1.44695 1.44693 1.44702 1.44693
 1.44683 1.44675 1.44673 1.44658 1.44652 1.44644 1.4464  1.44641 1.4465
 1.44644 1.44632 1.44636 1.4463  1.4463  1.44624 1.44615 1.44603 1.44611
 1.44598 1.44589 1.44595 1.44592 1.44577 1.44568 1.44559 1.44557 1.44561
 1.44546 1.44537 1.44535 1.44531 1.44528 1.44531 1.44535 1.44523 1.44511
 1.44508][1.46282 1.46285 1.46302 1.46311 1.46314 1.46311 1.46308 1.463   1.463
 1.46312 1.46315 1.46309 1.46319 1.46328 1.46329 1.46333 1.46345 1.46345
 1.46356 1.46364 1.46375 1.46376 1.46376 1.46378 1.46386 1.46386 1.46392
 1.46389 1.46388 1.46394 1.46401 1.46399 1.46414 1.46417 1.46421 1.46425
 1.46431 1.46441 1.46439 1.46441 1.46438 1.46434 1.46437 1.46443 1.46441
 1.46431 1.46438 1.46437 1.46426 1.46417 1.46403 1.46407 1.46413 1.46413
 1.46415 1.46414 1.4641  1.46403 1.46406 1.46411 1.46405 1.46402 1.464
 1.46393 1.46395 1.46392 1.46384 1.46386 1.46389 1.46387 1.46381 1.46379
 1.46379 1.46373 1.4636  1.4636  1.46358 1.46351 1.4635  1.46349 1.46352
 1.4634  1.46341 1.46332 1.46332 1.46334 1.46336 1.4632  1.46308 1.46317
 1.4631  1.46309 1.46294 1.46291 1.46279 1.46263 1.46262 1.46252 1.4625
 1.46241][1.45632 1.45643 1.45651 1.45656 1.45662 1.45667 1.45667 1.45677 1.45675
 1.4568  1.4568  1.45679 1.45674 1.45684 1.45693 1.45699 1.45705 1.457
 1.45705 1.45713 1.45715 1.45717 1.45714 1.45706 1.4571  1.45716 1.45712
 1.45719 1.4573  1.45731 1.45737 1.45741 1.4574  1.45744 1.45745 1.4575
 1.45763 1.45768 1.4577  1.45778 1.45782 1.45793 1.45798 1.45796 1.45798
 1.45803 1.45811 1.45819 1.45818 1.45807 1.45805 1.458   1.45796 1.458
 1.45792 1.4578  1.45783 1.45776 1.45772 1.4576  1.45752 1.45746 1.45743
 1.45742 1.45739 1.45734 1.45723 1.45718 1.45712 1.45702 1.45712 1.45717
 1.45706 1.45701 1.45688 1.45683 1.45693 1.45694 1.45683 1.45675 1.45674
 1.45661 1.45663 1.45654 1.45659 1.45651 1.45651 1.4565  1.45648 1.45641
 1.45648 1.4565  1.45651 1.45653 1.45651 1.45656 1.45645 1.45645 1.45644
 1.45641][1.41616 1.41621 1.41624 1.41632 1.41631 1.4164  1.41643 1.41644 1.41643
 1.41651 1.41649 1.41654 1.41654 1.41653 1.41656 1.41666 1.41672 1.41679
 1.41682 1.41679 1.4168  1.41683 1.41686 1.41698 1.417   1.41708 1.41721
 1.41721 1.41724 1.41734 1.41732 1.41742 1.41753 1.41744 1.41744 1.41744
 1.41751 1.41758 1.41756 1.41767 1.41766 1.41767 1.4177  1.41783 1.41789
 1.41795 1.41801 1.41808 1.41808 1.41806 1.41805 1.41801 1.41803 1.41809
 1.41813 1.41812 1.41806 1.41806 1.41809 1.41817 1.41822 1.41816 1.41809
 1.41814 1.41808 1.41797 1.41795 1.41792 1.4179  1.41792 1.41791 1.41791
 1.4179  1.41785 1.41783 1.41785 1.41794 1.41787 1.41789 1.41785 1.41782
 1.41773 1.41778 1.41766 1.41763 1.41764 1.41762 1.41755 1.41755 1.41752
 1.41757 1.41758 1.41756 1.4176  1.41749 1.41749 1.41743 1.41738 1.41736
 1.41742][1.4437  1.44375 1.44373 1.44382 1.44399 1.44404 1.44409 1.44413 1.4443
 1.44438 1.44443 1.44449 1.44458 1.44462 1.4446  1.44461 1.44474 1.44476
 1.44481 1.44474 1.44475 1.44475 1.44488 1.44482 1.44485 1.44493 1.44496
 1.44511 1.44496 1.44503 1.44502 1.44498 1.44507 1.44505 1.44508 1.44508
 1.44517 1.44525 1.44533 1.44532 1.44539 1.44527 1.44537 1.44533 1.44541
 1.44545 1.44549 1.44551 1.44553 1.44548 1.44559 1.44556 1.44561 1.44571
 1.44575 1.44573 1.44581 1.44588 1.44595 1.44599 1.44608 1.44609 1.44614
 1.44619 1.44617 1.44616 1.44619 1.44616 1.44619 1.44623 1.44606 1.44608
 1.44606 1.44597 1.44581 1.44569 1.44566 1.44566 1.44565 1.44562 1.44562
 1.44568 1.44573 1.44579 1.44579 1.44564 1.44549 1.44541 1.44536 1.44531
 1.4452  1.44512 1.44509 1.44507 1.44499 1.44503 1.44509 1.44507 1.44502
 1.44504][1.41931 1.41938 1.41941 1.41952 1.41955 1.4196  1.41963 1.41974 1.4197
 1.4197  1.41964 1.41959 1.41964 1.41961 1.41957 1.41949 1.41955 1.41958
 1.41953 1.41961 1.41968 1.4197  1.41981 1.41984 1.41985 1.4198  1.41982
 1.41983 1.41981 1.41973 1.41973 1.41967 1.41963 1.41958 1.4197  1.41973
 1.41975 1.41978 1.41984 1.41986 1.41981 1.41974 1.41974 1.41981 1.41985
 1.41994 1.42    1.41999 1.42005 1.42012 1.42019 1.42018 1.42027 1.42034
 1.42048 1.42055 1.42049 1.4206  1.42067 1.4208  1.42078 1.4207  1.42067
 1.42075 1.42074 1.42077 1.42087 1.42087 1.42086 1.42089 1.42089 1.4209
 1.42098 1.4211  1.42118 1.42113 1.42112 1.42121 1.42131 1.42122 1.42113
 1.42109 1.4211  1.42105 1.42099 1.42102 1.42093 1.42087 1.42095 1.42094
 1.4209  1.42093 1.42088 1.42087 1.42086 1.42092 1.42078 1.42068 1.4206
 1.42058][1.42799 1.42804 1.42805 1.428   1.42794 1.428   1.42798 1.42812 1.42822
 1.42826 1.42827 1.4283  1.42841 1.42853 1.42863 1.42866 1.42879 1.42876
 1.42866 1.42877 1.42886 1.42891 1.42903 1.42902 1.42906 1.42903 1.42918
 1.42925 1.42922 1.42927 1.42932 1.42923 1.42931 1.42932 1.42935 1.42939
 1.4294  1.42941 1.42947 1.4296  1.42954 1.42955 1.42956 1.42953 1.42965
 1.42964 1.42973 1.42974 1.42975 1.42984 1.42988 1.4299  1.42998 1.43007
 1.43016 1.43018 1.43023 1.43026 1.43027 1.43029 1.43043 1.43042 1.43049
 1.43058 1.43062 1.43058 1.43058 1.4306  1.43059 1.43058 1.43066 1.43066
 1.4308  1.43089 1.4309  1.43093 1.43105 1.43102 1.43105 1.4311  1.43116
 1.43117 1.43123 1.4311  1.43116 1.43096 1.43106 1.431   1.43106 1.43105
 1.43094 1.43081 1.4309  1.4308  1.43071 1.43068 1.43071 1.43051 1.43045
 1.43036]