[1.4265  1.427   1.42755 1.42784 1.42811 1.42852 1.4289  1.42969 1.4298
 1.43113 1.43096 1.43102 1.43075 1.43019 1.43045 1.42987 1.42954 1.42932
 1.42827 1.42825 1.4272  1.42631 1.42614 1.4258  1.42548 1.42491 1.42482
 1.4247  1.42466 1.42456 1.42406 1.42417 1.42329 1.42402 1.42453 1.42348
 1.42295 1.42288 1.42235 1.42235 1.42292 1.4218  1.42102 1.42058 1.42093
 1.42073 1.42093 1.42023 1.41964 1.41858 1.41814 1.41792 1.41752 1.41792
 1.41728 1.41747 1.41656 1.41636 1.41647 1.41507 1.41548 1.41497 1.41521
 1.41512 1.41492 1.41328 1.41275 1.41217 1.41193 1.41188 1.41167 1.41183
 1.41156 1.41129 1.41126 1.41112 1.41123 1.41121 1.41024 1.40983 1.40932
 1.40865 1.40814 1.4076  1.4077  1.40768 1.4071  1.40656 1.40704 1.40677
 1.40716 1.40688 1.40694 1.40679 1.40659 1.40624 1.40523 1.40496 1.40528
 1.40511][1.5151  1.51554 1.51571 1.51606 1.51603 1.51608 1.51556 1.51616 1.51651
 1.5173  1.51795 1.51702 1.51677 1.51752 1.51739 1.51862 1.51945 1.52071
 1.52051 1.52047 1.52107 1.5195  1.51881 1.5182  1.51877 1.5174  1.51745
 1.51644 1.51537 1.51528 1.51552 1.51529 1.51519 1.5147  1.51389 1.51344
 1.5138  1.5146  1.51409 1.51288 1.51321 1.5139  1.51372 1.51326 1.51459
 1.51311 1.51307 1.51258 1.51191 1.51072 1.51087 1.51022 1.50963 1.50887
 1.50894 1.50913 1.5088  1.50837 1.50839 1.50747 1.50711 1.50687 1.5061
 1.5062  1.50554 1.50571 1.50556 1.50604 1.50639 1.50578 1.50524 1.50525
 1.50533 1.50657 1.50563 1.5052  1.50398 1.5034  1.50304 1.50318 1.50251
 1.5027  1.50265 1.50347 1.50411 1.50471 1.50485 1.5057  1.50593 1.50567
 1.506   1.50461 1.50452 1.50392 1.50376 1.50351 1.50282 1.50197 1.50223
 1.50184][1.51921 1.51953 1.51952 1.52009 1.51995 1.52013 1.52069 1.52198 1.5218
 1.52284 1.52326 1.52346 1.52449 1.52392 1.52375 1.5239  1.52481 1.52547
 1.5254  1.52595 1.52687 1.52645 1.52723 1.52666 1.52679 1.52726 1.52732
 1.52814 1.52819 1.5286  1.52773 1.52793 1.52772 1.52706 1.52707 1.52613
 1.52581 1.5255  1.52516 1.5249  1.52431 1.52311 1.52199 1.52209 1.52227
 1.52173 1.52128 1.52047 1.52089 1.51907 1.51825 1.51773 1.5168  1.51642
 1.51573 1.51546 1.51607 1.5152  1.51528 1.51551 1.51484 1.51466 1.51484
 1.51455 1.51396 1.51349 1.51304 1.51192 1.51157 1.51059 1.51065 1.51061
 1.51033 1.50945 1.51035 1.51084 1.51127 1.51121 1.51004 1.50962 1.50891
 1.50953 1.50915 1.50841 1.50799 1.50837 1.5079  1.50835 1.50826 1.50824
 1.50848 1.50812 1.50816 1.50759 1.50705 1.5056  1.50513 1.50501 1.5043
 1.50426][1.56748 1.56819 1.56803 1.56846 1.56901 1.5691  1.56813 1.56852 1.56907
 1.56949 1.56969 1.56972 1.57034 1.5706  1.57002 1.56953 1.5704  1.57105
 1.57204 1.57213 1.57246 1.57271 1.57353 1.57459 1.57576 1.57537 1.57599
 1.57613 1.57721 1.57752 1.57697 1.57663 1.57684 1.57729 1.57736 1.57816
 1.57981 1.57964 1.58028 1.58185 1.58082 1.58048 1.58001 1.57842 1.57803
 1.57759 1.5781  1.57757 1.57697 1.57601 1.57675 1.5756  1.57573 1.57532
 1.57616 1.57588 1.57482 1.57458 1.57442 1.57475 1.57475 1.57407 1.57468
 1.57415 1.57396 1.5728  1.57253 1.57217 1.57077 1.57088 1.57063 1.57093
 1.56948 1.56861 1.56793 1.56628 1.56536 1.56425 1.56434 1.56276 1.56283
 1.56151 1.56203 1.5617  1.56092 1.56051 1.55999 1.55963 1.55906 1.55901
 1.558   1.557   1.55623 1.55734 1.55739 1.55683 1.55637 1.55678 1.55597
 1.5552 ][1.71239 1.712   1.71291 1.7137  1.7141  1.71403 1.71427 1.71531 1.71517
 1.71496 1.71599 1.71672 1.71771 1.71797 1.71761 1.71823 1.71921 1.71965
 1.71939 1.72079 1.7212  1.72185 1.72427 1.72459 1.7242  1.7241  1.72447
 1.72584 1.72611 1.72746 1.72845 1.73019 1.73001 1.73007 1.73086 1.73078
 1.73018 1.72946 1.73099 1.73158 1.73175 1.73213 1.73348 1.73337 1.73431
 1.73487 1.73414 1.73344 1.7347  1.73515 1.73497 1.73508 1.73552 1.7337
 1.73386 1.73301 1.73236 1.73172 1.73018 1.73122 1.73144 1.73096 1.73108
 1.73119 1.73148 1.73128 1.73176 1.73113 1.73065 1.72888 1.72729 1.72699
 1.72833 1.72687 1.72777 1.72674 1.72612 1.72547 1.72582 1.72445 1.72494
 1.72485 1.72352 1.72249 1.72226 1.72191 1.72076 1.71953 1.71979 1.71865
 1.71768 1.71804 1.71799 1.71794 1.71712 1.717   1.71607 1.71526 1.71573
 1.7161 ][1.70747 1.7075  1.70795 1.70813 1.7078  1.70801 1.70892 1.70887 1.70894
 1.70905 1.70933 1.70925 1.71054 1.71076 1.71075 1.71072 1.71111 1.7112
 1.71269 1.7126  1.71313 1.71296 1.7138  1.71376 1.71417 1.71501 1.71476
 1.71573 1.71632 1.7165  1.71801 1.71762 1.71695 1.71702 1.7182  1.71809
 1.71871 1.72041 1.72099 1.72061 1.72059 1.71994 1.72047 1.72238 1.72262
 1.72344 1.72528 1.72465 1.72594 1.72592 1.72565 1.72626 1.7272  1.72912
 1.72974 1.73124 1.73216 1.73235 1.73206 1.73274 1.73177 1.72954 1.73104
 1.73108 1.73012 1.72898 1.72759 1.72696 1.72643 1.72523 1.72483 1.72447
 1.72403 1.72448 1.72443 1.7241  1.72327 1.7224  1.72112 1.72009 1.71875
 1.71801 1.71784 1.71636 1.71624 1.71761 1.71748 1.71868 1.71794 1.71861
 1.71745 1.71718 1.71722 1.71721 1.71731 1.71674 1.7165  1.71593 1.71643
 1.71592][1.81371 1.81432 1.81396 1.81368 1.81412 1.81478 1.81506 1.81633 1.81663
 1.8166  1.81659 1.81687 1.81746 1.81815 1.81798 1.81872 1.82011 1.82156
 1.82244 1.82287 1.82272 1.82418 1.82338 1.82328 1.82375 1.82338 1.82427
 1.82486 1.82413 1.82346 1.82458 1.82433 1.82517 1.82544 1.82489 1.82553
 1.82649 1.82812 1.82888 1.8285  1.82953 1.8297  1.83092 1.83178 1.83301
 1.83303 1.83336 1.83458 1.83409 1.83564 1.83594 1.8365  1.8367  1.83756
 1.8377  1.83875 1.83924 1.83937 1.84112 1.84234 1.84381 1.84499 1.84627
 1.84516 1.84544 1.84476 1.84615 1.8467  1.84858 1.84999 1.84878 1.84809
 1.84686 1.84609 1.84507 1.8447  1.8462  1.84583 1.84545 1.84443 1.84317
 1.84298 1.84354 1.84264 1.8402  1.83959 1.83874 1.83916 1.83945 1.83819
 1.83722 1.8377  1.83794 1.83698 1.83754 1.83794 1.83708 1.8369  1.83746
 1.83649][1.80259 1.80292 1.80259 1.80355 1.8033  1.80369 1.8044  1.80455 1.8043
 1.80481 1.80581 1.80505 1.80496 1.80563 1.80578 1.80615 1.80672 1.80711
 1.80726 1.80797 1.80919 1.80934 1.80963 1.80906 1.80926 1.8094  1.80976
 1.811   1.81017 1.81207 1.81184 1.81384 1.81384 1.81368 1.81381 1.81453
 1.81548 1.81682 1.81858 1.81962 1.82007 1.82084 1.82093 1.8201  1.82072
 1.82124 1.82152 1.82093 1.82075 1.82016 1.82129 1.82111 1.82245 1.82206
 1.82375 1.82426 1.82532 1.82565 1.82738 1.82737 1.82824 1.82993 1.83003
 1.83064 1.83016 1.83158 1.8337  1.83542 1.83411 1.83587 1.83603 1.83661
 1.83747 1.83699 1.83753 1.83969 1.84031 1.84088 1.84077 1.84199 1.84219
 1.84178 1.84018 1.83826 1.83587 1.83427 1.83396 1.83401 1.83415 1.83527
 1.83427 1.8335  1.83306 1.83199 1.83278 1.83165 1.83163 1.8312  1.83173
 1.83074][1.86838 1.86865 1.86928 1.8695  1.86941 1.86907 1.86898 1.86946 1.86949
 1.86966 1.87065 1.87124 1.87195 1.87122 1.87159 1.87187 1.87119 1.87081
 1.86936 1.8692  1.87082 1.86977 1.86998 1.86982 1.87055 1.8702  1.8704
 1.8715  1.87256 1.87249 1.87306 1.87323 1.87398 1.87437 1.87569 1.87699
 1.8767  1.87654 1.87556 1.87645 1.87787 1.87869 1.87931 1.8793  1.87994
 1.88019 1.8813  1.88211 1.88446 1.88601 1.8865  1.88673 1.88897 1.89052
 1.89231 1.8937  1.89457 1.896   1.89686 1.8978  1.89878 1.8994  1.89901
 1.89989 1.90156 1.90308 1.9034  1.90551 1.9054  1.90734 1.90884 1.90843
 1.90778 1.91003 1.90963 1.91184 1.9117  1.91261 1.91422 1.91502 1.91765
 1.91788 1.918   1.91798 1.91797 1.9174  1.91667 1.9173  1.91739 1.91674
 1.91563 1.91529 1.9143  1.9127  1.91127 1.90953 1.90774 1.90726 1.90585
 1.90416][2.15789 2.1587  2.15954 2.1592  2.16064 2.16107 2.16128 2.16259 2.16285
 2.16396 2.16457 2.16501 2.16523 2.16547 2.1662  2.16721 2.16936 2.17063
 2.17244 2.17309 2.17378 2.17399 2.17422 2.17369 2.17524 2.17657 2.17562
 2.1763  2.17738 2.17995 2.18124 2.1815  2.18427 2.184   2.18625 2.18724
 2.18695 2.18852 2.19119 2.1925  2.19587 2.19712 2.19863 2.19875 2.20075
 2.20321 2.20407 2.20464 2.20449 2.20476 2.2034  2.20079 2.20005 2.20119
 2.20106 2.20102 2.20209 2.20264 2.20297 2.20375 2.20437 2.20457 2.20553
 2.20677 2.20568 2.20578 2.20604 2.20744 2.20797 2.21012 2.20915 2.21018
 2.21454 2.21594 2.2175  2.2173  2.21777 2.21916 2.22019 2.22068 2.22259
 2.22348 2.22551 2.22641 2.22816 2.22797 2.22809 2.22881 2.23167 2.23227
 2.23584 2.23591 2.2379  2.2387  2.24088 2.24486 2.24479 2.24504 2.24544
 2.24636]