[1.39591 1.39573 1.39577 1.39613 1.3965  1.3966  1.39657 1.39678 1.39686
 1.39693 1.39701 1.39719 1.39762 1.39737 1.39712 1.39716 1.39735 1.3971
 1.39711 1.39752 1.39752 1.39766 1.3976  1.39801 1.39775 1.39688 1.3967
 1.3965  1.39621 1.39634 1.39652 1.39637 1.39623 1.39604 1.39612 1.39581
 1.39571 1.39556 1.39558 1.39532 1.39518 1.39503 1.39541 1.39503 1.39504
 1.39525 1.39494 1.39486 1.39477 1.39502 1.39497 1.3946  1.39473 1.39491
 1.39464 1.39437 1.39457 1.39495 1.39489 1.39498 1.3953  1.39508 1.39486
 1.39478 1.39464 1.39459 1.39439 1.39446 1.3944  1.39419 1.39386 1.39373
 1.39354 1.39319 1.39279 1.39265 1.39267 1.39273 1.39276 1.39271 1.3931
 1.39298 1.39248 1.39244 1.39218 1.39184 1.39169 1.39198 1.39172 1.39187
 1.39175 1.39226 1.39214 1.39205 1.39166 1.39142 1.39119 1.39117 1.39143
 1.39136][1.5077  1.50771 1.50764 1.50782 1.50806 1.50781 1.50793 1.50811 1.50808
 1.50842 1.50855 1.50848 1.50856 1.50886 1.5088  1.50915 1.50895 1.50915
 1.50963 1.50987 1.51021 1.50998 1.5099  1.50953 1.5093  1.50929 1.50914
 1.50945 1.50923 1.50941 1.50965 1.50977 1.50959 1.50935 1.50966 1.50977
 1.50946 1.50916 1.50938 1.50909 1.50903 1.50909 1.5091  1.50934 1.50913
 1.50956 1.50953 1.50919 1.50889 1.50883 1.50902 1.50935 1.50976 1.50978
 1.50975 1.50983 1.50944 1.50926 1.50913 1.50937 1.50982 1.5101  1.51007
 1.51004 1.51027 1.51026 1.51007 1.51052 1.51098 1.51117 1.51133 1.51106
 1.5114  1.5113  1.51137 1.51104 1.51143 1.51107 1.51073 1.51044 1.51056
 1.51088 1.51097 1.51086 1.51071 1.5115  1.51121 1.5113  1.51122 1.51067
 1.51053 1.51073 1.51048 1.51048 1.51065 1.51037 1.51011 1.51022 1.5105
 1.51069][1.42859 1.42876 1.42907 1.42911 1.42941 1.42887 1.42888 1.42876 1.42881
 1.42897 1.42926 1.42927 1.42949 1.42979 1.42996 1.42965 1.42987 1.42986
 1.43001 1.4302  1.43    1.43005 1.42994 1.43022 1.43072 1.43056 1.43098
 1.43109 1.43119 1.43141 1.4315  1.43161 1.43159 1.43082 1.43081 1.43075
 1.43062 1.43024 1.42991 1.42938 1.42974 1.42971 1.43    1.42985 1.43019
 1.43047 1.43024 1.43044 1.43029 1.43015 1.43043 1.43054 1.43075 1.43039
 1.42999 1.42978 1.42982 1.43    1.42983 1.42922 1.42972 1.42967 1.42945
 1.42915 1.42876 1.42901 1.42886 1.42895 1.42892 1.42862 1.42815 1.42838
 1.42813 1.42773 1.4277  1.42748 1.42716 1.42738 1.42723 1.42676 1.42666
 1.42623 1.42642 1.42647 1.42615 1.42646 1.4262  1.42637 1.42643 1.42599
 1.42622 1.42618 1.42576 1.4256  1.42582 1.42533 1.42534 1.42525 1.42533
 1.42519][1.4846  1.48488 1.48504 1.48515 1.48488 1.48492 1.48487 1.48481 1.48492
 1.48509 1.48488 1.48514 1.4856  1.4853  1.48527 1.48555 1.48526 1.48544
 1.48574 1.48585 1.48568 1.48563 1.48583 1.48629 1.48666 1.48666 1.48686
 1.48674 1.48713 1.48747 1.48795 1.48772 1.48784 1.48819 1.48894 1.48877
 1.48896 1.48875 1.48921 1.48918 1.4893  1.48902 1.48931 1.48892 1.48881
 1.48867 1.48844 1.48833 1.4883  1.48848 1.48797 1.48776 1.48823 1.48777
 1.48764 1.48822 1.48838 1.48861 1.48844 1.48851 1.48838 1.48838 1.48869
 1.48873 1.48823 1.48835 1.48812 1.48808 1.48786 1.48778 1.48772 1.48764
 1.48762 1.48759 1.48724 1.48704 1.48674 1.48669 1.48666 1.48662 1.48642
 1.48623 1.48634 1.48635 1.48633 1.48608 1.4864  1.48599 1.48582 1.4854
 1.48574 1.48585 1.48643 1.48679 1.48663 1.48611 1.48568 1.48567 1.48541
 1.4855 ][1.43181 1.43184 1.43187 1.43185 1.43226 1.43215 1.43206 1.4321  1.43185
 1.43156 1.43144 1.43141 1.43123 1.4313  1.43101 1.43157 1.43152 1.43118
 1.43107 1.43101 1.43106 1.43103 1.43105 1.43116 1.4309  1.43091 1.43124
 1.43153 1.43127 1.43143 1.43142 1.43134 1.43146 1.43173 1.43207 1.43198
 1.43199 1.43204 1.432   1.43185 1.43203 1.43247 1.4322  1.43247 1.43277
 1.43263 1.43291 1.43291 1.43286 1.43305 1.43307 1.43328 1.43312 1.43322
 1.43276 1.43273 1.43288 1.4329  1.43312 1.43356 1.43353 1.43305 1.43368
 1.43338 1.43288 1.43258 1.43278 1.43297 1.43284 1.4325  1.43257 1.43264
 1.43259 1.43263 1.43239 1.43194 1.43225 1.43251 1.43274 1.43227 1.43256
 1.4324  1.43216 1.43212 1.43212 1.432   1.43177 1.43185 1.43242 1.43229
 1.43247 1.43252 1.43271 1.4325  1.43298 1.43289 1.43292 1.43307 1.43282
 1.43261][1.45431 1.45446 1.45455 1.4546  1.45435 1.45472 1.45477 1.45471 1.45464
 1.45486 1.45487 1.4547  1.45441 1.4543  1.45441 1.45421 1.45451 1.45451
 1.45464 1.45481 1.45477 1.45529 1.45541 1.45524 1.45575 1.45626 1.45611
 1.45587 1.45579 1.45555 1.45572 1.45615 1.45579 1.45588 1.45629 1.45633
 1.4557  1.45601 1.45656 1.45638 1.45652 1.45654 1.45621 1.4565  1.45622
 1.45627 1.4558  1.45607 1.45594 1.45606 1.45624 1.45635 1.45641 1.45603
 1.45587 1.45589 1.45677 1.45668 1.45673 1.45672 1.45671 1.45668 1.45642
 1.45669 1.45652 1.45641 1.45636 1.4565  1.45697 1.45665 1.45642 1.45632
 1.45645 1.45673 1.45658 1.45633 1.45641 1.4565  1.45605 1.45616 1.45574
 1.45577 1.456   1.45651 1.45645 1.45611 1.45587 1.45577 1.45508 1.4549
 1.45434 1.45489 1.45436 1.45416 1.45419 1.45388 1.45378 1.45354 1.45362
 1.45378][1.58165 1.5816  1.58193 1.58193 1.58171 1.58178 1.58147 1.58175 1.58156
 1.58207 1.58284 1.5832  1.58329 1.58292 1.58296 1.58261 1.58235 1.58242
 1.58271 1.58282 1.58316 1.58337 1.58359 1.58375 1.58422 1.58451 1.58498
 1.58484 1.58521 1.58509 1.58555 1.58613 1.58656 1.58689 1.58705 1.58719
 1.58767 1.58785 1.58875 1.58899 1.58923 1.58941 1.58905 1.58919 1.58921
 1.58945 1.58911 1.58913 1.58933 1.58974 1.58955 1.5901  1.59015 1.59055
 1.59022 1.59043 1.59059 1.59059 1.59054 1.59065 1.59043 1.5909  1.59135
 1.5913  1.59116 1.59094 1.59049 1.59056 1.59106 1.59111 1.5916  1.59167
 1.59155 1.59212 1.59194 1.59173 1.59147 1.59042 1.59009 1.59001 1.59024
 1.59011 1.59042 1.59014 1.59039 1.59082 1.5907  1.5905  1.59073 1.5905
 1.5906  1.59065 1.59042 1.59015 1.58998 1.58967 1.58954 1.58889 1.58848
 1.58827][1.48959 1.48988 1.48998 1.48972 1.49004 1.48978 1.48972 1.48973 1.49002
 1.48963 1.48974 1.48957 1.48962 1.48965 1.48978 1.48981 1.49015 1.49011
 1.49022 1.49073 1.49042 1.49036 1.49049 1.49069 1.49079 1.49069 1.4907
 1.4906  1.49119 1.49117 1.49095 1.49059 1.49015 1.48965 1.48957 1.49015
 1.49004 1.49059 1.49105 1.49085 1.49078 1.49026 1.49027 1.4906  1.49099
 1.49132 1.49104 1.49111 1.49122 1.49145 1.49141 1.49143 1.49122 1.4914
 1.49134 1.49162 1.49202 1.49221 1.49196 1.49214 1.4918  1.49193 1.4923
 1.49242 1.49283 1.49293 1.49271 1.49283 1.49277 1.49276 1.49287 1.493
 1.49353 1.49369 1.49371 1.49382 1.49408 1.49412 1.49484 1.49434 1.49421
 1.4941  1.49408 1.49413 1.49418 1.49411 1.49392 1.4935  1.49262 1.49226
 1.49216 1.492   1.49182 1.49131 1.49098 1.49123 1.49163 1.49196 1.49253
 1.49253][1.50039 1.50035 1.50044 1.50021 1.50021 1.50038 1.50037 1.50017 1.50021
 1.5004  1.5003  1.50011 1.49977 1.49959 1.49993 1.49998 1.49988 1.49961
 1.49958 1.49959 1.49969 1.49968 1.49996 1.49984 1.50009 1.49994 1.50011
 1.50013 1.50002 1.50015 1.49966 1.49976 1.49972 1.49973 1.4997  1.49997
 1.50052 1.50038 1.50028 1.5003  1.50039 1.50061 1.5008  1.50127 1.50172
 1.50168 1.50184 1.50181 1.5017  1.5018  1.50222 1.5024  1.50294 1.50273
 1.50283 1.50368 1.50417 1.50382 1.50417 1.50449 1.50495 1.50501 1.50559
 1.50591 1.50582 1.50573 1.50574 1.50554 1.50564 1.50575 1.50615 1.50612
 1.5056  1.50571 1.50583 1.50566 1.50548 1.5051  1.5052  1.50492 1.50504
 1.50468 1.50465 1.5047  1.50509 1.5056  1.50609 1.50631 1.50671 1.50672
 1.50716 1.50746 1.50772 1.50762 1.50755 1.50699 1.50695 1.50695 1.50669
 1.50639][1.53789 1.53776 1.53763 1.53761 1.53742 1.53742 1.53761 1.53785 1.53811
 1.53798 1.53779 1.53799 1.53821 1.53828 1.53841 1.53825 1.53833 1.53854
 1.53851 1.53884 1.53888 1.53861 1.53888 1.53927 1.53938 1.53938 1.53952
 1.53937 1.53951 1.53932 1.53902 1.53892 1.53939 1.53929 1.53923 1.53933
 1.53951 1.53954 1.54009 1.5402  1.54111 1.54131 1.54151 1.54181 1.54158
 1.54144 1.54137 1.54121 1.54126 1.54132 1.54151 1.54151 1.54226 1.54206
 1.54205 1.54212 1.54217 1.54228 1.54168 1.54154 1.54202 1.54204 1.54188
 1.54215 1.54265 1.54324 1.544   1.54402 1.54415 1.54423 1.54461 1.54424
 1.54426 1.54427 1.5442  1.54442 1.54451 1.54485 1.54482 1.54551 1.54553
 1.54602 1.54573 1.5461  1.54587 1.54646 1.54628 1.5465  1.54662 1.54666
 1.5461  1.54594 1.54602 1.54559 1.54535 1.54516 1.54512 1.54503 1.54507
 1.54514]