[1.88748 1.88745 1.88745 1.88744 1.88748 1.88748 1.8875  1.88751 1.8875
 1.88752 1.88761 1.88756 1.88749 1.88744 1.88748 1.88747 1.88751 1.88747
 1.88746 1.88745 1.88738 1.88731 1.88731 1.88725 1.88724 1.88724 1.88726
 1.88727 1.88721 1.88716 1.88717 1.88719 1.88718 1.8871  1.8871  1.88709
 1.88704 1.88713 1.8871  1.88709 1.88702 1.88702 1.88703 1.88706 1.88704
 1.88702 1.88697 1.88697 1.88689 1.88687 1.88683 1.88693 1.88691 1.88683
 1.88683 1.88686 1.88689 1.88689 1.88688 1.88689 1.88686 1.88677 1.88679
 1.88676 1.88679 1.88675 1.88671 1.88668 1.88662 1.8866  1.88661 1.88656
 1.88651 1.88648 1.8865  1.88649 1.8865  1.8865  1.88649 1.88648 1.8864
 1.8863  1.88637 1.88635 1.88637 1.88632 1.8864  1.88639 1.88638 1.88638
 1.88632 1.88624 1.88622 1.88621 1.88624 1.88615 1.88614 1.88603 1.88595
 1.88595][1.9026  1.90257 1.9026  1.90267 1.90276 1.90279 1.90285 1.90285 1.9028
 1.90285 1.90291 1.90284 1.9029  1.9029  1.90289 1.90289 1.90291 1.90292
 1.90295 1.90285 1.90293 1.90289 1.90293 1.90292 1.9029  1.90289 1.90286
 1.9028  1.90274 1.90268 1.9026  1.90264 1.90263 1.90257 1.90251 1.90254
 1.90251 1.90244 1.90245 1.90236 1.90231 1.90221 1.9022  1.90222 1.9022
 1.90215 1.90213 1.90209 1.90202 1.90198 1.90187 1.90184 1.90181 1.9018
 1.90188 1.90184 1.90179 1.90175 1.90173 1.90174 1.90169 1.90163 1.90166
 1.90167 1.90164 1.90157 1.90153 1.90146 1.90158 1.90162 1.90157 1.90156
 1.90154 1.90144 1.90141 1.9014  1.90136 1.90127 1.90124 1.9012  1.90121
 1.90121 1.90119 1.90119 1.90117 1.90118 1.9012  1.90114 1.90108 1.90106
 1.90107 1.90098 1.90097 1.90099 1.90101 1.90103 1.901   1.90099 1.90098
 1.90096][1.81097 1.811   1.81104 1.81113 1.81118 1.81124 1.81129 1.81131 1.81121
 1.81122 1.81118 1.81127 1.81139 1.81143 1.81146 1.8115  1.81142 1.81149
 1.81141 1.81137 1.81134 1.8113  1.81135 1.81126 1.81123 1.81125 1.81119
 1.81115 1.81121 1.81111 1.81112 1.81112 1.81103 1.81094 1.81096 1.81092
 1.81094 1.81093 1.81096 1.81091 1.81094 1.81095 1.81089 1.81084 1.81081
 1.81085 1.8109  1.81085 1.81085 1.81078 1.81077 1.81078 1.81077 1.81079
 1.81073 1.81075 1.81077 1.81073 1.81074 1.81066 1.81058 1.81062 1.81055
 1.81049 1.8105  1.81043 1.81038 1.81043 1.81039 1.81038 1.8103  1.8104
 1.8104  1.81035 1.81035 1.81041 1.81038 1.81038 1.81036 1.81033 1.81026
 1.8102  1.81015 1.8101  1.81009 1.81012 1.81015 1.81017 1.81022 1.81013
 1.81017 1.81009 1.81006 1.8101  1.81007 1.81008 1.81004 1.81001 1.81003
 1.80997][1.82288 1.82293 1.82293 1.823   1.82298 1.82309 1.82307 1.82302 1.82299
 1.82304 1.823   1.8231  1.82312 1.82308 1.82309 1.82302 1.82306 1.82302
 1.823   1.82302 1.82306 1.82309 1.82321 1.82322 1.82318 1.82325 1.82335
 1.82328 1.82328 1.82325 1.82338 1.82335 1.82336 1.82337 1.82334 1.82334
 1.82342 1.82333 1.82325 1.82326 1.82331 1.82333 1.82328 1.82321 1.82326
 1.82317 1.82311 1.82307 1.823   1.82298 1.82296 1.82296 1.82298 1.82296
 1.82298 1.82296 1.82297 1.82299 1.82294 1.82295 1.8229  1.82292 1.82288
 1.82287 1.82283 1.82279 1.8228  1.82272 1.82271 1.82273 1.82275 1.82272
 1.82265 1.82273 1.82269 1.82265 1.82259 1.82261 1.82266 1.82258 1.82258
 1.82259 1.82257 1.82256 1.82249 1.82243 1.82239 1.82235 1.82223 1.82215
 1.82217 1.82216 1.82216 1.82211 1.82202 1.82202 1.82205 1.82204 1.82213
 1.82212][1.83421 1.83422 1.8343  1.83428 1.83433 1.83438 1.8344  1.83442 1.83444
 1.83444 1.8345  1.83447 1.83444 1.83451 1.83443 1.83442 1.83444 1.83441
 1.83447 1.83456 1.83454 1.83454 1.8345  1.83453 1.83465 1.83465 1.83462
 1.83472 1.83478 1.83477 1.83474 1.83472 1.83483 1.83475 1.83477 1.83478
 1.8348  1.83482 1.83484 1.83487 1.83485 1.83479 1.83485 1.83486 1.83481
 1.83483 1.83481 1.83474 1.83475 1.83473 1.83474 1.83472 1.83473 1.83471
 1.83471 1.83471 1.83479 1.83478 1.83481 1.83478 1.83482 1.8348  1.83476
 1.8347  1.83466 1.83468 1.83466 1.83456 1.83452 1.8345  1.83447 1.83446
 1.83438 1.83436 1.83438 1.83433 1.83429 1.83423 1.83411 1.83403 1.834
 1.83399 1.83398 1.83401 1.83401 1.83395 1.83398 1.83394 1.83395 1.83398
 1.83397 1.83403 1.83403 1.834   1.83394 1.8339  1.83386 1.83388 1.83387
 1.83387][1.76046 1.76048 1.7605  1.76056 1.76063 1.76065 1.76065 1.76067 1.76063
 1.7606  1.76061 1.76056 1.76056 1.76063 1.7607  1.76069 1.76077 1.76079
 1.76083 1.76081 1.76074 1.76076 1.76077 1.76085 1.76085 1.76083 1.76086
 1.76085 1.7609  1.7609  1.76096 1.76092 1.76096 1.76095 1.76094 1.76095
 1.76098 1.761   1.76096 1.76096 1.761   1.761   1.76106 1.76113 1.76114
 1.76114 1.76118 1.76121 1.76118 1.76119 1.76115 1.76111 1.76113 1.76112
 1.76111 1.76109 1.76104 1.76102 1.76099 1.76093 1.76093 1.76086 1.76081
 1.7608  1.76074 1.76066 1.7607  1.76068 1.76064 1.76064 1.76068 1.76075
 1.7608  1.76074 1.76076 1.76072 1.76073 1.76078 1.7608  1.76074 1.76075
 1.76073 1.76074 1.76074 1.76069 1.76072 1.76069 1.76075 1.76069 1.76076
 1.76077 1.76082 1.76074 1.76085 1.76082 1.76082 1.76076 1.76076 1.76082
 1.76082][1.85983 1.85977 1.85972 1.85975 1.85978 1.85984 1.8599  1.86    1.86007
 1.86014 1.86013 1.86016 1.86032 1.86033 1.86034 1.86028 1.86035 1.86038
 1.86032 1.86031 1.86039 1.86044 1.86041 1.86043 1.86037 1.86036 1.86038
 1.86032 1.86028 1.86022 1.86021 1.86012 1.86012 1.86014 1.86014 1.86024
 1.86014 1.8602  1.86023 1.86019 1.86017 1.8602  1.86022 1.86018 1.8602
 1.86021 1.86022 1.86023 1.86029 1.86031 1.86028 1.86028 1.86039 1.86041
 1.86039 1.86037 1.86037 1.86034 1.86041 1.86045 1.86041 1.86041 1.86046
 1.86044 1.86039 1.86037 1.8603  1.86026 1.86032 1.86021 1.86012 1.86005
 1.86002 1.86002 1.86008 1.86018 1.86018 1.86021 1.86012 1.86009 1.86003
 1.86001 1.86009 1.86003 1.85999 1.86    1.85995 1.85987 1.85984 1.85991
 1.85988 1.85987 1.85985 1.8598  1.85969 1.85964 1.8597  1.85964 1.85959
 1.85954][1.85808 1.85815 1.8582  1.85823 1.8582  1.85824 1.85822 1.85824 1.85826
 1.85831 1.8583  1.85828 1.85823 1.8582  1.8582  1.85816 1.85812 1.85818
 1.85825 1.85829 1.8583  1.85835 1.85839 1.85844 1.85842 1.85852 1.85849
 1.85853 1.85852 1.8585  1.85854 1.85858 1.85851 1.85861 1.85856 1.85858
 1.85851 1.85849 1.85855 1.85849 1.8585  1.85851 1.85853 1.85857 1.85859
 1.85861 1.85861 1.85866 1.85861 1.85859 1.85861 1.85863 1.85857 1.85863
 1.8586  1.85865 1.85866 1.85868 1.85872 1.85869 1.85869 1.85868 1.85877
 1.85873 1.85874 1.85864 1.85865 1.85874 1.85879 1.85879 1.85871 1.85862
 1.85861 1.85862 1.85863 1.85858 1.85861 1.85865 1.85865 1.85865 1.85869
 1.85871 1.85873 1.85874 1.85876 1.8588  1.85875 1.85879 1.8588  1.85878
 1.85878 1.85876 1.85876 1.85871 1.85869 1.85861 1.85859 1.85857 1.85851
 1.85852][1.79249 1.7925  1.79252 1.79264 1.79268 1.79274 1.79277 1.79278 1.79282
 1.79282 1.79274 1.79268 1.79264 1.79264 1.79265 1.79264 1.79264 1.79268
 1.79268 1.79261 1.79263 1.79265 1.79262 1.79259 1.79261 1.79256 1.79257
 1.79257 1.7926  1.79264 1.79268 1.79273 1.79269 1.7927  1.79267 1.79275
 1.79271 1.79275 1.79282 1.79289 1.7929  1.79297 1.79313 1.79313 1.79319
 1.79323 1.79328 1.79338 1.79341 1.7934  1.7934  1.79346 1.79345 1.79343
 1.79344 1.79348 1.79354 1.79356 1.79361 1.79359 1.79354 1.79352 1.79353
 1.79354 1.79349 1.79356 1.79351 1.79346 1.79342 1.79341 1.79343 1.79342
 1.79341 1.79334 1.79335 1.79334 1.79338 1.79345 1.79343 1.79348 1.79355
 1.79351 1.79353 1.79353 1.79348 1.79341 1.79343 1.79336 1.79332 1.79332
 1.79329 1.79329 1.79329 1.79319 1.79325 1.79318 1.79323 1.79322 1.79323
 1.79323][1.77605 1.77605 1.77603 1.77607 1.77605 1.776   1.77605 1.7761  1.77612
 1.7761  1.77609 1.77612 1.77616 1.77614 1.77617 1.7762  1.77622 1.77618
 1.7762  1.77616 1.77611 1.77615 1.77617 1.77614 1.77616 1.77612 1.77609
 1.77616 1.77616 1.77615 1.77623 1.77628 1.77627 1.77631 1.77631 1.77626
 1.7763  1.77629 1.77621 1.77625 1.77622 1.77625 1.77627 1.77632 1.77636
 1.77637 1.77633 1.77637 1.77644 1.77648 1.77654 1.77651 1.77643 1.77645
 1.7764  1.7763  1.77635 1.77645 1.77649 1.77656 1.7766  1.77654 1.7765
 1.77646 1.77644 1.77648 1.77656 1.77657 1.77658 1.77658 1.77657 1.77654
 1.77649 1.7765  1.77651 1.77654 1.7766  1.77659 1.77655 1.7766  1.77664
 1.77668 1.7767  1.77667 1.77667 1.77662 1.77663 1.77661 1.7767  1.77667
 1.7767  1.77669 1.77664 1.77666 1.7767  1.77666 1.77663 1.77656 1.77656
 1.77652]