[3.43324 3.43258 3.43245 3.43195 3.43212 3.43171 3.4313  3.43098 3.4305
 3.43008 3.42996 3.42995 3.42996 3.42943 3.42933 3.42951 3.4296  3.42987
 3.42961 3.42926 3.4289  3.42878 3.42884 3.42902 3.42834 3.42787 3.42831
 3.42769 3.42733 3.42743 3.42704 3.42715 3.42665 3.42641 3.42613 3.42571
 3.4253  3.42477 3.42486 3.42458 3.4243  3.42421 3.42372 3.42362 3.42325
 3.42287 3.42275 3.42264 3.42212 3.42159 3.42111 3.42089 3.42077 3.42055
 3.42035 3.42006 3.41965 3.41962 3.41956 3.419   3.419   3.41859 3.41827
 3.41804 3.41791 3.41781 3.41713 3.41683 3.4162  3.4156  3.41527 3.41503
 3.41508 3.41445 3.41402 3.41356 3.41331 3.4135  3.41325 3.41313 3.41304
 3.41254 3.41215 3.41192 3.4116  3.41115 3.41101 3.41106 3.41063 3.41005
 3.4098  3.40955 3.40915 3.4089  3.4085  3.40816 3.40796 3.40774 3.40756
 3.40729][3.73128 3.73127 3.73117 3.73154 3.73211 3.73276 3.73359 3.73352 3.7341
 3.73451 3.73438 3.73401 3.73334 3.73287 3.73233 3.73184 3.73138 3.73126
 3.73085 3.73044 3.72973 3.72962 3.72956 3.72917 3.72896 3.72846 3.72769
 3.72783 3.72751 3.7269  3.72672 3.72695 3.72692 3.72634 3.72586 3.72555
 3.72536 3.72491 3.72448 3.72416 3.72377 3.72332 3.72292 3.72292 3.72249
 3.72219 3.72171 3.72119 3.72064 3.72038 3.72106 3.7209  3.72056 3.72007
 3.72002 3.72025 3.71976 3.71913 3.71844 3.71827 3.71802 3.71787 3.71765
 3.71746 3.7171  3.71672 3.71673 3.71661 3.71634 3.71619 3.71611 3.71571
 3.71509 3.71465 3.71414 3.71368 3.71306 3.71257 3.71262 3.71256 3.71261
 3.71266 3.71292 3.71253 3.71175 3.71145 3.71095 3.71058 3.7104  3.7099
 3.70961 3.70954 3.70926 3.70904 3.70849 3.70796 3.70729 3.70689 3.70661
 3.70647][3.68362 3.68359 3.68434 3.68453 3.68444 3.68492 3.6856  3.68607 3.68675
 3.68677 3.68674 3.6868  3.68694 3.68701 3.68729 3.68775 3.68818 3.68863
 3.6887  3.68917 3.68913 3.68915 3.68868 3.68801 3.68754 3.68755 3.68726
 3.68745 3.68718 3.68712 3.68751 3.68733 3.68727 3.68763 3.68768 3.68705
 3.68712 3.68698 3.68659 3.6864  3.68554 3.68508 3.68447 3.6849  3.68478
 3.68423 3.68382 3.68342 3.68258 3.68227 3.68202 3.68188 3.68164 3.68153
 3.68149 3.68102 3.6809  3.68038 3.68047 3.68037 3.68059 3.68021 3.6796
 3.6795  3.67925 3.67856 3.67825 3.67871 3.67872 3.67861 3.67811 3.67823
 3.6779  3.67776 3.67743 3.67684 3.67662 3.67641 3.67665 3.67657 3.67678
 3.67647 3.67614 3.67548 3.67567 3.67512 3.67501 3.67542 3.67545 3.67544
 3.67532 3.67476 3.67436 3.67439 3.67429 3.67384 3.67353 3.67327 3.67308
 3.6727 ][3.55351 3.55396 3.55463 3.5549  3.55534 3.5556  3.55601 3.55651 3.55704
 3.55716 3.55803 3.55862 3.55889 3.55938 3.55966 3.55985 3.56033 3.56094
 3.56186 3.56188 3.56253 3.56262 3.56274 3.5626  3.56304 3.56333 3.56376
 3.564   3.56452 3.56492 3.56429 3.564   3.56359 3.56304 3.5628  3.56256
 3.56259 3.56251 3.56186 3.56155 3.56138 3.56115 3.56108 3.56109 3.56098
 3.56075 3.56028 3.56008 3.5601  3.55999 3.55945 3.55885 3.55903 3.55861
 3.55861 3.55822 3.55834 3.55783 3.55764 3.55733 3.55681 3.55645 3.55596
 3.55571 3.55554 3.55541 3.55488 3.55467 3.55434 3.55373 3.55312 3.55242
 3.55214 3.55225 3.5519  3.55124 3.55078 3.55095 3.55069 3.55058 3.55061
 3.55009 3.54979 3.54982 3.54936 3.54955 3.54919 3.54895 3.54903 3.54909
 3.5486  3.54885 3.54822 3.54829 3.54769 3.54748 3.54737 3.54662 3.54664
 3.54634][3.53293 3.53286 3.53308 3.53326 3.53318 3.53356 3.53359 3.53389 3.53462
 3.53523 3.53525 3.53537 3.5359  3.53607 3.53637 3.53713 3.53726 3.53733
 3.53765 3.53826 3.53831 3.53899 3.53887 3.53879 3.53864 3.5392  3.53951
 3.53999 3.54036 3.54066 3.54117 3.54121 3.54102 3.5409  3.54145 3.54165
 3.5416  3.54196 3.54221 3.54264 3.54199 3.54158 3.54154 3.54182 3.54144
 3.54143 3.54126 3.54096 3.54088 3.54088 3.54041 3.53991 3.53962 3.53969
 3.53956 3.53941 3.53905 3.53861 3.53868 3.53895 3.53873 3.53862 3.5386
 3.53817 3.53792 3.53746 3.53714 3.53678 3.53639 3.53619 3.53628 3.53624
 3.53607 3.53588 3.53542 3.53549 3.53496 3.53509 3.53454 3.5342  3.53388
 3.53367 3.53334 3.53315 3.53261 3.53252 3.53225 3.53186 3.53141 3.53111
 3.53153 3.5311  3.53117 3.53056 3.53048 3.53004 3.52971 3.52926 3.52863
 3.52879][4.02271 4.02354 4.02378 4.02392 4.02387 4.02439 4.0246  4.02476 4.02599
 4.02625 4.02721 4.02747 4.02792 4.02824 4.0291  4.02962 4.02975 4.03054
 4.03059 4.03068 4.03105 4.03167 4.03177 4.0323  4.03229 4.03245 4.03261
 4.033   4.03365 4.03425 4.03491 4.03533 4.03601 4.03663 4.03684 4.03726
 4.03783 4.03835 4.03844 4.03904 4.03911 4.03982 4.04047 4.04169 4.04254
 4.04284 4.04282 4.0439  4.04403 4.04419 4.04417 4.0443  4.04376 4.0436
 4.04348 4.04266 4.04223 4.04203 4.04155 4.04104 4.04076 4.04038 4.04022
 4.03972 4.03936 4.03897 4.03871 4.03864 4.03837 4.03828 4.03772 4.0373
 4.03686 4.0365  4.03589 4.0356  4.0352  4.03507 4.03469 4.03486 4.03468
 4.0343  4.0345  4.03409 4.03343 4.03277 4.03281 4.03252 4.0319  4.03108
 4.03092 4.03039 4.0293  4.0289  4.02838 4.02781 4.02743 4.02705 4.02699
 4.02695][3.57723 3.57798 3.57776 3.57792 3.57825 3.57819 3.57837 3.57852 3.57914
 3.57947 3.57973 3.57988 3.58016 3.58037 3.58033 3.58066 3.58142 3.58173
 3.58213 3.58302 3.5829  3.58323 3.58374 3.58415 3.58444 3.58474 3.58466
 3.58454 3.58521 3.58593 3.58659 3.5871  3.58791 3.58816 3.58812 3.58833
 3.58839 3.58868 3.5887  3.58906 3.58992 3.59056 3.59061 3.59108 3.59177
 3.59183 3.59195 3.59213 3.59236 3.59245 3.5925  3.5926  3.59295 3.59353
 3.59371 3.59361 3.59389 3.59413 3.59466 3.59513 3.59504 3.59436 3.59415
 3.59386 3.59392 3.59399 3.59344 3.59308 3.59315 3.59301 3.59233 3.59161
 3.59152 3.59107 3.59045 3.58984 3.58982 3.58949 3.58939 3.58899 3.58844
 3.58787 3.58767 3.58726 3.58654 3.58619 3.5859  3.58619 3.58613 3.58612
 3.58572 3.58517 3.58523 3.58484 3.58426 3.58376 3.58332 3.58286 3.58219
 3.5819 ][3.91705 3.91706 3.91674 3.91688 3.91693 3.91734 3.91805 3.9186  3.91893
 3.91921 3.91992 3.9201  3.92008 3.92021 3.92118 3.92152 3.92248 3.92327
 3.92385 3.92374 3.92425 3.92425 3.92471 3.92595 3.92625 3.92615 3.9263
 3.92698 3.92728 3.92809 3.92806 3.92853 3.92826 3.92823 3.92851 3.92862
 3.92855 3.92901 3.92985 3.93005 3.9308  3.93134 3.9316  3.93117 3.93172
 3.93208 3.93232 3.93278 3.93322 3.933   3.93325 3.93396 3.93423 3.93467
 3.9341  3.9337  3.93425 3.93497 3.93517 3.93544 3.93567 3.93568 3.93588
 3.93644 3.93646 3.93734 3.93822 3.93913 3.93953 3.94017 3.93984 3.93962
 3.93912 3.93818 3.93779 3.93793 3.93751 3.93725 3.93677 3.93649 3.93592
 3.9353  3.93468 3.93432 3.93423 3.9342  3.93379 3.93391 3.93344 3.93293
 3.93241 3.93219 3.93218 3.93215 3.9319  3.93099 3.93046 3.93013 3.9303
 3.93016][3.50822 3.50815 3.508   3.5087  3.50902 3.50922 3.50927 3.5097  3.50952
 3.50996 3.5103  3.51087 3.51076 3.51105 3.51124 3.51127 3.51148 3.51177
 3.51215 3.51218 3.51236 3.51277 3.51359 3.51372 3.51383 3.51363 3.51437
 3.51499 3.51534 3.51577 3.51603 3.51634 3.51609 3.51641 3.51709 3.51741
 3.51768 3.51779 3.51809 3.51823 3.51892 3.51926 3.52004 3.52017 3.52047
 3.52063 3.52105 3.52131 3.5219  3.52248 3.523   3.52371 3.52399 3.52445
 3.52407 3.5248  3.52519 3.52502 3.52541 3.52586 3.52612 3.52604 3.52633
 3.52597 3.52585 3.52651 3.52664 3.52725 3.52781 3.52756 3.52808 3.52851
 3.52874 3.52971 3.52982 3.53037 3.53052 3.5307  3.53097 3.5315  3.53083
 3.53058 3.5301  3.52992 3.52988 3.52948 3.52962 3.5293  3.52938 3.5292
 3.52872 3.52868 3.52855 3.52826 3.52767 3.52721 3.52709 3.52659 3.52614
 3.52611][3.89646 3.89716 3.89726 3.89795 3.89817 3.89874 3.89845 3.8992  3.8995
 3.90011 3.90076 3.90124 3.90162 3.90197 3.90288 3.90265 3.90242 3.90311
 3.90351 3.90426 3.90502 3.90545 3.90577 3.9062  3.90594 3.90565 3.90554
 3.90614 3.90617 3.90673 3.90663 3.90673 3.90651 3.90676 3.90774 3.90882
 3.90927 3.90981 3.91065 3.91093 3.91083 3.91101 3.91106 3.91128 3.91152
 3.91178 3.91214 3.91288 3.91346 3.91374 3.91403 3.91465 3.91517 3.91575
 3.91621 3.91645 3.91698 3.91751 3.91727 3.91784 3.91833 3.91891 3.91911
 3.91943 3.91957 3.91982 3.92031 3.9209  3.92159 3.92197 3.92247 3.92254
 3.92304 3.9233  3.92412 3.92428 3.92416 3.92507 3.92586 3.92698 3.92708
 3.92837 3.92818 3.92803 3.9282  3.92851 3.92916 3.92966 3.92984 3.93011
 3.92961 3.92909 3.92869 3.92845 3.92814 3.92812 3.92816 3.92731 3.9265
 3.92669]