[1.26375 1.26384 1.2637  1.26383 1.26396 1.26394 1.26385 1.26405 1.26387
 1.26387 1.26363 1.26353 1.26372 1.26402 1.26383 1.2639  1.26394 1.26407
 1.26386 1.26394 1.26397 1.26393 1.26398 1.26406 1.26377 1.26364 1.26376
 1.26393 1.26407 1.26442 1.2645  1.2647  1.26439 1.26461 1.2645  1.26416
 1.2642  1.26433 1.26414 1.26421 1.26409 1.26392 1.26418 1.26421 1.26403
 1.26387 1.26358 1.26338 1.26342 1.26356 1.26358 1.26312 1.26353 1.26311
 1.26291 1.26281 1.26247 1.26254 1.26272 1.26252 1.26241 1.26215 1.26228
 1.26247 1.26244 1.26224 1.26211 1.26239 1.26251 1.2623  1.26251 1.26261
 1.26282 1.26265 1.26235 1.26235 1.26214 1.26211 1.26194 1.26199 1.262
 1.26198 1.26184 1.26172 1.26184 1.26217 1.2626  1.26264 1.26259 1.26264
 1.26245 1.26285 1.26294 1.26317 1.26275 1.26256 1.26263 1.26264 1.26289
 1.26283][1.28836 1.2886  1.2886  1.2887  1.28883 1.28886 1.28894 1.28907 1.28905
 1.2892  1.28942 1.28956 1.28948 1.28956 1.28958 1.29004 1.28988 1.28952
 1.28935 1.28957 1.28978 1.28978 1.28975 1.28967 1.28967 1.2895  1.28943
 1.2893  1.2892  1.28918 1.28932 1.28887 1.28919 1.28902 1.28917 1.28911
 1.28941 1.28897 1.2888  1.28883 1.28886 1.28892 1.28861 1.28889 1.28914
 1.28916 1.28936 1.28945 1.28932 1.28957 1.28955 1.28947 1.28972 1.28946
 1.28978 1.28982 1.29007 1.2903  1.29045 1.29004 1.29013 1.29012 1.29016
 1.29033 1.29054 1.28996 1.28975 1.29007 1.29013 1.28992 1.28982 1.28957
 1.28935 1.28915 1.2894  1.28903 1.28907 1.28899 1.28862 1.28883 1.28901
 1.28893 1.28914 1.28926 1.28886 1.28868 1.28882 1.28891 1.2888  1.28853
 1.28822 1.2877  1.28751 1.28712 1.28692 1.28732 1.28775 1.28755 1.28745
 1.28728][1.24812 1.24803 1.24795 1.24796 1.24788 1.24809 1.24819 1.24819 1.24823
 1.24797 1.24793 1.24773 1.24797 1.248   1.24814 1.248   1.24816 1.2481
 1.24794 1.24819 1.2481  1.24827 1.24808 1.24796 1.2477  1.24787 1.24775
 1.24767 1.2476  1.24746 1.24741 1.24777 1.24783 1.24783 1.24761 1.24737
 1.24729 1.24718 1.24687 1.24671 1.24669 1.24686 1.24695 1.24673 1.24656
 1.24669 1.24697 1.24712 1.24723 1.24714 1.24704 1.24727 1.24746 1.24739
 1.24736 1.24716 1.24708 1.24699 1.24653 1.24656 1.24634 1.24582 1.24607
 1.24638 1.24642 1.24673 1.24668 1.24651 1.24653 1.24632 1.24671 1.24653
 1.24673 1.24654 1.24642 1.24629 1.24617 1.24592 1.2458  1.24593 1.24596
 1.24597 1.24602 1.24584 1.24571 1.24563 1.24616 1.2461  1.24591 1.24587
 1.24575 1.24582 1.24601 1.24572 1.24588 1.2454  1.2454  1.24566 1.2456
 1.24568][1.32016 1.3203  1.3204  1.32042 1.32068 1.32102 1.32114 1.32136 1.32102
 1.32105 1.32138 1.32165 1.32196 1.32206 1.32214 1.32213 1.3222  1.32242
 1.3228  1.32244 1.32223 1.32212 1.32203 1.32215 1.32207 1.32191 1.32186
 1.32197 1.32203 1.32199 1.32225 1.32235 1.32245 1.32249 1.3226  1.32269
 1.32269 1.32285 1.32295 1.32267 1.32265 1.32264 1.32271 1.32265 1.32226
 1.32197 1.32213 1.32167 1.32171 1.32172 1.32202 1.32189 1.32138 1.32172
 1.32197 1.32199 1.32169 1.32213 1.32245 1.32266 1.32226 1.32258 1.32245
 1.32284 1.32264 1.32257 1.32262 1.32262 1.32245 1.32289 1.32267 1.32269
 1.32304 1.3231  1.3229  1.32269 1.32279 1.32261 1.32236 1.32237 1.32197
 1.32229 1.32248 1.32242 1.32246 1.3222  1.32204 1.32168 1.32175 1.32163
 1.32147 1.32164 1.32178 1.32177 1.32136 1.32124 1.32123 1.32102 1.32079
 1.32086][1.29609 1.29639 1.29635 1.29667 1.2966  1.29664 1.29654 1.29662 1.29658
 1.29649 1.29652 1.29689 1.29685 1.29653 1.29633 1.29653 1.29691 1.29719
 1.29729 1.29743 1.2975  1.29752 1.29758 1.29779 1.29787 1.29811 1.29794
 1.29802 1.29782 1.29799 1.29855 1.29874 1.29895 1.29895 1.29891 1.29893
 1.29886 1.29868 1.29847 1.29848 1.29877 1.29917 1.29932 1.29966 1.29951
 1.29918 1.29924 1.29914 1.29904 1.29919 1.29901 1.29901 1.29917 1.29933
 1.29915 1.29918 1.29905 1.29866 1.29856 1.29859 1.29876 1.29848 1.29843
 1.29815 1.2986  1.29843 1.29812 1.29809 1.29785 1.2975  1.29769 1.29754
 1.29775 1.29743 1.29744 1.29732 1.29712 1.29698 1.29689 1.29729 1.29725
 1.29676 1.29681 1.29685 1.29688 1.29665 1.29705 1.29667 1.29649 1.29644
 1.29626 1.29608 1.29593 1.29562 1.29559 1.29534 1.29546 1.29527 1.29558
 1.29554][1.29267 1.29276 1.29277 1.29294 1.29309 1.29318 1.29307 1.29323 1.29318
 1.29317 1.29326 1.29367 1.29394 1.29394 1.29398 1.2945  1.29445 1.29435
 1.29415 1.29458 1.29451 1.29451 1.2942  1.29421 1.29416 1.29484 1.29487
 1.29471 1.29455 1.29478 1.29519 1.29534 1.29532 1.29482 1.29498 1.29464
 1.29482 1.29483 1.29473 1.29506 1.29502 1.29519 1.29533 1.29563 1.29566
 1.29545 1.29546 1.29531 1.29536 1.29577 1.29591 1.29552 1.29567 1.29571
 1.29565 1.2957  1.29561 1.29592 1.29592 1.29578 1.29566 1.29562 1.29544
 1.29548 1.29533 1.29508 1.29485 1.29483 1.29489 1.29456 1.29461 1.29451
 1.29429 1.29418 1.29376 1.29356 1.29349 1.29331 1.29342 1.29337 1.2933
 1.29326 1.29329 1.29348 1.29398 1.29388 1.29389 1.2943  1.29407 1.29374
 1.29316 1.29273 1.29256 1.29235 1.29231 1.2922  1.2923  1.29178 1.29188
 1.29165][1.33864 1.33861 1.33852 1.33862 1.33855 1.33854 1.33865 1.33866 1.33884
 1.33885 1.33902 1.33963 1.33944 1.33928 1.33927 1.33953 1.33973 1.33996
 1.34054 1.3403  1.34045 1.34064 1.34073 1.34106 1.3412  1.34141 1.34134
 1.34169 1.34116 1.34102 1.34099 1.34116 1.34123 1.34173 1.34147 1.34188
 1.34206 1.3422  1.34241 1.34235 1.34234 1.34231 1.34221 1.34245 1.34246
 1.34246 1.34247 1.34242 1.3424  1.34262 1.3428  1.34327 1.34296 1.34291
 1.34285 1.34314 1.34303 1.343   1.34323 1.34373 1.3436  1.34381 1.34415
 1.34404 1.34377 1.34376 1.34375 1.34396 1.34401 1.34373 1.34357 1.34329
 1.34361 1.34324 1.34308 1.34316 1.34326 1.3429  1.34246 1.34228 1.34234
 1.34226 1.34206 1.34219 1.34222 1.34195 1.34208 1.34194 1.34185 1.34211
 1.3423  1.34235 1.34203 1.34173 1.34183 1.3418  1.34171 1.34181 1.34188
 1.34183][1.3445  1.34465 1.34445 1.34446 1.34452 1.34472 1.34484 1.34476 1.34463
 1.3448  1.34511 1.34498 1.34519 1.34541 1.34545 1.34555 1.3458  1.34615
 1.34608 1.34621 1.3463  1.34687 1.34685 1.34695 1.34732 1.34747 1.34741
 1.34754 1.3476  1.34765 1.3475  1.34745 1.3475  1.34751 1.34778 1.34738
 1.3472  1.34738 1.34722 1.34737 1.34745 1.34747 1.34754 1.34735 1.34745
 1.3477  1.34757 1.34746 1.34761 1.34737 1.34746 1.34771 1.34754 1.34788
 1.34774 1.34794 1.34839 1.34855 1.34924 1.34935 1.34931 1.34961 1.3499
 1.34979 1.34981 1.3496  1.34967 1.34974 1.34983 1.34999 1.34986 1.34946
 1.34942 1.34911 1.34886 1.34902 1.34919 1.34909 1.34954 1.3496  1.34958
 1.34952 1.34978 1.34969 1.34928 1.34902 1.34948 1.34935 1.34926 1.34934
 1.34913 1.34886 1.34912 1.34898 1.34903 1.349   1.34891 1.34876 1.34888
 1.34889][1.32037 1.3204  1.32047 1.32049 1.32053 1.32064 1.32077 1.32065 1.32079
 1.32082 1.32099 1.3209  1.32079 1.32067 1.3205  1.3204  1.32094 1.32091
 1.3209  1.3212  1.3214  1.32134 1.32164 1.32178 1.32174 1.32191 1.32187
 1.32207 1.32225 1.32233 1.3221  1.3219  1.32192 1.32184 1.32203 1.32197
 1.32182 1.32186 1.32187 1.32185 1.32172 1.32163 1.32176 1.32222 1.32175
 1.32217 1.32198 1.32181 1.32206 1.32202 1.322   1.32205 1.32191 1.3224
 1.32254 1.32254 1.32261 1.32283 1.32304 1.32291 1.32282 1.32268 1.32315
 1.32308 1.3229  1.32297 1.32296 1.32285 1.3229  1.323   1.32284 1.32348
 1.32339 1.32358 1.32359 1.32368 1.32384 1.32375 1.32373 1.32393 1.32381
 1.32419 1.32408 1.32418 1.32401 1.32367 1.32376 1.32379 1.32373 1.32393
 1.32352 1.32349 1.32364 1.32363 1.32357 1.32373 1.32361 1.32331 1.32339
 1.32318][1.36384 1.3639  1.36367 1.36387 1.36403 1.364   1.36417 1.36399 1.3639
 1.36402 1.36418 1.36424 1.36447 1.36453 1.36455 1.36446 1.36433 1.3644
 1.36445 1.36444 1.36455 1.36437 1.36437 1.36456 1.36453 1.3644  1.36462
 1.36482 1.36484 1.36495 1.36497 1.36529 1.36526 1.36554 1.36554 1.36567
 1.36598 1.3659  1.36608 1.36618 1.36589 1.36624 1.36634 1.36664 1.36637
 1.3665  1.36653 1.36642 1.36693 1.3669  1.3672  1.36724 1.36734 1.36753
 1.36726 1.36709 1.36738 1.36741 1.36745 1.36737 1.36778 1.36793 1.36794
 1.36806 1.3682  1.36814 1.36847 1.36883 1.36905 1.36927 1.36923 1.36969
 1.36946 1.36969 1.36996 1.37032 1.37022 1.36994 1.37027 1.37019 1.37044
 1.37031 1.37066 1.371   1.37153 1.37153 1.37127 1.37105 1.37085 1.37126
 1.37123 1.37107 1.37115 1.37144 1.37077 1.37073 1.37061 1.37051 1.37059
 1.37075]