[1.28252 1.28217 1.28235 1.28217 1.28276 1.28319 1.28354 1.28407 1.28377
 1.28471 1.28475 1.2847  1.28433 1.28456 1.28404 1.2839  1.28333 1.28296
 1.28299 1.28322 1.28263 1.28262 1.28233 1.28197 1.28208 1.28149 1.28122
 1.28133 1.28056 1.28034 1.2804  1.28024 1.28035 1.27984 1.27962 1.27915
 1.27846 1.27796 1.27828 1.27852 1.2783  1.27851 1.27821 1.27816 1.27764
 1.27734 1.27712 1.27759 1.2772  1.27725 1.27687 1.27694 1.27657 1.27673
 1.27657 1.27627 1.27644 1.27656 1.27701 1.27723 1.2776  1.27727 1.27685
 1.27638 1.27591 1.27602 1.27588 1.27596 1.27544 1.27563 1.27508 1.27494
 1.27565 1.2757  1.27581 1.27578 1.27494 1.27486 1.27567 1.27608 1.27575
 1.27563 1.27561 1.27591 1.27612 1.27474 1.27397 1.27391 1.27347 1.27351
 1.27327 1.27365 1.27454 1.2749  1.27416 1.27355 1.27333 1.2728  1.27261
 1.2721 ][1.2938  1.29362 1.29378 1.29404 1.29396 1.29372 1.29356 1.29319 1.29393
 1.29382 1.29415 1.29445 1.29435 1.29457 1.29501 1.29482 1.29507 1.29523
 1.29582 1.29618 1.29645 1.2969  1.29662 1.29725 1.29676 1.29704 1.29711
 1.29695 1.29672 1.29677 1.29632 1.29607 1.29661 1.2967  1.29725 1.29786
 1.29749 1.29741 1.2969  1.2973  1.29683 1.29724 1.29657 1.29609 1.29541
 1.29516 1.29429 1.29353 1.29338 1.29278 1.29231 1.292   1.29181 1.2916
 1.29189 1.29154 1.29157 1.29137 1.29159 1.29117 1.29097 1.2905  1.29073
 1.29087 1.29073 1.29087 1.29058 1.29025 1.28979 1.28976 1.28963 1.28933
 1.28842 1.2879  1.28786 1.28743 1.28722 1.28702 1.28696 1.28683 1.28707
 1.28653 1.28653 1.28635 1.28602 1.28582 1.28553 1.28537 1.28485 1.28519
 1.28403 1.28402 1.28367 1.28329 1.28307 1.28262 1.28232 1.28223 1.28206
 1.28177][1.3431  1.34313 1.34366 1.34406 1.34435 1.34417 1.34456 1.34478 1.34536
 1.34661 1.34662 1.34735 1.34746 1.34735 1.34813 1.3492  1.34947 1.34966
 1.35032 1.35022 1.35072 1.35098 1.35171 1.3512  1.35119 1.35115 1.35142
 1.35163 1.3521  1.3521  1.35124 1.35011 1.34993 1.3492  1.34929 1.34836
 1.34833 1.34865 1.34896 1.34857 1.34865 1.34788 1.34691 1.34614 1.34613
 1.34548 1.34546 1.3457  1.34472 1.34349 1.34292 1.34257 1.34255 1.34251
 1.34212 1.34173 1.34063 1.34109 1.34088 1.34018 1.34063 1.34055 1.3407
 1.34043 1.34016 1.33966 1.3403  1.34014 1.33965 1.33921 1.33951 1.33877
 1.33856 1.33821 1.33797 1.33793 1.33832 1.33824 1.33781 1.337   1.33706
 1.33674 1.33666 1.33621 1.33632 1.33554 1.33541 1.33602 1.33669 1.33706
 1.33725 1.33754 1.33739 1.33705 1.33689 1.33643 1.33713 1.33774 1.33709
 1.33728][1.32615 1.32609 1.32647 1.32637 1.32649 1.32721 1.32788 1.32865 1.3281
 1.32854 1.32878 1.3293  1.32909 1.32956 1.33002 1.32984 1.33053 1.33014
 1.33097 1.33082 1.33111 1.33104 1.33152 1.33072 1.33024 1.32958 1.33022
 1.32988 1.32938 1.3298  1.3301  1.33069 1.33091 1.33155 1.33159 1.33159
 1.33272 1.33322 1.33274 1.33263 1.33146 1.33128 1.33062 1.33011 1.32951
 1.32884 1.3285  1.3282  1.32753 1.32756 1.32733 1.32725 1.32708 1.32711
 1.32675 1.32615 1.32617 1.3255  1.32512 1.32515 1.32528 1.32554 1.32487
 1.3248  1.32485 1.32518 1.3255  1.32478 1.32449 1.32459 1.32474 1.32486
 1.32532 1.32508 1.32529 1.325   1.32465 1.3247  1.32429 1.3242  1.32397
 1.32429 1.32365 1.32248 1.32216 1.32101 1.32026 1.31967 1.31953 1.31884
 1.31879 1.31818 1.31785 1.318   1.31767 1.3171  1.31708 1.31651 1.31634
 1.31626][1.37217 1.37226 1.37202 1.37254 1.37277 1.3725  1.37279 1.37222 1.37245
 1.37242 1.37248 1.37266 1.37268 1.37274 1.37277 1.37288 1.37218 1.37164
 1.37236 1.37259 1.37223 1.3733  1.37352 1.37252 1.3721  1.37273 1.3729
 1.37355 1.37416 1.37449 1.37471 1.37407 1.37422 1.37416 1.37508 1.37584
 1.37687 1.37724 1.37801 1.37847 1.37895 1.37966 1.37949 1.38052 1.38114
 1.38115 1.38139 1.38167 1.38211 1.38202 1.38165 1.38131 1.3807  1.38138
 1.38094 1.38069 1.38057 1.38054 1.38004 1.37968 1.37939 1.37942 1.3794
 1.37871 1.37901 1.37897 1.37811 1.37851 1.37822 1.37847 1.37867 1.37854
 1.37926 1.37858 1.3787  1.37872 1.37878 1.37705 1.37804 1.37684 1.3765
 1.37639 1.37617 1.37602 1.37632 1.37575 1.3756  1.37476 1.37503 1.37519
 1.37468 1.37471 1.37361 1.37309 1.37285 1.37289 1.37392 1.37412 1.37422
 1.3738 ][1.4161  1.41662 1.41619 1.41645 1.41657 1.41601 1.41645 1.41656 1.4166
 1.41735 1.41756 1.41736 1.41731 1.41758 1.41801 1.41761 1.41783 1.4181
 1.41809 1.41808 1.41834 1.41819 1.41846 1.4186  1.4197  1.41927 1.42008
 1.42061 1.42159 1.42239 1.42362 1.42397 1.42462 1.42507 1.42477 1.42524
 1.42556 1.42606 1.42728 1.42868 1.42895 1.4294  1.42983 1.42944 1.43061
 1.43149 1.43186 1.43161 1.43125 1.43166 1.43198 1.433   1.43336 1.43311
 1.4337  1.43276 1.43277 1.43332 1.43379 1.43339 1.43305 1.43211 1.43198
 1.43157 1.43101 1.43111 1.43163 1.43139 1.43089 1.43034 1.42993 1.43009
 1.42955 1.43017 1.42968 1.42899 1.42848 1.42736 1.42751 1.42804 1.42771
 1.4269  1.4264  1.42535 1.42439 1.4241  1.42329 1.42307 1.42291 1.42238
 1.42192 1.42159 1.42136 1.42144 1.42134 1.42155 1.42095 1.42045 1.41962
 1.42011][1.48558 1.48595 1.48558 1.4854  1.4858  1.4862  1.4868  1.48713 1.4882
 1.48778 1.48813 1.48803 1.4884  1.48866 1.48912 1.49008 1.49082 1.4913
 1.49174 1.49105 1.49031 1.49138 1.4915  1.49193 1.49244 1.49265 1.49223
 1.49306 1.49331 1.4935  1.49282 1.49358 1.49343 1.49328 1.49424 1.49531
 1.49592 1.49667 1.49677 1.49703 1.49811 1.49719 1.49752 1.49782 1.4988
 1.49877 1.49887 1.49898 1.49988 1.49979 1.50153 1.50185 1.50214 1.50226
 1.50247 1.50319 1.5036  1.50394 1.50541 1.50536 1.50563 1.50616 1.50615
 1.50599 1.50729 1.50807 1.50845 1.50929 1.50997 1.51033 1.51003 1.50972
 1.50939 1.50813 1.50808 1.50834 1.50753 1.50658 1.50695 1.50723 1.50611
 1.5059  1.50655 1.50668 1.50639 1.50555 1.50557 1.50508 1.50487 1.5052
 1.50467 1.50358 1.50315 1.50237 1.50207 1.50163 1.50169 1.50032 1.50123
 1.50138][1.52139 1.52148 1.52146 1.52179 1.52316 1.52352 1.52466 1.52511 1.52513
 1.52527 1.52581 1.52561 1.52677 1.52587 1.52655 1.52718 1.52711 1.52803
 1.52792 1.52819 1.52816 1.52827 1.52914 1.52884 1.52873 1.52955 1.52925
 1.5295  1.53001 1.53023 1.53025 1.53149 1.53084 1.53172 1.53176 1.53252
 1.53405 1.53533 1.53543 1.53577 1.53697 1.53685 1.5372  1.53745 1.53807
 1.53855 1.5398  1.53978 1.54001 1.53905 1.54063 1.5409  1.54247 1.54321
 1.5434  1.54347 1.54336 1.54406 1.54366 1.54419 1.54421 1.54526 1.54579
 1.54566 1.54512 1.54469 1.54564 1.54539 1.5455  1.54613 1.54633 1.54654
 1.54664 1.54717 1.54736 1.54793 1.54827 1.54888 1.54893 1.54901 1.5484
 1.54788 1.54713 1.54685 1.54653 1.54527 1.54396 1.54454 1.54461 1.54382
 1.54369 1.54341 1.54283 1.54235 1.54181 1.5408  1.54013 1.54097 1.54058
 1.54149][1.44947 1.44952 1.44976 1.44992 1.45007 1.45024 1.45014 1.45022 1.45087
 1.45116 1.45143 1.45157 1.45093 1.45123 1.4515  1.45111 1.45129 1.45145
 1.45111 1.45109 1.45049 1.45032 1.45108 1.45231 1.45235 1.45268 1.45436
 1.45458 1.45471 1.45462 1.45445 1.45483 1.45511 1.45542 1.45513 1.45583
 1.45612 1.45658 1.45723 1.45725 1.45681 1.45794 1.45776 1.45793 1.45828
 1.45789 1.45813 1.4581  1.45743 1.45701 1.45739 1.4567  1.45773 1.4582
 1.4587  1.45853 1.45849 1.45966 1.45967 1.46021 1.45982 1.45987 1.46053
 1.46069 1.46063 1.46075 1.46126 1.46143 1.46236 1.46241 1.46262 1.46305
 1.46377 1.46403 1.46438 1.46443 1.46605 1.46585 1.46646 1.46645 1.46681
 1.46653 1.4669  1.4669  1.46624 1.46637 1.46704 1.46757 1.46812 1.46886
 1.46727 1.46673 1.46668 1.46635 1.46543 1.46456 1.465   1.46526 1.46453
 1.46491][1.48226 1.48246 1.48198 1.48187 1.48173 1.48188 1.48165 1.48181 1.48181
 1.48202 1.48192 1.48243 1.48256 1.48309 1.48354 1.48292 1.48241 1.48223
 1.48242 1.48249 1.48328 1.48415 1.48396 1.48463 1.48535 1.48589 1.48634
 1.48494 1.48504 1.4848  1.48503 1.48549 1.48595 1.4863  1.48587 1.48587
 1.4863  1.48621 1.48726 1.48762 1.48821 1.48831 1.48927 1.48958 1.48992
 1.49052 1.49022 1.49063 1.49158 1.49174 1.49152 1.49222 1.49342 1.49238
 1.49398 1.49421 1.4946  1.49485 1.49462 1.49459 1.49418 1.49497 1.49563
 1.49611 1.49671 1.49688 1.4962  1.49595 1.49598 1.49605 1.49551 1.49542
 1.4957  1.49567 1.49553 1.49588 1.49619 1.49685 1.49739 1.49821 1.49922
 1.50081 1.50191 1.50365 1.50402 1.50407 1.50524 1.50526 1.50554 1.50604
 1.50634 1.50648 1.50716 1.50715 1.50726 1.508   1.50883 1.50875 1.50877
 1.50912]