[1.17248 1.17249 1.17251 1.17247 1.17241 1.17241 1.17247 1.17246 1.17252
 1.17249 1.17252 1.17246 1.17248 1.17243 1.17248 1.17244 1.17247 1.17249
 1.17253 1.17252 1.17254 1.17258 1.17257 1.17255 1.17258 1.17255 1.17251
 1.1725  1.17249 1.17243 1.17244 1.17245 1.17242 1.17239 1.17239 1.17237
 1.17235 1.17232 1.17236 1.17234 1.17237 1.17243 1.17245 1.17244 1.17236
 1.17229 1.17226 1.1722  1.17217 1.17219 1.17219 1.17212 1.1721  1.17212
 1.17211 1.17212 1.17215 1.17208 1.17201 1.172   1.17202 1.17193 1.17193
 1.17194 1.172   1.17196 1.1719  1.1719  1.17187 1.17192 1.17188 1.17184
 1.17185 1.17186 1.17187 1.1719  1.17188 1.17192 1.17186 1.17183 1.17178
 1.17171 1.1717  1.17166 1.17162 1.17169 1.17165 1.17166 1.1716  1.17155
 1.17158 1.17151 1.17148 1.1715  1.17146 1.17146 1.17146 1.17141 1.17143
 1.17143][1.17493 1.17496 1.17492 1.17495 1.17493 1.17492 1.17497 1.17498 1.17501
 1.17503 1.17505 1.17504 1.17504 1.17494 1.1749  1.17487 1.17474 1.17474
 1.17478 1.17473 1.17473 1.17473 1.17469 1.17468 1.17467 1.17465 1.17459
 1.17461 1.1746  1.17454 1.17456 1.17456 1.17459 1.17456 1.17457 1.17452
 1.17457 1.17452 1.1745  1.17449 1.17444 1.17445 1.17444 1.17447 1.17446
 1.17442 1.17441 1.1744  1.17442 1.17436 1.1743  1.17429 1.17423 1.17418
 1.17416 1.17415 1.17422 1.17416 1.17417 1.17416 1.17417 1.17416 1.17409
 1.17402 1.17406 1.17403 1.17402 1.17403 1.17405 1.17404 1.17402 1.17397
 1.17398 1.17398 1.17396 1.17395 1.17398 1.17397 1.17397 1.17396 1.17398
 1.17395 1.17393 1.1739  1.17388 1.17383 1.17378 1.1738  1.17378 1.17381
 1.17376 1.17371 1.17369 1.17366 1.17362 1.17357 1.17357 1.17359 1.17355
 1.17355][1.16952 1.16948 1.16956 1.16961 1.16957 1.16961 1.16959 1.16964 1.16966
 1.16971 1.16969 1.16961 1.16961 1.16957 1.16951 1.16948 1.16949 1.16955
 1.16956 1.16959 1.16961 1.16955 1.16955 1.16954 1.16956 1.16957 1.16956
 1.16956 1.16956 1.1695  1.16947 1.16946 1.16943 1.16943 1.16947 1.16943
 1.16945 1.16941 1.1694  1.16938 1.16938 1.16934 1.16932 1.16939 1.16933
 1.1693  1.16935 1.16939 1.16941 1.1694  1.16942 1.16942 1.16948 1.16948
 1.16947 1.16945 1.16945 1.1694  1.16939 1.16936 1.16936 1.16941 1.16946
 1.16946 1.16952 1.16955 1.16953 1.16956 1.16954 1.16945 1.16944 1.16942
 1.16941 1.16939 1.16941 1.16938 1.1694  1.1694  1.16942 1.1694  1.16941
 1.16945 1.16945 1.16939 1.1694  1.1694  1.16939 1.16942 1.16934 1.16934
 1.16923 1.16923 1.16919 1.16915 1.16908 1.16909 1.16911 1.16906 1.16905
 1.16903][1.16517 1.16523 1.16522 1.1652  1.16521 1.16525 1.1653  1.1653  1.16526
 1.16532 1.16538 1.1654  1.16541 1.16544 1.16541 1.16548 1.1655  1.16558
 1.16559 1.1656  1.16557 1.1656  1.16558 1.16559 1.16561 1.16569 1.16575
 1.16574 1.16573 1.16577 1.16571 1.16569 1.16566 1.16561 1.16563 1.16564
 1.1656  1.16559 1.16559 1.16553 1.16557 1.16553 1.16552 1.16551 1.16549
 1.1655  1.16548 1.1655  1.16546 1.16555 1.16552 1.16558 1.16555 1.16557
 1.16555 1.16557 1.16554 1.16555 1.16555 1.16556 1.16559 1.16555 1.16556
 1.16557 1.16553 1.16556 1.16551 1.16544 1.16543 1.16547 1.16546 1.16542
 1.16543 1.16544 1.16541 1.16538 1.16536 1.16534 1.16536 1.16535 1.16535
 1.16537 1.16537 1.16534 1.16533 1.16526 1.16527 1.16525 1.16525 1.16521
 1.16523 1.1652  1.16518 1.16514 1.16517 1.16522 1.16522 1.16521 1.16519
 1.1652 ][1.1654  1.16547 1.16557 1.16565 1.16564 1.16569 1.16567 1.16567 1.16569
 1.16571 1.16571 1.16573 1.16575 1.16573 1.16577 1.16575 1.16575 1.16577
 1.16573 1.16573 1.16577 1.16583 1.16589 1.16595 1.16596 1.166   1.16601
 1.16602 1.16609 1.16607 1.16606 1.16608 1.16609 1.16611 1.16607 1.16607
 1.16612 1.16618 1.1662  1.16624 1.16618 1.16618 1.1661  1.16608 1.16606
 1.16605 1.16608 1.16607 1.16611 1.16611 1.16612 1.16613 1.1661  1.16612
 1.16616 1.16618 1.16617 1.16614 1.1662  1.16625 1.16633 1.16629 1.16622
 1.16618 1.16611 1.16608 1.16607 1.16606 1.16603 1.16599 1.16595 1.16592
 1.16591 1.1659  1.16586 1.16589 1.16588 1.16586 1.16586 1.16585 1.16585
 1.16576 1.16576 1.16573 1.1657  1.16573 1.16569 1.16567 1.1657  1.1657
 1.16573 1.16562 1.16563 1.16558 1.16554 1.16556 1.16554 1.1655  1.16541
 1.16544][1.16587 1.16591 1.16588 1.16586 1.16589 1.16586 1.1659  1.1659  1.16594
 1.16599 1.16602 1.16602 1.16598 1.16596 1.16598 1.16606 1.16607 1.16609
 1.16604 1.16603 1.16608 1.16609 1.16612 1.16619 1.16624 1.16621 1.16622
 1.16622 1.16627 1.16623 1.16622 1.16625 1.16623 1.16614 1.16619 1.16621
 1.16619 1.16618 1.16619 1.16622 1.16622 1.16621 1.16619 1.16625 1.16621
 1.16631 1.16635 1.16638 1.1664  1.16643 1.16643 1.16646 1.16649 1.16644
 1.16644 1.16641 1.16644 1.16644 1.16646 1.16644 1.1664  1.16639 1.16638
 1.16636 1.1664  1.16639 1.16637 1.16641 1.16638 1.16637 1.16627 1.16622
 1.16623 1.16621 1.16624 1.1662  1.16617 1.16611 1.16606 1.16601 1.16597
 1.16592 1.16594 1.16593 1.16596 1.16595 1.16596 1.16591 1.16593 1.16588
 1.16583 1.16585 1.16589 1.16588 1.16591 1.16592 1.16585 1.16588 1.16583
 1.16582][1.17258 1.17263 1.17263 1.1727  1.17257 1.17259 1.17269 1.17269 1.17267
 1.17273 1.17275 1.17274 1.17274 1.17278 1.1728  1.17275 1.17271 1.17269
 1.17268 1.17269 1.17266 1.17272 1.17275 1.17274 1.1728  1.17288 1.17287
 1.17291 1.17289 1.17288 1.17293 1.17293 1.17293 1.1729  1.17285 1.1729
 1.17292 1.17292 1.17289 1.17294 1.17299 1.17298 1.17298 1.17305 1.17303
 1.17303 1.17306 1.17304 1.17299 1.17302 1.17302 1.17303 1.17301 1.17309
 1.17313 1.17317 1.1732  1.1732  1.17323 1.17327 1.17333 1.1733  1.17327
 1.17329 1.17326 1.1732  1.17318 1.17318 1.17315 1.1732  1.17323 1.1732
 1.17317 1.17316 1.17317 1.17319 1.17316 1.17315 1.17309 1.17308 1.17304
 1.17296 1.17289 1.17282 1.17278 1.17277 1.17272 1.17271 1.17273 1.1727
 1.17269 1.17268 1.17269 1.17263 1.1727  1.17268 1.17264 1.17266 1.17258
 1.17256][1.15852 1.15851 1.15851 1.15856 1.15854 1.1586  1.15861 1.15863 1.1586
 1.15863 1.1586  1.1586  1.15865 1.15868 1.15875 1.1588  1.15883 1.15887
 1.1589  1.15893 1.1589  1.15891 1.15896 1.15902 1.15907 1.15904 1.15906
 1.15907 1.1591  1.15914 1.1592  1.15918 1.1592  1.15923 1.15925 1.15928
 1.15931 1.15932 1.15933 1.15931 1.15932 1.15935 1.15941 1.15945 1.15944
 1.15945 1.15941 1.15942 1.15943 1.15949 1.15946 1.15946 1.15946 1.15954
 1.15958 1.15964 1.15961 1.15965 1.15974 1.15969 1.15965 1.15964 1.15969
 1.15967 1.1597  1.15975 1.15979 1.15984 1.15987 1.15989 1.15991 1.15989
 1.15981 1.15976 1.15964 1.15964 1.15961 1.15958 1.15952 1.15952 1.15946
 1.15947 1.15949 1.15942 1.15937 1.15935 1.1593  1.15938 1.15937 1.15938
 1.15936 1.1593  1.15925 1.1592  1.15919 1.1592  1.15916 1.15914 1.15909
 1.15908][1.15792 1.15793 1.15793 1.15793 1.15788 1.15796 1.15793 1.15798 1.15804
 1.15804 1.15807 1.1581  1.15807 1.15805 1.15811 1.15811 1.1581  1.15814
 1.15817 1.15818 1.15819 1.1582  1.15822 1.15822 1.15825 1.15825 1.15826
 1.15833 1.15839 1.1584  1.15846 1.15843 1.15836 1.15836 1.1584  1.15836
 1.15837 1.15839 1.15842 1.15848 1.15849 1.15852 1.15849 1.15851 1.15852
 1.15855 1.15857 1.15858 1.15863 1.15859 1.15857 1.15858 1.15859 1.15863
 1.15867 1.15869 1.15878 1.15881 1.15879 1.15882 1.15891 1.15895 1.15893
 1.1589  1.15894 1.15894 1.15893 1.1589  1.15894 1.15895 1.159   1.15896
 1.15901 1.15896 1.15897 1.15904 1.15909 1.15914 1.15916 1.15919 1.15919
 1.15916 1.15909 1.15897 1.15893 1.15891 1.15889 1.15893 1.15888 1.15884
 1.15878 1.15875 1.15877 1.15876 1.15878 1.15876 1.15871 1.15873 1.15873
 1.15871][1.16649 1.16654 1.16661 1.16658 1.16656 1.16654 1.1665  1.16655 1.16648
 1.16647 1.16645 1.16645 1.16641 1.16643 1.16644 1.16649 1.16649 1.16652
 1.16658 1.16659 1.16658 1.16662 1.16667 1.1667  1.16676 1.16677 1.16675
 1.16675 1.16678 1.16683 1.16684 1.1668  1.16681 1.16686 1.16681 1.16685
 1.16682 1.16685 1.16686 1.16686 1.16691 1.16694 1.16694 1.16701 1.16705
 1.16713 1.16717 1.16718 1.16722 1.16719 1.16718 1.16723 1.16724 1.16722
 1.1673  1.16736 1.16736 1.16739 1.16738 1.16743 1.16751 1.16752 1.16758
 1.16759 1.16753 1.16755 1.16753 1.16755 1.16753 1.16759 1.16757 1.16753
 1.16756 1.16758 1.16764 1.16765 1.16766 1.16764 1.16765 1.16763 1.16767
 1.16767 1.16766 1.16773 1.16779 1.16782 1.16783 1.16787 1.16787 1.16788
 1.16783 1.1678  1.16783 1.16777 1.16778 1.16784 1.1678  1.16776 1.16769
 1.16765]