[1.74491 1.74514 1.74516 1.74547 1.74569 1.74695 1.7471  1.74763 1.74756
 1.74743 1.74756 1.74801 1.74867 1.74868 1.74783 1.74801 1.74749 1.7467
 1.74601 1.74662 1.74601 1.74584 1.74631 1.74673 1.74566 1.74524 1.74488
 1.74496 1.74454 1.74402 1.74462 1.7442  1.74327 1.74331 1.7435  1.74365
 1.74297 1.74401 1.74282 1.74169 1.74058 1.73953 1.73931 1.73885 1.73856
 1.73835 1.7383  1.73698 1.73545 1.73523 1.73636 1.73569 1.73532 1.734
 1.73484 1.73408 1.73451 1.7344  1.73427 1.7337  1.73289 1.73181 1.73086
 1.73078 1.72968 1.72958 1.72917 1.72911 1.72838 1.72706 1.72634 1.72635
 1.72568 1.72516 1.72455 1.72336 1.72149 1.72172 1.72162 1.72112 1.72101
 1.72032 1.72007 1.71912 1.71931 1.71974 1.72039 1.72002 1.72026 1.72029
 1.72005 1.72011 1.71856 1.7192  1.71882 1.71783 1.71618 1.71554 1.71548
 1.7152 ][1.77392 1.77412 1.77455 1.77364 1.77337 1.77392 1.77505 1.77384 1.77423
 1.77464 1.77545 1.77593 1.77627 1.7772  1.77758 1.77722 1.77692 1.77715
 1.77728 1.77693 1.7771  1.77736 1.77768 1.7768  1.77691 1.77702 1.77655
 1.77516 1.77405 1.77364 1.77318 1.77295 1.77203 1.77191 1.77161 1.76991
 1.77009 1.77028 1.77101 1.77052 1.77015 1.76861 1.76719 1.76677 1.76559
 1.76631 1.76548 1.7648  1.76411 1.76331 1.76208 1.76261 1.76132 1.76131
 1.76044 1.76082 1.75974 1.75835 1.75735 1.75565 1.75607 1.75614 1.75567
 1.75567 1.75553 1.75535 1.75537 1.75467 1.75266 1.75334 1.75252 1.75223
 1.75314 1.75216 1.75131 1.75039 1.75019 1.74962 1.74976 1.7478  1.74708
 1.74704 1.7464  1.74615 1.74592 1.74583 1.74479 1.74369 1.74379 1.74318
 1.7436  1.74343 1.74355 1.74422 1.74499 1.74381 1.74262 1.74261 1.74313
 1.74349][1.64759 1.64741 1.6472  1.6473  1.64711 1.64717 1.64667 1.6465  1.64669
 1.64698 1.64718 1.64804 1.64782 1.64823 1.64861 1.6489  1.6498  1.65099
 1.6507  1.65146 1.6521  1.65212 1.65278 1.65229 1.65181 1.65225 1.65187
 1.65255 1.6534  1.65367 1.65278 1.65273 1.65306 1.65265 1.65314 1.65278
 1.65391 1.65392 1.65356 1.65406 1.65497 1.65421 1.65347 1.65182 1.6518
 1.65153 1.65072 1.65029 1.65    1.64965 1.64863 1.64868 1.64826 1.64854
 1.64871 1.649   1.64785 1.64631 1.64573 1.6452  1.64544 1.64322 1.64214
 1.64058 1.63885 1.63728 1.63719 1.63708 1.6367  1.63604 1.63665 1.63702
 1.6354  1.63632 1.63622 1.63526 1.63509 1.63426 1.63348 1.63287 1.6327
 1.63359 1.63217 1.63138 1.63168 1.63091 1.63027 1.63017 1.63036 1.62972
 1.62908 1.62824 1.62763 1.62805 1.62846 1.6277  1.62774 1.6275  1.62761
 1.62703][1.54574 1.54598 1.54601 1.54595 1.54587 1.54628 1.54683 1.54752 1.54765
 1.54711 1.54651 1.54751 1.54798 1.54812 1.54885 1.54891 1.54939 1.55038
 1.55107 1.55069 1.55068 1.55105 1.55111 1.55046 1.55131 1.55158 1.55236
 1.55238 1.55213 1.55194 1.55213 1.55242 1.55203 1.5523  1.5526  1.55239
 1.55325 1.55362 1.55402 1.5542  1.55326 1.55214 1.55117 1.5508  1.55168
 1.55213 1.55223 1.55155 1.55194 1.55166 1.55222 1.55159 1.5502  1.54828
 1.54873 1.54845 1.54879 1.54921 1.54954 1.54925 1.54934 1.54878 1.54866
 1.5476  1.5471  1.54674 1.54705 1.54681 1.54682 1.54682 1.54694 1.5477
 1.54596 1.54496 1.54368 1.54344 1.54296 1.54261 1.54223 1.54305 1.54281
 1.54267 1.54157 1.54096 1.54078 1.54018 1.53998 1.53966 1.539   1.53765
 1.53677 1.53797 1.53736 1.53695 1.53668 1.53689 1.53582 1.53517 1.5352
 1.53542][1.56512 1.56515 1.56487 1.5649  1.56581 1.56606 1.56628 1.56658 1.56563
 1.56536 1.56628 1.56582 1.56573 1.56634 1.56657 1.56692 1.5664  1.56668
 1.56613 1.56702 1.56751 1.56799 1.56878 1.56855 1.56868 1.56794 1.5688
 1.56789 1.56834 1.56838 1.56885 1.56931 1.5692  1.57001 1.57001 1.56958
 1.56996 1.56914 1.56934 1.56984 1.57086 1.57083 1.57065 1.57074 1.5709
 1.57141 1.57126 1.57181 1.57158 1.57193 1.57139 1.57099 1.57096 1.57075
 1.57001 1.57025 1.56944 1.56875 1.56827 1.5687  1.56808 1.56699 1.56768
 1.56705 1.5672  1.56716 1.56724 1.56807 1.56851 1.56879 1.56887 1.56969
 1.56915 1.56864 1.56788 1.56809 1.56693 1.56744 1.56685 1.56609 1.56569
 1.56527 1.56499 1.56375 1.56427 1.56384 1.56339 1.56379 1.56341 1.56294
 1.56275 1.56172 1.56086 1.55872 1.55816 1.55905 1.55889 1.55869 1.55734
 1.55686][1.40115 1.40102 1.40082 1.40118 1.40128 1.40165 1.40148 1.40169 1.40089
 1.40129 1.40116 1.40118 1.40152 1.40142 1.40136 1.40216 1.40318 1.40355
 1.40457 1.40423 1.40416 1.40438 1.40429 1.40424 1.4042  1.40378 1.40373
 1.4043  1.40514 1.40505 1.40611 1.40638 1.40696 1.40741 1.40793 1.4089
 1.40938 1.40977 1.41072 1.41155 1.41165 1.4112  1.41173 1.41192 1.41188
 1.41193 1.41283 1.4127  1.41296 1.41353 1.41373 1.41339 1.41351 1.41395
 1.41417 1.4148  1.41533 1.41595 1.4161  1.41668 1.41622 1.41652 1.41674
 1.41671 1.41585 1.41581 1.41552 1.41489 1.41383 1.4131  1.41307 1.4127
 1.41317 1.41307 1.41228 1.41181 1.41057 1.41089 1.41113 1.41161 1.41167
 1.41196 1.41212 1.4115  1.4109  1.41125 1.41131 1.41089 1.41064 1.41045
 1.41027 1.41039 1.41048 1.41089 1.41078 1.41039 1.40978 1.40894 1.40841
 1.40794][1.44278 1.44299 1.44246 1.44235 1.44216 1.44242 1.44254 1.44237 1.44271
 1.44276 1.44377 1.44355 1.44456 1.44438 1.44495 1.44557 1.44528 1.44498
 1.44518 1.44545 1.44564 1.44624 1.44634 1.44757 1.44866 1.44835 1.448
 1.44819 1.44894 1.44918 1.44877 1.44892 1.4497  1.44966 1.44923 1.44968
 1.44983 1.45016 1.44969 1.45011 1.45097 1.45101 1.45122 1.45159 1.45133
 1.45176 1.4511  1.45206 1.4527  1.45291 1.45388 1.45428 1.45447 1.45465
 1.45494 1.45446 1.45425 1.45424 1.45458 1.45469 1.45543 1.45478 1.45452
 1.45454 1.45473 1.45534 1.4555  1.45635 1.457   1.45691 1.45556 1.45479
 1.45518 1.45391 1.45419 1.45399 1.45377 1.45353 1.45317 1.45301 1.45194
 1.45276 1.45296 1.45274 1.45306 1.45196 1.45102 1.44971 1.4495  1.44963
 1.44938 1.44854 1.44932 1.44891 1.44876 1.448   1.44735 1.44708 1.44752
 1.44706][1.34529 1.34548 1.34539 1.34593 1.34548 1.34578 1.34602 1.34573 1.34599
 1.34579 1.34534 1.34552 1.34571 1.34578 1.34598 1.34569 1.34585 1.34608
 1.34637 1.34697 1.34721 1.34785 1.3483  1.34842 1.34903 1.34873 1.34885
 1.34941 1.34893 1.34908 1.34995 1.34995 1.35098 1.35083 1.35124 1.35187
 1.35265 1.35289 1.35312 1.3531  1.3534  1.3534  1.35345 1.35357 1.35431
 1.35487 1.35392 1.35541 1.35577 1.35597 1.35572 1.35631 1.35665 1.35702
 1.35726 1.35756 1.35838 1.35829 1.35851 1.35874 1.35937 1.36025 1.36088
 1.36042 1.36098 1.36082 1.36087 1.36024 1.36066 1.36157 1.36154 1.36174
 1.36251 1.36308 1.36327 1.36368 1.36486 1.36543 1.3657  1.3666  1.36657
 1.36661 1.36731 1.36647 1.36594 1.36545 1.36545 1.36465 1.36438 1.3637
 1.36208 1.36217 1.36126 1.36185 1.36282 1.36264 1.36247 1.362   1.3617
 1.36165][1.37269 1.37291 1.37264 1.3726  1.3731  1.37364 1.37395 1.3742  1.37413
 1.37461 1.37481 1.37465 1.37503 1.37451 1.37418 1.37375 1.37386 1.37409
 1.37434 1.3745  1.37476 1.37505 1.37562 1.37616 1.37638 1.37611 1.37619
 1.37605 1.3767  1.37561 1.37514 1.37548 1.37611 1.37619 1.37722 1.37708
 1.37739 1.37812 1.37852 1.37866 1.37964 1.38026 1.38028 1.38066 1.38089
 1.38101 1.38151 1.38199 1.38264 1.38335 1.38316 1.38383 1.38433 1.38425
 1.38479 1.38413 1.38473 1.38428 1.38405 1.38331 1.38352 1.38398 1.38375
 1.38411 1.38483 1.38483 1.38516 1.38516 1.38568 1.38566 1.38586 1.3859
 1.38575 1.38583 1.38586 1.38624 1.38586 1.38566 1.38705 1.38803 1.38819
 1.3886  1.38818 1.38845 1.38862 1.38931 1.38961 1.38947 1.38979 1.39022
 1.38957 1.38814 1.38828 1.3879  1.38791 1.38677 1.38648 1.38567 1.38551
 1.38558][1.34043 1.34057 1.34055 1.34055 1.34044 1.34099 1.34135 1.34109 1.34082
 1.34093 1.34124 1.34153 1.34187 1.342   1.34157 1.34219 1.34214 1.34253
 1.34301 1.34336 1.3432  1.34336 1.34355 1.34339 1.34309 1.34277 1.3428
 1.34328 1.34262 1.3426  1.34273 1.34352 1.344   1.3447  1.34441 1.3444
 1.34495 1.34522 1.34618 1.34611 1.34623 1.34661 1.34748 1.34714 1.347
 1.34772 1.34817 1.3482  1.34815 1.34827 1.34794 1.34794 1.3487  1.34958
 1.34996 1.35063 1.35113 1.35131 1.35115 1.3511  1.35064 1.35113 1.351
 1.3514  1.35184 1.3527  1.35352 1.35329 1.35281 1.35313 1.3538  1.35351
 1.35362 1.35453 1.35405 1.35466 1.35429 1.35365 1.354   1.35434 1.35428
 1.35481 1.35495 1.3548  1.35437 1.35495 1.35494 1.35536 1.35582 1.3565
 1.35661 1.35636 1.3568  1.35766 1.3585  1.35809 1.35841 1.35909 1.35952
 1.35951]