[1.23936 1.23937 1.23931 1.23938 1.23932 1.23929 1.23936 1.23951 1.23974
 1.23967 1.23972 1.23966 1.23989 1.23996 1.23985 1.23991 1.23987 1.23981
 1.23985 1.23973 1.2397  1.23951 1.23906 1.23901 1.23903 1.23901 1.23868
 1.23874 1.23871 1.23857 1.2387  1.23879 1.23907 1.23907 1.23904 1.23887
 1.23887 1.23874 1.23877 1.23882 1.23863 1.23825 1.23819 1.23804 1.23792
 1.23792 1.23779 1.23754 1.23748 1.23746 1.2372  1.237   1.23715 1.2372
 1.23691 1.23692 1.23668 1.23638 1.23621 1.23618 1.2362  1.2365  1.23651
 1.23618 1.23609 1.23619 1.23611 1.23608 1.23623 1.23624 1.23643 1.23641
 1.23657 1.23656 1.2368  1.23672 1.23696 1.23708 1.23698 1.23691 1.23687
 1.2364  1.23634 1.23648 1.23636 1.23644 1.23608 1.23604 1.23625 1.23614
 1.2362  1.23611 1.2362  1.23634 1.23628 1.23651 1.2363  1.23602 1.23599
 1.23589][1.2507  1.25056 1.25064 1.25074 1.25076 1.25063 1.25051 1.25052 1.25036
 1.25042 1.25032 1.25034 1.25045 1.25058 1.25046 1.2505  1.25064 1.2505
 1.25041 1.25041 1.25053 1.25047 1.25063 1.25058 1.25049 1.25022 1.25022
 1.2501  1.25    1.2501  1.25018 1.2502  1.25019 1.25012 1.25018 1.25026
 1.25044 1.25044 1.25011 1.25027 1.25019 1.25021 1.25014 1.24993 1.24987
 1.24964 1.24944 1.2497  1.24941 1.24942 1.2496  1.24933 1.2488  1.2488
 1.24883 1.24863 1.24917 1.24936 1.24926 1.24936 1.24959 1.24946 1.24964
 1.24958 1.24935 1.24928 1.24966 1.2497  1.25009 1.25006 1.25    1.25016
 1.25015 1.25013 1.24997 1.25003 1.24985 1.24998 1.25001 1.24973 1.24946
 1.24912 1.24922 1.24919 1.24915 1.24919 1.24925 1.24896 1.24877 1.24894
 1.24915 1.24921 1.2496  1.24947 1.24923 1.24915 1.24927 1.24913 1.24887
 1.2487 ][1.24771 1.24789 1.24794 1.24808 1.2485  1.24861 1.24864 1.24853 1.24841
 1.2485  1.24843 1.2481  1.24809 1.24837 1.24855 1.2485  1.24892 1.24845
 1.24854 1.24864 1.24855 1.24859 1.24857 1.24862 1.24875 1.24872 1.24875
 1.24847 1.24907 1.24889 1.24873 1.24855 1.24825 1.24825 1.24801 1.24797
 1.24805 1.2479  1.24812 1.24862 1.24839 1.24837 1.24838 1.24797 1.24786
 1.24769 1.24746 1.24753 1.24725 1.24751 1.24761 1.2476  1.24732 1.24762
 1.24729 1.24665 1.24682 1.24655 1.2464  1.2461  1.24615 1.24575 1.24562
 1.24534 1.24523 1.24546 1.24549 1.24553 1.24532 1.24496 1.24493 1.24484
 1.24485 1.24485 1.24446 1.2444  1.24446 1.24475 1.24475 1.24483 1.24465
 1.24459 1.24427 1.24393 1.2438  1.24399 1.2437  1.24376 1.24348 1.24387
 1.24408 1.24378 1.244   1.24385 1.24359 1.24386 1.24386 1.24393 1.24411
 1.24404][1.25743 1.25738 1.25736 1.25747 1.25732 1.2574  1.25775 1.258   1.25794
 1.25802 1.25802 1.2581  1.25829 1.25819 1.25818 1.2579  1.2579  1.25777
 1.25769 1.25796 1.25796 1.25743 1.25739 1.2573  1.25774 1.2577  1.25759
 1.25765 1.25774 1.25753 1.25761 1.25743 1.25734 1.25716 1.25738 1.25785
 1.25809 1.2584  1.25852 1.25858 1.25861 1.25861 1.25836 1.25822 1.25794
 1.25775 1.25797 1.25791 1.25777 1.25815 1.25812 1.25804 1.2581  1.25792
 1.25791 1.25772 1.25738 1.25697 1.25662 1.25605 1.25575 1.25587 1.25558
 1.25561 1.25548 1.2556  1.25559 1.25588 1.25572 1.25611 1.25581 1.25567
 1.25554 1.2556  1.2553  1.25544 1.25505 1.25524 1.25498 1.25513 1.25497
 1.25506 1.25516 1.255   1.25499 1.25483 1.25497 1.25501 1.25486 1.25496
 1.25484 1.25524 1.25536 1.25549 1.2557  1.2554  1.25549 1.25557 1.25551
 1.25529][1.29964 1.29989 1.29988 1.29991 1.29978 1.29978 1.29953 1.2994  1.2997
 1.29977 1.29964 1.29941 1.29971 1.2998  1.3     1.29968 1.29969 1.30006
 1.30018 1.30019 1.30042 1.3004  1.30071 1.3007  1.30047 1.30043 1.30032
 1.30049 1.30043 1.30062 1.30066 1.30078 1.3008  1.30042 1.30056 1.30065
 1.30074 1.30067 1.30102 1.30083 1.30123 1.30191 1.30229 1.30258 1.30302
 1.3031  1.30328 1.30312 1.30306 1.30311 1.30279 1.30284 1.30309 1.303
 1.30289 1.30279 1.30262 1.30266 1.30223 1.3024  1.30216 1.30249 1.30274
 1.30271 1.30302 1.30272 1.30268 1.30277 1.30264 1.30233 1.30189 1.30197
 1.30182 1.30175 1.30159 1.30151 1.30152 1.30131 1.30134 1.30086 1.30109
 1.30072 1.30051 1.30089 1.30055 1.30063 1.30049 1.30016 1.30015 1.30053
 1.30054 1.3001  1.29991 1.29982 1.29975 1.29954 1.29952 1.30007 1.30034
 1.3    ][1.32025 1.32027 1.32019 1.31995 1.32012 1.32002 1.32001 1.32013 1.31994
 1.32004 1.3202  1.32025 1.32043 1.32043 1.32069 1.32061 1.32075 1.32073
 1.32111 1.32099 1.32085 1.32073 1.32087 1.32082 1.32127 1.32142 1.32153
 1.32152 1.32155 1.32165 1.32186 1.32215 1.32241 1.32252 1.32275 1.32243
 1.32283 1.32261 1.32291 1.32309 1.32332 1.32307 1.32348 1.32395 1.32411
 1.32447 1.32455 1.32468 1.32469 1.32503 1.32502 1.32504 1.32513 1.32544
 1.32563 1.32583 1.32554 1.32553 1.32549 1.32509 1.32491 1.32534 1.32504
 1.32519 1.32515 1.32528 1.32503 1.32512 1.32456 1.3244  1.32441 1.3243
 1.32434 1.32411 1.3241  1.32402 1.32369 1.3237  1.32342 1.32356 1.32347
 1.32345 1.32308 1.32302 1.32294 1.32272 1.3225  1.32273 1.32293 1.32296
 1.3228  1.32278 1.3227  1.32283 1.32283 1.32298 1.32323 1.32302 1.32321
 1.32302][1.28738 1.28739 1.2874  1.28739 1.28743 1.28768 1.28785 1.28783 1.2882
 1.28854 1.28846 1.28882 1.28887 1.28893 1.28878 1.28913 1.289   1.28915
 1.28932 1.28946 1.28942 1.28983 1.28959 1.28927 1.28908 1.28904 1.289
 1.28871 1.28882 1.289   1.28918 1.28899 1.28881 1.28889 1.28912 1.28924
 1.28905 1.28906 1.28916 1.28927 1.28935 1.28897 1.28914 1.28895 1.28876
 1.28882 1.28871 1.28853 1.28846 1.28832 1.28895 1.28909 1.28877 1.28851
 1.28892 1.28862 1.2885  1.28823 1.28779 1.28765 1.28754 1.28787 1.28799
 1.28828 1.28825 1.2881  1.28826 1.28813 1.28837 1.28879 1.28878 1.28837
 1.28821 1.28796 1.28801 1.28804 1.28818 1.28818 1.28786 1.28788 1.2877
 1.28752 1.28728 1.28721 1.28747 1.28727 1.28717 1.28742 1.28747 1.28718
 1.28718 1.28697 1.28678 1.28655 1.28644 1.28642 1.2865  1.28641 1.2865
 1.28639][1.3098  1.30976 1.30983 1.30987 1.30985 1.30983 1.30957 1.30962 1.30957
 1.30953 1.30954 1.30958 1.30964 1.3099  1.30978 1.30955 1.30955 1.30963
 1.30944 1.30935 1.30947 1.30981 1.30987 1.30978 1.30979 1.31    1.31005
 1.30995 1.31015 1.31063 1.31068 1.31054 1.31045 1.31058 1.31036 1.31101
 1.31084 1.31062 1.31086 1.31058 1.31058 1.31056 1.31053 1.31039 1.31
 1.31    1.31057 1.31043 1.31047 1.3107  1.31063 1.31043 1.31094 1.31104
 1.31121 1.31136 1.3116  1.3115  1.31158 1.31177 1.31158 1.31167 1.31147
 1.31135 1.31172 1.31151 1.31162 1.31174 1.31184 1.31219 1.31219 1.31205
 1.31183 1.31186 1.31215 1.31266 1.31237 1.31253 1.31268 1.31305 1.3133
 1.31273 1.3125  1.31294 1.31301 1.313   1.31332 1.31329 1.31347 1.31363
 1.31342 1.31368 1.31364 1.31335 1.31325 1.31295 1.31294 1.31286 1.31298
 1.31284][1.33053 1.33067 1.33061 1.33036 1.33043 1.33035 1.33031 1.33032 1.33026
 1.33018 1.33025 1.33017 1.33012 1.33021 1.33026 1.33037 1.33033 1.33062
 1.33058 1.33043 1.33045 1.33074 1.33063 1.33068 1.33075 1.33055 1.33046
 1.33056 1.33068 1.33095 1.33098 1.33119 1.33103 1.33123 1.33122 1.33166
 1.33143 1.33151 1.33136 1.33118 1.33116 1.3314  1.33145 1.33148 1.33149
 1.33152 1.33141 1.33131 1.33192 1.33203 1.33232 1.33214 1.33221 1.33251
 1.33263 1.33272 1.33288 1.33319 1.33343 1.33372 1.33328 1.33344 1.33337
 1.33351 1.33379 1.33427 1.33438 1.33413 1.33429 1.33436 1.33431 1.33424
 1.33475 1.33492 1.33471 1.33501 1.33499 1.33483 1.335   1.33479 1.33493
 1.33512 1.33502 1.33518 1.3354  1.33544 1.33557 1.3354  1.33564 1.33556
 1.33577 1.33601 1.33573 1.33552 1.33554 1.33553 1.33545 1.33549 1.33542
 1.33542][1.30378 1.30366 1.30363 1.3037  1.30388 1.30386 1.30421 1.30402 1.30395
 1.30388 1.30378 1.30369 1.30386 1.30404 1.30359 1.30352 1.30338 1.30312
 1.30297 1.30305 1.30297 1.30312 1.30304 1.30297 1.3029  1.30286 1.30298
 1.30334 1.30324 1.30337 1.30343 1.30345 1.30353 1.30337 1.30365 1.30359
 1.30357 1.30365 1.30361 1.30386 1.30431 1.30422 1.30418 1.30441 1.30452
 1.3042  1.304   1.30416 1.30421 1.30437 1.30437 1.3042  1.30442 1.30448
 1.30459 1.30429 1.30456 1.30452 1.30436 1.3043  1.30416 1.30438 1.30414
 1.30404 1.30413 1.30448 1.30432 1.30404 1.30396 1.30402 1.3042  1.30451
 1.30464 1.30483 1.30532 1.30558 1.30534 1.30582 1.30617 1.30623 1.30614
 1.30619 1.30593 1.30608 1.30618 1.30639 1.30644 1.30635 1.30665 1.30673
 1.30678 1.30652 1.30688 1.30667 1.30642 1.3061  1.3064  1.30606 1.3059
 1.30577]