[1.17327 1.17317 1.17256 1.17264 1.17291 1.17301 1.17336 1.1734  1.17338
 1.17382 1.17378 1.17411 1.17381 1.17387 1.17369 1.17332 1.17393 1.17416
 1.17362 1.17315 1.17295 1.17339 1.1733  1.17331 1.17369 1.17382 1.17372
 1.1735  1.17326 1.17365 1.17307 1.17261 1.17239 1.17265 1.1726  1.17221
 1.17208 1.17228 1.1723  1.17223 1.17185 1.17186 1.17174 1.17197 1.17152
 1.1716  1.17183 1.1721  1.17147 1.17094 1.17105 1.17138 1.17086 1.17026
 1.17    1.16932 1.16958 1.16957 1.16935 1.16922 1.1694  1.16934 1.16919
 1.16877 1.16866 1.1684  1.16829 1.16818 1.16834 1.16823 1.16808 1.16777
 1.16781 1.16664 1.16635 1.16632 1.1662  1.16551 1.16586 1.16569 1.16546
 1.16486 1.1648  1.16417 1.16409 1.164   1.16376 1.16364 1.1633  1.16338
 1.16333 1.16331 1.16351 1.16322 1.16353 1.16334 1.16309 1.16326 1.16284
 1.16254][1.20416 1.20428 1.20415 1.20448 1.20447 1.20464 1.20472 1.20526 1.20593
 1.20611 1.2066  1.20659 1.20678 1.20742 1.2077  1.20786 1.2079  1.20791
 1.20831 1.20899 1.20909 1.20855 1.20784 1.20727 1.20689 1.20686 1.20655
 1.20648 1.20753 1.20682 1.20622 1.20605 1.20531 1.20466 1.2043  1.20415
 1.20368 1.2035  1.20317 1.20356 1.20299 1.20277 1.2024  1.20211 1.20216
 1.20205 1.20211 1.20245 1.20209 1.20191 1.20199 1.20243 1.20261 1.2021
 1.20203 1.20168 1.20153 1.20132 1.20109 1.20157 1.20154 1.20219 1.20213
 1.20201 1.20228 1.20226 1.20207 1.20265 1.20284 1.20243 1.20258 1.20295
 1.20294 1.20253 1.20327 1.20285 1.20259 1.20272 1.20208 1.20197 1.20165
 1.20126 1.20103 1.20097 1.20129 1.20072 1.20036 1.20072 1.20029 1.20001
 1.19926 1.19891 1.19878 1.19874 1.19889 1.19861 1.19787 1.19795 1.19791
 1.19768][1.17964 1.17956 1.17962 1.17988 1.1801  1.1799  1.18021 1.17975 1.17982
 1.17989 1.17974 1.18064 1.18025 1.1799  1.17973 1.18013 1.18017 1.18064
 1.18085 1.18048 1.18057 1.1806  1.18071 1.18119 1.18113 1.18154 1.18134
 1.18169 1.18197 1.18193 1.18159 1.1816  1.18106 1.18027 1.17997 1.17952
 1.1798  1.17918 1.17903 1.17892 1.17916 1.1787  1.17832 1.17841 1.17826
 1.17778 1.17791 1.17763 1.17767 1.17772 1.17729 1.1767  1.17698 1.17666
 1.17649 1.17603 1.17618 1.17594 1.1753  1.17546 1.17536 1.17509 1.17507
 1.1753  1.17563 1.17559 1.176   1.17574 1.17548 1.17585 1.17599 1.17555
 1.17524 1.17529 1.17469 1.1745  1.17401 1.17362 1.17374 1.17356 1.1736
 1.17274 1.17234 1.17244 1.1722  1.17232 1.17232 1.17232 1.172   1.17144
 1.17152 1.17126 1.17124 1.17105 1.17084 1.17128 1.17107 1.17087 1.17068
 1.17077][1.2645  1.26464 1.26484 1.26428 1.2643  1.26437 1.26444 1.26449 1.26417
 1.26455 1.26488 1.26538 1.26557 1.26606 1.26607 1.26698 1.26732 1.26803
 1.26865 1.26865 1.26912 1.26936 1.26965 1.26981 1.26965 1.27077 1.27143
 1.27188 1.27254 1.27273 1.27308 1.27313 1.27381 1.27364 1.27373 1.27485
 1.27495 1.27552 1.27603 1.27633 1.27599 1.27583 1.27517 1.27474 1.27443
 1.27437 1.27417 1.27385 1.27332 1.27323 1.27324 1.27322 1.27297 1.2729
 1.27254 1.27208 1.27173 1.27108 1.27112 1.27081 1.27031 1.26979 1.26975
 1.26963 1.26934 1.26945 1.26991 1.26945 1.26929 1.26861 1.26787 1.26895
 1.26911 1.26944 1.26958 1.26941 1.26962 1.27032 1.27056 1.27093 1.2713
 1.27127 1.27098 1.27048 1.27061 1.2714  1.27148 1.27161 1.27106 1.27104
 1.27079 1.27089 1.2707  1.27117 1.27073 1.27007 1.27028 1.26934 1.26961
 1.26911][1.24837 1.2488  1.24892 1.2486  1.24884 1.24914 1.2491  1.24956 1.24955
 1.24995 1.24943 1.25033 1.2507  1.25072 1.25081 1.25051 1.25069 1.25045
 1.25111 1.25134 1.25098 1.25132 1.25186 1.252   1.25253 1.25303 1.25298
 1.25309 1.25373 1.25391 1.25317 1.25268 1.25294 1.25317 1.25372 1.25457
 1.2546  1.25509 1.25606 1.25551 1.25577 1.25617 1.25697 1.25732 1.2573
 1.25767 1.25784 1.25852 1.25874 1.25979 1.25939 1.25913 1.25922 1.25845
 1.25789 1.25731 1.25717 1.25711 1.25715 1.25625 1.25618 1.25621 1.25606
 1.25662 1.25601 1.25518 1.25528 1.25463 1.25466 1.2542  1.25418 1.25394
 1.25354 1.25343 1.25388 1.25347 1.25326 1.25284 1.25336 1.25308 1.25316
 1.25311 1.25303 1.25238 1.25228 1.25214 1.25188 1.25075 1.2507  1.25005
 1.24991 1.24979 1.24997 1.24948 1.24904 1.24845 1.24822 1.24859 1.24788
 1.24775][1.29752 1.29761 1.29805 1.29852 1.29844 1.29803 1.29789 1.29868 1.29936
 1.2999  1.30046 1.30089 1.30082 1.30116 1.3019  1.30186 1.30202 1.30316
 1.30308 1.30304 1.30273 1.30331 1.30319 1.30392 1.30436 1.30481 1.30438
 1.30458 1.30395 1.30404 1.30416 1.30412 1.30475 1.30411 1.3045  1.30503
 1.30528 1.30602 1.30641 1.30687 1.30671 1.30796 1.30728 1.30799 1.30874
 1.30918 1.30941 1.30986 1.3097  1.30981 1.3102  1.31017 1.31023 1.3106
 1.31026 1.31072 1.3109  1.31139 1.31115 1.31172 1.31177 1.31145 1.31096
 1.31044 1.3109  1.31116 1.31089 1.31065 1.31035 1.30983 1.31051 1.31019
 1.30956 1.30943 1.30897 1.30844 1.30872 1.30824 1.30868 1.30813 1.3078
 1.30744 1.30691 1.30742 1.30669 1.30675 1.30629 1.3066  1.30651 1.30624
 1.30654 1.30643 1.3067  1.30644 1.3061  1.30591 1.30547 1.30578 1.30591
 1.30612][1.25428 1.25375 1.25413 1.25457 1.25447 1.25497 1.2548  1.25491 1.25497
 1.25459 1.25453 1.25541 1.25504 1.25556 1.25612 1.25613 1.25691 1.25669
 1.25656 1.25619 1.25611 1.25596 1.2561  1.25593 1.25635 1.25679 1.25691
 1.257   1.25727 1.25724 1.25763 1.25812 1.25804 1.25802 1.25775 1.25827
 1.25859 1.25917 1.25986 1.26042 1.26074 1.26125 1.26156 1.26149 1.26162
 1.26184 1.26193 1.26225 1.26252 1.26323 1.26293 1.26292 1.26277 1.26339
 1.26343 1.26343 1.26346 1.26373 1.26386 1.26397 1.26429 1.26431 1.26386
 1.26356 1.26311 1.26296 1.26322 1.26333 1.26306 1.26301 1.2628  1.26241
 1.2623  1.26209 1.26183 1.26098 1.26009 1.26038 1.26043 1.26066 1.26041
 1.25975 1.26009 1.25982 1.25955 1.2595  1.25991 1.25986 1.25958 1.25964
 1.25932 1.25979 1.25886 1.25871 1.25893 1.25836 1.25834 1.25783 1.2577
 1.25782][1.29693 1.29707 1.29707 1.29662 1.29678 1.29688 1.29641 1.29641 1.29678
 1.2976  1.29793 1.29808 1.29889 1.29897 1.29863 1.29863 1.29918 1.29962
 1.30002 1.30009 1.29969 1.29992 1.30048 1.30161 1.30166 1.30207 1.3012
 1.30105 1.3011  1.30128 1.3011  1.30113 1.30117 1.30055 1.30093 1.30126
 1.30121 1.30178 1.3018  1.30186 1.30213 1.30206 1.30234 1.30337 1.30282
 1.30305 1.30347 1.3036  1.304   1.3049  1.30584 1.30613 1.30642 1.30655
 1.3062  1.30622 1.30641 1.30644 1.30707 1.30713 1.30736 1.30785 1.30759
 1.30812 1.30748 1.30737 1.30762 1.30792 1.30793 1.30917 1.30906 1.30941
 1.3095  1.30945 1.31008 1.31036 1.31087 1.31114 1.31061 1.31095 1.3105
 1.30986 1.3102  1.31018 1.31063 1.31118 1.31157 1.31172 1.31239 1.31229
 1.31157 1.31099 1.31086 1.31051 1.30994 1.30955 1.30874 1.30879 1.30931
 1.30914][1.33949 1.33916 1.33944 1.33907 1.33914 1.33867 1.33886 1.33906 1.33947
 1.33922 1.33944 1.33931 1.33925 1.33948 1.33978 1.3398  1.33994 1.34058
 1.34094 1.34079 1.34076 1.34116 1.34108 1.34096 1.341   1.34057 1.34187
 1.34183 1.34183 1.34247 1.3426  1.34284 1.3428  1.34294 1.34405 1.34426
 1.34478 1.34538 1.34585 1.34596 1.34574 1.34601 1.34594 1.34688 1.34666
 1.34779 1.3484  1.34869 1.3487  1.34919 1.34929 1.35032 1.35076 1.35124
 1.35137 1.35144 1.35158 1.35112 1.35167 1.35215 1.35309 1.35376 1.35448
 1.35454 1.35504 1.35523 1.35659 1.35654 1.35746 1.35719 1.35739 1.3579
 1.35843 1.35872 1.35963 1.36014 1.36106 1.36112 1.36126 1.36151 1.36232
 1.36235 1.36288 1.363   1.36326 1.36326 1.36307 1.36421 1.36418 1.36536
 1.36555 1.36522 1.36508 1.36507 1.36472 1.36487 1.36443 1.36357 1.36308
 1.36269][1.31619 1.31637 1.31659 1.31672 1.31737 1.31736 1.31727 1.31796 1.31766
 1.31778 1.3173  1.31776 1.31758 1.31758 1.3177  1.31745 1.31746 1.31725
 1.31666 1.31706 1.31728 1.31721 1.31649 1.31675 1.3163  1.31662 1.31639
 1.31608 1.31621 1.31738 1.31777 1.31788 1.31783 1.31851 1.31872 1.31895
 1.31853 1.3195  1.31938 1.31978 1.32008 1.31982 1.31989 1.32035 1.32072
 1.32077 1.32108 1.32184 1.32251 1.32253 1.32303 1.32291 1.32278 1.32308
 1.32321 1.32386 1.32404 1.32418 1.32434 1.3246  1.32467 1.32458 1.32475
 1.32532 1.32551 1.32561 1.32544 1.3252  1.32553 1.32685 1.32732 1.32775
 1.32831 1.32742 1.32769 1.32752 1.32778 1.32787 1.32904 1.32922 1.3296
 1.32946 1.32928 1.32879 1.32963 1.32977 1.3304  1.33042 1.33095 1.33117
 1.33089 1.3308  1.33136 1.33168 1.33147 1.33249 1.3321  1.333   1.33371
 1.33432]