[1.92564 1.92533 1.92523 1.92436 1.92408 1.92392 1.92438 1.92382 1.92434
 1.92445 1.92458 1.9244  1.9244  1.92566 1.92603 1.92437 1.9244  1.92457
 1.92428 1.92367 1.92326 1.92222 1.92217 1.92249 1.92177 1.92104 1.92152
 1.92132 1.92211 1.92233 1.92272 1.92313 1.92272 1.92175 1.92211 1.92102
 1.91971 1.91859 1.91662 1.91674 1.91649 1.91671 1.91661 1.9161  1.91568
 1.91524 1.91295 1.91364 1.91328 1.91243 1.91268 1.9114  1.91163 1.90986
 1.9094  1.91064 1.91027 1.91085 1.91122 1.91197 1.91137 1.90923 1.90865
 1.90795 1.9076  1.90647 1.90562 1.90436 1.90339 1.9024  1.9015  1.90151
 1.90041 1.90096 1.9008  1.89895 1.89872 1.89552 1.89442 1.89301 1.89257
 1.89202 1.89231 1.89053 1.89075 1.88856 1.88834 1.88641 1.88472 1.88309
 1.88186 1.88163 1.87967 1.87834 1.87824 1.87756 1.87536 1.8742  1.87311
 1.87286][1.67275 1.67285 1.67346 1.67359 1.6738  1.67356 1.67365 1.67414 1.67434
 1.6739  1.67429 1.6746  1.67394 1.67422 1.67523 1.67482 1.67558 1.67566
 1.67578 1.67567 1.67577 1.67535 1.67537 1.67538 1.67579 1.67621 1.67554
 1.67526 1.67469 1.67454 1.67475 1.67442 1.67416 1.67435 1.67479 1.67407
 1.67367 1.67328 1.67369 1.67389 1.67348 1.67331 1.67331 1.6731  1.6712
 1.67027 1.66978 1.66894 1.6682  1.66674 1.66674 1.66597 1.6659  1.66618
 1.66502 1.66517 1.66584 1.66521 1.66478 1.66503 1.66441 1.66394 1.66265
 1.66212 1.66223 1.66122 1.66014 1.66031 1.65898 1.65748 1.65677 1.65593
 1.65488 1.65438 1.6532  1.65255 1.65166 1.6514  1.65214 1.65145 1.65129
 1.65115 1.65061 1.65086 1.6509  1.651   1.65097 1.65093 1.65039 1.64919
 1.648   1.648   1.64849 1.64747 1.64726 1.64865 1.64841 1.64841 1.64881
 1.64953][1.68805 1.68845 1.68811 1.68798 1.6878  1.68773 1.68698 1.68773 1.68785
 1.68851 1.68938 1.68999 1.69    1.69066 1.69135 1.69177 1.69187 1.69221
 1.69231 1.69175 1.6928  1.69302 1.69406 1.69444 1.69465 1.69555 1.69504
 1.6947  1.69479 1.69468 1.69467 1.69402 1.69354 1.69365 1.69463 1.6947
 1.69478 1.69484 1.69499 1.69411 1.69316 1.6927  1.69232 1.69163 1.69019
 1.69057 1.69024 1.69104 1.69087 1.69063 1.69109 1.6902  1.68982 1.6881
 1.68732 1.68747 1.68524 1.68531 1.68552 1.68481 1.68429 1.68458 1.6848
 1.68407 1.68374 1.68403 1.68277 1.68299 1.68311 1.68103 1.68001 1.67901
 1.6777  1.6777  1.67837 1.67779 1.67699 1.67563 1.67375 1.67368 1.67225
 1.6707  1.67074 1.66875 1.6682  1.66695 1.66644 1.6651  1.66506 1.66487
 1.66527 1.66492 1.6643  1.66352 1.66292 1.66291 1.66294 1.66348 1.66057
 1.65984][1.53871 1.53907 1.53873 1.53917 1.53967 1.53972 1.53966 1.53947 1.53902
 1.53968 1.53964 1.54076 1.54138 1.54147 1.54179 1.54292 1.54257 1.54265
 1.54329 1.54314 1.5437  1.54438 1.54429 1.54491 1.54501 1.54529 1.54512
 1.54444 1.54392 1.54501 1.54518 1.54503 1.54535 1.54497 1.54496 1.54518
 1.54575 1.54674 1.54717 1.54761 1.54674 1.54675 1.54642 1.54498 1.54432
 1.54376 1.54288 1.54183 1.54216 1.54179 1.54121 1.54095 1.54098 1.54083
 1.54107 1.5409  1.54063 1.54029 1.53989 1.53977 1.53932 1.53975 1.53944
 1.53909 1.54    1.53851 1.53849 1.53868 1.53831 1.53787 1.53741 1.53822
 1.53741 1.53647 1.53526 1.53455 1.53362 1.53362 1.53321 1.53346 1.53367
 1.53307 1.53307 1.5331  1.53325 1.53264 1.53274 1.53146 1.5308  1.53039
 1.53081 1.52981 1.52774 1.52806 1.52815 1.52684 1.52668 1.52681 1.52657
 1.5262 ][1.49647 1.49621 1.49664 1.49687 1.4967  1.49597 1.49592 1.49581 1.49558
 1.49608 1.49584 1.49596 1.49658 1.49593 1.49581 1.49673 1.49718 1.49809
 1.4973  1.49743 1.49743 1.49805 1.49897 1.49905 1.4998  1.50024 1.50045
 1.50084 1.50125 1.50059 1.50008 1.49975 1.5003  1.50118 1.50142 1.5026
 1.50277 1.50346 1.50467 1.50464 1.50515 1.50508 1.50539 1.50624 1.50622
 1.50667 1.50664 1.5071  1.50805 1.50817 1.50783 1.50812 1.5071  1.50635
 1.50656 1.50595 1.50522 1.50521 1.50486 1.50467 1.50413 1.50403 1.50396
 1.5047  1.50487 1.50441 1.50494 1.50499 1.50494 1.50462 1.50414 1.5036
 1.50463 1.50469 1.50362 1.50287 1.50276 1.50323 1.5035  1.50323 1.50187
 1.50263 1.50133 1.50083 1.50039 1.50098 1.49953 1.49832 1.49733 1.49776
 1.49711 1.49744 1.49757 1.49783 1.49786 1.49831 1.49933 1.49926 1.49845
 1.49775][1.43068 1.43108 1.43127 1.43171 1.43206 1.4319  1.43227 1.43204 1.43213
 1.4317  1.43258 1.43167 1.43175 1.4323  1.43266 1.4326  1.43341 1.43323
 1.43341 1.43341 1.43323 1.43336 1.43364 1.4336  1.43369 1.43366 1.43377
 1.43386 1.43415 1.43418 1.43434 1.43422 1.43434 1.43435 1.43437 1.43552
 1.43512 1.4357  1.43493 1.43577 1.43675 1.43689 1.43751 1.43746 1.43706
 1.43809 1.43784 1.43783 1.4383  1.43909 1.43993 1.44004 1.44052 1.44141
 1.44118 1.44133 1.44145 1.44231 1.44296 1.44324 1.44321 1.44258 1.44173
 1.44171 1.44165 1.44077 1.44062 1.44087 1.43996 1.44057 1.4406  1.43997
 1.4405  1.44055 1.44016 1.43934 1.4395  1.43958 1.43937 1.43923 1.43818
 1.43894 1.43825 1.43909 1.43962 1.43917 1.43852 1.43845 1.43799 1.43802
 1.43835 1.43865 1.43741 1.43747 1.43747 1.43692 1.43628 1.43642 1.43516
 1.43521][1.48754 1.48777 1.48801 1.48828 1.488   1.48758 1.488   1.48787 1.48796
 1.4878  1.48864 1.48882 1.48973 1.48932 1.49    1.49    1.4901  1.49018
 1.49071 1.49067 1.49092 1.49099 1.49138 1.49147 1.49182 1.49113 1.49093
 1.49065 1.49164 1.49219 1.49201 1.4925  1.49303 1.4935  1.49335 1.49312
 1.49348 1.493   1.49397 1.49374 1.49382 1.49326 1.49384 1.49388 1.49448
 1.49408 1.49483 1.49401 1.4951  1.49482 1.49534 1.49592 1.49576 1.49614
 1.49615 1.49581 1.49595 1.49647 1.49601 1.49687 1.49697 1.49736 1.49692
 1.49778 1.49788 1.49797 1.49771 1.49704 1.49678 1.49562 1.49493 1.49531
 1.49555 1.49636 1.49613 1.49545 1.49491 1.49356 1.49285 1.49244 1.49171
 1.49037 1.49056 1.4891  1.48869 1.48786 1.48805 1.4883  1.48677 1.48742
 1.48801 1.487   1.48701 1.48722 1.48692 1.4861  1.48551 1.48543 1.48524
 1.48457][1.4119  1.4117  1.41226 1.41241 1.41278 1.41317 1.41341 1.41319 1.41351
 1.41353 1.41382 1.41387 1.41378 1.41417 1.4142  1.41345 1.41418 1.41456
 1.41551 1.41569 1.41551 1.41625 1.41646 1.41671 1.41736 1.41812 1.41787
 1.41872 1.41936 1.41999 1.41992 1.42008 1.41993 1.42055 1.4212  1.4206
 1.42088 1.42072 1.42099 1.42161 1.42116 1.42114 1.42156 1.42183 1.42167
 1.42154 1.42113 1.42124 1.42082 1.42175 1.42108 1.42157 1.42185 1.42157
 1.42266 1.42302 1.42321 1.42298 1.42364 1.42383 1.42451 1.42437 1.42453
 1.4248  1.42477 1.4253  1.42631 1.42632 1.42674 1.42698 1.42773 1.42861
 1.42803 1.42778 1.42839 1.42849 1.4287  1.42859 1.4284  1.42777 1.42702
 1.4263  1.42578 1.42573 1.4251  1.42444 1.42483 1.4244  1.42374 1.42336
 1.42381 1.42347 1.42373 1.4229  1.42248 1.42147 1.42134 1.42015 1.41972
 1.41955][1.42798 1.42802 1.42785 1.4281  1.42855 1.42863 1.42836 1.42861 1.42908
 1.42949 1.42997 1.42947 1.42942 1.42912 1.42882 1.42819 1.42847 1.42818
 1.42794 1.42863 1.42857 1.42826 1.4284  1.42862 1.42986 1.43022 1.42989
 1.42946 1.42994 1.42987 1.42931 1.42952 1.42992 1.43072 1.43025 1.4305
 1.43043 1.43069 1.43062 1.43034 1.43019 1.42949 1.43008 1.43057 1.43155
 1.43158 1.43157 1.43232 1.43301 1.43193 1.43267 1.43325 1.43291 1.43258
 1.43295 1.43269 1.43291 1.43249 1.43326 1.43423 1.43399 1.43419 1.43429
 1.43518 1.43597 1.43552 1.43399 1.43488 1.43544 1.43474 1.43454 1.43331
 1.43315 1.43373 1.43338 1.43402 1.43464 1.43482 1.43495 1.43568 1.43573
 1.43563 1.4363  1.43659 1.43764 1.43794 1.43856 1.43945 1.43968 1.44007
 1.44047 1.43992 1.43984 1.43939 1.43943 1.43928 1.4392  1.4386  1.43927
 1.43893][1.33491 1.33511 1.33506 1.33492 1.33496 1.33494 1.33505 1.33525 1.33568
 1.33566 1.33618 1.33592 1.33618 1.33678 1.33694 1.3373  1.33805 1.33873
 1.33887 1.33835 1.33819 1.33874 1.33962 1.33922 1.34037 1.3404  1.34081
 1.34126 1.34162 1.34134 1.34124 1.34137 1.34099 1.34154 1.34101 1.34078
 1.34035 1.34084 1.34107 1.34096 1.34122 1.34184 1.3419  1.3417  1.34227
 1.34239 1.34205 1.34203 1.34251 1.34304 1.34347 1.34323 1.34301 1.34341
 1.34403 1.34338 1.34298 1.34335 1.34387 1.34482 1.34537 1.3457  1.3458
 1.3461  1.34617 1.34655 1.347   1.34793 1.34849 1.34977 1.34941 1.3504
 1.34986 1.35031 1.35057 1.35137 1.35157 1.3509  1.3514  1.35185 1.35069
 1.35133 1.35142 1.35205 1.35277 1.35284 1.35292 1.35264 1.35296 1.35345
 1.35301 1.35301 1.35313 1.35316 1.35308 1.35337 1.35402 1.35443 1.35395
 1.35444]