[1.41498 1.41497 1.41492 1.4149  1.41484 1.41479 1.41471 1.41476 1.41485
 1.41485 1.41482 1.41478 1.41486 1.41481 1.41474 1.41472 1.41461 1.41462
 1.41458 1.41469 1.41473 1.41471 1.41467 1.41465 1.41463 1.41462 1.41459
 1.41454 1.41454 1.41453 1.41452 1.41442 1.41441 1.41446 1.41445 1.41445
 1.41445 1.4145  1.41445 1.41444 1.4144  1.41428 1.41424 1.41428 1.41423
 1.41419 1.4141  1.41399 1.41393 1.41393 1.41382 1.41386 1.41377 1.41369
 1.41364 1.41356 1.41356 1.41358 1.41353 1.41352 1.41349 1.41348 1.41338
 1.41341 1.41332 1.41327 1.4132  1.4132  1.41314 1.41321 1.41327 1.41332
 1.41333 1.41334 1.41328 1.41328 1.41335 1.41333 1.4132  1.41322 1.41321
 1.41313 1.41309 1.41312 1.41306 1.41303 1.41299 1.41301 1.41287 1.41281
 1.41277 1.41273 1.41268 1.41263 1.4127  1.41256 1.41253 1.41256 1.41253
 1.4125 ][1.38953 1.38952 1.38956 1.38957 1.38954 1.38955 1.38955 1.38953 1.38944
 1.38952 1.38949 1.38954 1.38947 1.38944 1.38947 1.38945 1.38938 1.38935
 1.38928 1.38924 1.3892  1.38918 1.38914 1.38923 1.38913 1.38914 1.38918
 1.38911 1.38913 1.38915 1.38913 1.38909 1.3891  1.38907 1.38903 1.38893
 1.38897 1.3889  1.38892 1.38889 1.3888  1.38881 1.38879 1.38878 1.38872
 1.38874 1.38866 1.38864 1.38864 1.38861 1.38863 1.38863 1.38855 1.38863
 1.38859 1.3885  1.38847 1.38844 1.38839 1.38828 1.38825 1.38822 1.38812
 1.38808 1.38802 1.38795 1.3879  1.38792 1.38789 1.38783 1.38782 1.38778
 1.38778 1.38776 1.38778 1.38784 1.3878  1.38777 1.38773 1.38767 1.38759
 1.38762 1.38756 1.38753 1.38748 1.38738 1.38733 1.38737 1.38743 1.38748
 1.38739 1.38732 1.38727 1.38726 1.38726 1.38724 1.38725 1.38723 1.38718
 1.38715][1.41194 1.41193 1.41195 1.41199 1.41196 1.41201 1.41203 1.41207 1.41211
 1.41217 1.41223 1.41225 1.41228 1.41235 1.41239 1.41244 1.41246 1.41248
 1.41248 1.41249 1.41253 1.4125  1.41254 1.41245 1.41247 1.41238 1.41235
 1.41241 1.41242 1.41247 1.41244 1.41237 1.41236 1.41234 1.41224 1.41219
 1.4121  1.41207 1.41207 1.41197 1.41191 1.4119  1.41194 1.41186 1.41186
 1.41182 1.41182 1.41175 1.4117  1.41168 1.41164 1.41159 1.41155 1.41151
 1.41146 1.41136 1.41137 1.41132 1.41124 1.41128 1.41127 1.41124 1.4112
 1.41113 1.41108 1.41105 1.41095 1.411   1.41096 1.41096 1.41095 1.4109
 1.41083 1.41075 1.41069 1.41067 1.41062 1.4106  1.41057 1.4105  1.4104
 1.41038 1.41035 1.41036 1.41036 1.41033 1.41031 1.41028 1.41022 1.41026
 1.41033 1.41033 1.41023 1.41026 1.41027 1.41021 1.41016 1.41016 1.41011
 1.4101 ][1.43055 1.43057 1.43066 1.43073 1.43063 1.43069 1.43072 1.43081 1.43088
 1.431   1.431   1.43108 1.43116 1.43114 1.43121 1.43124 1.43126 1.43128
 1.43119 1.4312  1.43137 1.43136 1.43142 1.43148 1.43154 1.43159 1.43175
 1.43177 1.43178 1.43177 1.43164 1.43155 1.43158 1.43158 1.43154 1.4315
 1.43141 1.43139 1.43134 1.43133 1.43127 1.43121 1.43111 1.43107 1.43096
 1.43082 1.43089 1.43082 1.43076 1.43079 1.43072 1.43071 1.43069 1.43069
 1.4306  1.43052 1.43053 1.43053 1.43055 1.43051 1.43043 1.43047 1.43039
 1.43032 1.43029 1.43018 1.43014 1.43016 1.4301  1.43014 1.43007 1.43009
 1.43002 1.42996 1.4299  1.42984 1.4298  1.42971 1.42961 1.42964 1.42963
 1.42952 1.42941 1.4294  1.42935 1.42931 1.42932 1.42932 1.42923 1.42924
 1.42918 1.42907 1.42903 1.42899 1.42898 1.42897 1.42895 1.42886 1.42878
 1.42873][1.41138 1.41153 1.41154 1.41161 1.41162 1.41167 1.4116  1.41159 1.41156
 1.41167 1.41172 1.41173 1.41176 1.41176 1.41179 1.41179 1.41176 1.41183
 1.4119  1.41201 1.41196 1.41215 1.41216 1.41216 1.41215 1.41208 1.41206
 1.41208 1.41206 1.41211 1.41214 1.41217 1.41215 1.41217 1.41225 1.41222
 1.41222 1.41229 1.41235 1.41234 1.4123  1.41222 1.41227 1.41221 1.41219
 1.4121  1.4122  1.41219 1.41219 1.4123  1.4122  1.41214 1.41212 1.4121
 1.41205 1.412   1.41187 1.4119  1.41191 1.41195 1.412   1.41197 1.41198
 1.41198 1.41194 1.41197 1.41193 1.41191 1.41188 1.41193 1.41189 1.41188
 1.41181 1.41184 1.41188 1.41182 1.41177 1.41176 1.41167 1.41168 1.41162
 1.41167 1.41167 1.41162 1.41162 1.41162 1.41156 1.41154 1.4115  1.41147
 1.41144 1.41139 1.41141 1.4114  1.41131 1.41129 1.41132 1.41134 1.41135
 1.4113 ][1.43312 1.43316 1.43321 1.43331 1.43342 1.43341 1.43342 1.43346 1.43353
 1.43351 1.43346 1.43355 1.43353 1.4336  1.43364 1.43366 1.43365 1.43367
 1.4336  1.43354 1.4336  1.43364 1.43364 1.43361 1.43362 1.43368 1.43377
 1.43378 1.43378 1.43388 1.43395 1.43396 1.43406 1.4341  1.43417 1.43425
 1.43434 1.4343  1.43425 1.43422 1.43429 1.43429 1.43432 1.43436 1.4344
 1.43443 1.43443 1.43451 1.43464 1.43475 1.43469 1.43465 1.43466 1.43465
 1.4347  1.43462 1.43457 1.43458 1.43461 1.4346  1.43456 1.43455 1.43443
 1.43437 1.43431 1.43421 1.43417 1.4341  1.43406 1.43397 1.43394 1.43391
 1.43383 1.43386 1.43384 1.43386 1.43387 1.43383 1.43378 1.43375 1.4337
 1.4336  1.4336  1.43347 1.43339 1.43342 1.43336 1.43341 1.43332 1.43336
 1.43329 1.43321 1.43318 1.43306 1.43304 1.43294 1.43295 1.43292 1.43288
 1.43285][1.39562 1.39566 1.39562 1.39564 1.39573 1.39575 1.39578 1.39575 1.39577
 1.39581 1.39587 1.39586 1.39594 1.3959  1.39598 1.39594 1.3959  1.39605
 1.39605 1.39607 1.39614 1.39613 1.39621 1.39619 1.39621 1.39625 1.39626
 1.39625 1.39633 1.39632 1.39638 1.39644 1.39638 1.39639 1.3964  1.39646
 1.39652 1.39665 1.39677 1.39686 1.39688 1.39685 1.39682 1.39681 1.3968
 1.39679 1.39687 1.39689 1.39696 1.39698 1.39699 1.39697 1.39705 1.39712
 1.39716 1.39712 1.39723 1.39719 1.39723 1.39728 1.39726 1.39727 1.39725
 1.39725 1.39723 1.39717 1.39712 1.39705 1.39706 1.39708 1.39705 1.39706
 1.39705 1.39698 1.39689 1.3969  1.3968  1.39684 1.39689 1.39688 1.39686
 1.39686 1.39681 1.39676 1.3967  1.39665 1.39665 1.3966  1.39666 1.39666
 1.39659 1.39652 1.39651 1.39647 1.39654 1.39649 1.39653 1.39646 1.39651
 1.39652][1.42346 1.42341 1.42352 1.42349 1.42348 1.4235  1.42349 1.4235  1.42351
 1.42346 1.42349 1.4235  1.42349 1.42354 1.42356 1.42359 1.42363 1.42365
 1.42366 1.42364 1.42356 1.42365 1.42377 1.42383 1.42385 1.4239  1.42398
 1.42405 1.42407 1.42412 1.42406 1.42411 1.42412 1.42421 1.42422 1.42428
 1.42434 1.42439 1.42438 1.42434 1.42441 1.42441 1.42448 1.42456 1.42448
 1.42457 1.42458 1.42455 1.42455 1.42456 1.42465 1.42468 1.42474 1.42471
 1.4247  1.42472 1.4248  1.42485 1.42492 1.42483 1.42499 1.42507 1.42516
 1.42528 1.42535 1.42545 1.42555 1.42553 1.42552 1.42557 1.42552 1.42555
 1.42558 1.42551 1.42558 1.42551 1.4254  1.4254  1.42541 1.42539 1.42533
 1.42528 1.42523 1.42523 1.42528 1.42523 1.42515 1.42508 1.42507 1.42509
 1.42507 1.42503 1.42504 1.42508 1.42507 1.42511 1.42506 1.42494 1.42494
 1.42491][1.4068  1.40681 1.40679 1.40678 1.40679 1.40682 1.40695 1.40702 1.40691
 1.40693 1.40701 1.40705 1.40709 1.40711 1.40725 1.40728 1.40726 1.40714
 1.40714 1.40709 1.40711 1.40719 1.40724 1.40729 1.40734 1.40728 1.40729
 1.40731 1.4073  1.40728 1.40733 1.40736 1.40746 1.40749 1.40747 1.40747
 1.40744 1.40752 1.40753 1.40765 1.40767 1.40768 1.40765 1.40772 1.40768
 1.40776 1.40771 1.40771 1.40767 1.40771 1.40778 1.40786 1.40786 1.40789
 1.40779 1.4077  1.40779 1.40792 1.40795 1.40782 1.40775 1.40788 1.40783
 1.40785 1.40787 1.40788 1.40801 1.40798 1.40798 1.40801 1.40805 1.40807
 1.40812 1.40816 1.4081  1.40815 1.40815 1.40815 1.40818 1.40821 1.4082
 1.40816 1.40824 1.40824 1.40822 1.4083  1.40825 1.40813 1.40823 1.40818
 1.40815 1.40816 1.4081  1.40805 1.40805 1.40805 1.40801 1.40799 1.4079
 1.40787][1.39955 1.39961 1.39971 1.39977 1.39979 1.3998  1.39984 1.39979 1.39985
 1.39983 1.39988 1.39984 1.39986 1.39973 1.39978 1.39982 1.39985 1.39989
 1.39992 1.39983 1.39985 1.39983 1.39995 1.3999  1.39991 1.39992 1.39992
 1.39995 1.40002 1.40012 1.40023 1.40021 1.40026 1.40027 1.40027 1.4002
 1.40024 1.40021 1.40026 1.40018 1.40027 1.40027 1.40032 1.40039 1.40045
 1.40048 1.40048 1.4005  1.40051 1.40042 1.40033 1.40034 1.40036 1.40046
 1.4005  1.40051 1.40055 1.40049 1.40062 1.40067 1.40077 1.40081 1.40079
 1.40081 1.40079 1.40077 1.4008  1.40078 1.40081 1.40089 1.40098 1.40092
 1.40094 1.40098 1.40097 1.40106 1.40114 1.40114 1.4012  1.40128 1.40139
 1.40146 1.40153 1.40154 1.4015  1.40149 1.40153 1.40163 1.40164 1.40167
 1.40163 1.40162 1.40159 1.40158 1.40163 1.40158 1.40157 1.40146 1.40141
 1.40134]