[1.37869 1.37868 1.37867 1.37859 1.37852 1.37855 1.37849 1.37842 1.37842
 1.37836 1.37828 1.37819 1.37814 1.37817 1.37816 1.37815 1.37802 1.37802
 1.378   1.37798 1.37799 1.37796 1.3779  1.37792 1.37792 1.37796 1.37789
 1.37789 1.37787 1.37784 1.37779 1.37781 1.37781 1.37785 1.37785 1.37784
 1.37786 1.3779  1.37795 1.37789 1.37779 1.37774 1.37768 1.37761 1.37761
 1.37759 1.37757 1.37756 1.37752 1.37755 1.37754 1.37751 1.37742 1.37741
 1.37734 1.37731 1.37724 1.37723 1.37717 1.37725 1.37719 1.37715 1.37717
 1.37715 1.37718 1.37721 1.37723 1.3772  1.37714 1.37711 1.3771  1.37706
 1.37696 1.37686 1.37685 1.37685 1.37684 1.37683 1.37679 1.37673 1.37671
 1.37668 1.37666 1.37656 1.37656 1.37652 1.37648 1.37649 1.37648 1.37644
 1.37644 1.3765  1.37646 1.37642 1.37636 1.37634 1.37633 1.37631 1.37632
 1.37636][1.38985 1.38984 1.38985 1.38992 1.38993 1.3899  1.38994 1.38995 1.38994
 1.38993 1.38989 1.38988 1.38991 1.38994 1.3899  1.38992 1.38983 1.38982
 1.38975 1.38979 1.38981 1.3898  1.38982 1.38978 1.3897  1.38959 1.38955
 1.38951 1.38949 1.38944 1.38947 1.38942 1.38936 1.38939 1.38936 1.38925
 1.38931 1.38926 1.38928 1.3892  1.38922 1.38916 1.38908 1.38895 1.38885
 1.3888  1.38871 1.38867 1.38861 1.38849 1.38844 1.38842 1.38851 1.38851
 1.38851 1.3885  1.38845 1.38836 1.38831 1.38825 1.38821 1.38819 1.3882
 1.38817 1.38816 1.38808 1.38805 1.38809 1.38816 1.38815 1.38812 1.38798
 1.38793 1.38788 1.38783 1.38778 1.38781 1.38776 1.38771 1.38759 1.38748
 1.38745 1.38738 1.38737 1.38729 1.38725 1.38721 1.3872  1.38721 1.38719
 1.38724 1.38725 1.38724 1.38722 1.38715 1.38712 1.38712 1.38712 1.3871
 1.3871 ][1.38965 1.38974 1.38978 1.38978 1.38978 1.38979 1.38982 1.38992 1.39011
 1.39013 1.39025 1.39029 1.39032 1.39032 1.39042 1.3905  1.39049 1.39057
 1.39049 1.39052 1.39048 1.39039 1.39047 1.39045 1.39045 1.39033 1.39037
 1.3903  1.39024 1.3902  1.39017 1.39018 1.39006 1.38999 1.38994 1.3899
 1.38984 1.3898  1.38975 1.3897  1.38961 1.38961 1.38958 1.38958 1.38949
 1.38945 1.38943 1.38939 1.38939 1.38943 1.38935 1.38931 1.38929 1.38927
 1.38931 1.38935 1.38933 1.38933 1.38925 1.38916 1.3891  1.38907 1.38911
 1.38909 1.38906 1.38901 1.38901 1.38887 1.38879 1.38872 1.38858 1.38866
 1.38857 1.38852 1.38857 1.38857 1.3886  1.38867 1.38869 1.38869 1.3886
 1.38859 1.38864 1.38858 1.38868 1.3886  1.38854 1.38844 1.38843 1.38837
 1.3883  1.38825 1.38821 1.38819 1.38814 1.38813 1.38805 1.38797 1.38792
 1.38789][1.4059  1.40604 1.40611 1.40609 1.40618 1.40626 1.4062  1.40623 1.40626
 1.40627 1.40629 1.40634 1.40644 1.40652 1.40653 1.40655 1.40658 1.40658
 1.40657 1.40665 1.40671 1.40685 1.40681 1.40685 1.4069  1.40692 1.40706
 1.40703 1.40697 1.407   1.40692 1.40692 1.40686 1.40686 1.40686 1.40683
 1.40678 1.40673 1.40673 1.40675 1.40683 1.40669 1.40671 1.40667 1.40671
 1.40667 1.4067  1.40662 1.40662 1.4066  1.40668 1.4067  1.40667 1.40665
 1.4066  1.40664 1.40658 1.40655 1.40646 1.40639 1.40638 1.40634 1.40632
 1.40627 1.40621 1.40623 1.40617 1.40615 1.40618 1.40618 1.4062  1.40616
 1.40615 1.4062  1.40615 1.40616 1.40612 1.40607 1.40604 1.40595 1.40591
 1.40586 1.40586 1.40582 1.40575 1.40576 1.40572 1.40575 1.40575 1.40564
 1.40557 1.40551 1.40544 1.40546 1.40546 1.40541 1.40537 1.40534 1.40526
 1.4053 ][1.38181 1.38181 1.38193 1.38192 1.382   1.38205 1.38204 1.38204 1.38213
 1.38209 1.3821  1.38202 1.38196 1.38199 1.38202 1.38198 1.38203 1.38201
 1.38198 1.38201 1.38203 1.38204 1.38214 1.3821  1.38209 1.38224 1.38231
 1.3823  1.38233 1.38234 1.38236 1.38246 1.38249 1.38244 1.38246 1.38247
 1.3825  1.38245 1.38241 1.38242 1.38237 1.38232 1.38226 1.38226 1.38218
 1.3822  1.38215 1.3821  1.38211 1.38213 1.38204 1.38198 1.38207 1.38207
 1.38205 1.382   1.38191 1.38193 1.38185 1.38178 1.38172 1.38166 1.38159
 1.38157 1.38157 1.38151 1.38145 1.38144 1.38141 1.38139 1.38138 1.38135
 1.3813  1.38121 1.38116 1.38115 1.3811  1.38098 1.38098 1.38096 1.38091
 1.38088 1.38086 1.38081 1.3808  1.38081 1.38077 1.38078 1.3808  1.38078
 1.38069 1.38062 1.38064 1.38064 1.38072 1.38069 1.38061 1.38066 1.38063
 1.38064][1.43128 1.43124 1.4312  1.43118 1.43119 1.43119 1.43122 1.43129 1.43122
 1.43133 1.43134 1.4313  1.43132 1.43121 1.43119 1.43116 1.43121 1.43121
 1.43121 1.43125 1.43127 1.43132 1.43127 1.43122 1.43126 1.43121 1.43118
 1.43131 1.43139 1.43135 1.43129 1.43135 1.43143 1.43153 1.43161 1.43156
 1.4316  1.43166 1.43163 1.43163 1.43166 1.43166 1.43173 1.4317  1.43175
 1.43178 1.43179 1.43184 1.43177 1.4318  1.43186 1.43184 1.43183 1.4318
 1.43178 1.43174 1.43161 1.43164 1.43174 1.43166 1.4317  1.43167 1.43163
 1.4316  1.43151 1.43151 1.43147 1.43143 1.43148 1.43146 1.43138 1.43133
 1.43141 1.43139 1.43135 1.43139 1.43137 1.43128 1.43127 1.43127 1.43127
 1.4312  1.43121 1.43113 1.43107 1.43106 1.43096 1.43092 1.43091 1.43083
 1.4308  1.43081 1.43082 1.43088 1.43088 1.43075 1.43069 1.43071 1.43068
 1.43073][1.40519 1.40516 1.40518 1.40513 1.40511 1.40501 1.40503 1.40505 1.40502
 1.40503 1.40496 1.40499 1.40515 1.40521 1.40515 1.40511 1.40512 1.40511
 1.40511 1.40505 1.40511 1.40517 1.40509 1.40515 1.40515 1.40511 1.40515
 1.4052  1.4053  1.40527 1.4053  1.40526 1.40536 1.40535 1.40541 1.40544
 1.40543 1.40543 1.40541 1.40544 1.40545 1.40552 1.40554 1.40556 1.40566
 1.4057  1.4058  1.4058  1.40583 1.40588 1.40589 1.40593 1.40598 1.40601
 1.40613 1.40621 1.40618 1.40623 1.40623 1.40626 1.40622 1.40612 1.40609
 1.40603 1.40597 1.40597 1.40598 1.40588 1.40585 1.4058  1.40578 1.40573
 1.40581 1.40589 1.40586 1.40587 1.40577 1.40569 1.40564 1.40569 1.40561
 1.40557 1.40553 1.40554 1.40551 1.40552 1.40549 1.40547 1.40539 1.40537
 1.4053  1.4052  1.40524 1.40523 1.40518 1.40521 1.40522 1.40521 1.40518
 1.40516][1.43589 1.43593 1.43585 1.43593 1.43591 1.43592 1.43591 1.43591 1.43596
 1.4359  1.43592 1.43595 1.43604 1.43611 1.43613 1.43612 1.43615 1.43615
 1.43617 1.43616 1.43623 1.43622 1.43623 1.43625 1.43625 1.4363  1.43626
 1.43621 1.43614 1.43619 1.43618 1.43616 1.43623 1.43616 1.43613 1.43609
 1.43609 1.43601 1.43604 1.43603 1.43596 1.43596 1.43597 1.43605 1.43602
 1.43601 1.43614 1.43617 1.43618 1.43624 1.43621 1.43622 1.43626 1.43638
 1.43646 1.43652 1.43651 1.43655 1.4366  1.43667 1.43669 1.43669 1.43677
 1.43682 1.43696 1.43695 1.43694 1.43704 1.43714 1.4371  1.43711 1.43715
 1.43716 1.4372  1.43719 1.4371  1.43711 1.43708 1.43697 1.43694 1.4369
 1.43683 1.43682 1.43672 1.43667 1.43665 1.43659 1.43659 1.43654 1.43656
 1.43651 1.43646 1.43646 1.43643 1.43639 1.43634 1.43628 1.43621 1.43625
 1.43623][1.4344  1.43445 1.43459 1.43459 1.43473 1.43479 1.43487 1.43491 1.43489
 1.43491 1.43485 1.43488 1.43497 1.43502 1.43502 1.435   1.43506 1.43503
 1.43508 1.4352  1.4353  1.43542 1.43546 1.43563 1.43562 1.43566 1.43568
 1.43563 1.43564 1.43565 1.43564 1.43562 1.43562 1.43578 1.4358  1.43584
 1.4359  1.43591 1.43594 1.43604 1.43606 1.43612 1.43614 1.43629 1.43632
 1.43651 1.43651 1.43648 1.43651 1.4366  1.4366  1.43664 1.4366  1.43666
 1.43673 1.43671 1.43673 1.43669 1.4367  1.43675 1.43679 1.43676 1.43673
 1.43676 1.43681 1.43684 1.43686 1.43699 1.43695 1.43697 1.437   1.4371
 1.43716 1.43723 1.43725 1.43723 1.43719 1.43727 1.4373  1.43737 1.43736
 1.43722 1.43722 1.4373  1.4373  1.43731 1.43731 1.43728 1.43733 1.43729
 1.43726 1.43725 1.43733 1.43731 1.43724 1.43719 1.43708 1.43707 1.43712
 1.43708][1.3973  1.39729 1.39735 1.39737 1.39746 1.39743 1.39743 1.39749 1.39751
 1.39754 1.3976  1.39768 1.39763 1.39778 1.39777 1.39787 1.39787 1.39789
 1.39797 1.39795 1.39798 1.39815 1.39819 1.39837 1.39842 1.39848 1.3985
 1.3985  1.39852 1.39859 1.39862 1.39864 1.3987  1.39869 1.39866 1.39872
 1.39886 1.39902 1.39916 1.39923 1.39926 1.39926 1.39927 1.39927 1.39927
 1.39934 1.39937 1.39941 1.39933 1.39939 1.39936 1.3994  1.39942 1.39949
 1.39951 1.39957 1.3995  1.39955 1.39962 1.39963 1.39973 1.3997  1.39971
 1.39981 1.39984 1.39983 1.3998  1.39994 1.40009 1.40012 1.40008 1.40019
 1.40021 1.40021 1.40034 1.4004  1.40042 1.40053 1.40061 1.40065 1.40061
 1.40061 1.40066 1.40071 1.4007  1.40075 1.40071 1.40079 1.40092 1.40095
 1.40088 1.40089 1.40094 1.40098 1.40088 1.40084 1.40077 1.40079 1.40072
 1.40069]