[1.31906 1.31915 1.31907 1.31922 1.31929 1.3194  1.3194  1.31947 1.31967
 1.31978 1.31989 1.32005 1.32009 1.3199  1.3199  1.31981 1.31998 1.31976
 1.31963 1.31954 1.31956 1.31979 1.31989 1.32029 1.32048 1.32023 1.32015
 1.32019 1.31989 1.31985 1.31982 1.31986 1.31985 1.31989 1.31959 1.31916
 1.3193  1.31897 1.31901 1.3191  1.319   1.31908 1.31893 1.31871 1.31815
 1.31785 1.31772 1.31771 1.31735 1.31716 1.3171  1.3171  1.31704 1.31728
 1.31724 1.3172  1.31716 1.31733 1.31708 1.31704 1.31686 1.31706 1.31664
 1.31593 1.31544 1.31533 1.3152  1.31561 1.31579 1.3158  1.31582 1.31572
 1.31534 1.31525 1.31549 1.31542 1.31528 1.3153  1.31506 1.31537 1.31531
 1.31547 1.31534 1.31526 1.31559 1.3155  1.31551 1.31532 1.31566 1.31537
 1.31537 1.31525 1.31537 1.31515 1.31491 1.31491 1.31496 1.31515 1.31508
 1.31515][1.32452 1.32457 1.32491 1.32479 1.32474 1.32488 1.325   1.32485 1.32501
 1.32489 1.32528 1.32514 1.32513 1.32494 1.32507 1.32479 1.3251  1.32531
 1.32548 1.32572 1.32555 1.32536 1.32552 1.32567 1.32536 1.32543 1.32522
 1.32516 1.32504 1.3251  1.32503 1.32502 1.32496 1.32479 1.32482 1.32482
 1.32464 1.32448 1.32415 1.32425 1.3242  1.32416 1.32387 1.32338 1.32361
 1.3236  1.32362 1.32364 1.3237  1.32362 1.32351 1.32339 1.32299 1.32282
 1.32267 1.32252 1.32255 1.32266 1.32281 1.32292 1.32284 1.32289 1.32295
 1.32308 1.32329 1.32334 1.3233  1.32344 1.32369 1.32332 1.32296 1.32286
 1.3229  1.32253 1.3229  1.32285 1.32248 1.32245 1.32216 1.32206 1.32198
 1.32202 1.32195 1.32199 1.32137 1.32113 1.3211  1.32083 1.3208  1.32075
 1.3204  1.32032 1.3202  1.32005 1.32027 1.32011 1.32011 1.3199  1.31974
 1.31952][1.28924 1.28907 1.2893  1.28923 1.28902 1.28907 1.28902 1.28893 1.28904
 1.28863 1.28902 1.28919 1.28916 1.28946 1.28951 1.28956 1.28955 1.28951
 1.28983 1.28973 1.28974 1.2898  1.28976 1.29002 1.29004 1.29033 1.29036
 1.2904  1.29042 1.29057 1.29047 1.29028 1.29049 1.29078 1.29098 1.29107
 1.29062 1.2907  1.29061 1.29055 1.29065 1.2907  1.29056 1.29036 1.29025
 1.29028 1.29017 1.28995 1.28995 1.28986 1.28991 1.28983 1.28962 1.28924
 1.2894  1.28927 1.28954 1.2896  1.2897  1.28949 1.28905 1.28867 1.2882
 1.28808 1.28816 1.28842 1.28832 1.28785 1.28796 1.28794 1.28805 1.28815
 1.28824 1.28835 1.28806 1.28801 1.28772 1.28747 1.28741 1.28767 1.2876
 1.28735 1.28744 1.28733 1.28748 1.28761 1.28757 1.28732 1.2872  1.2872
 1.28737 1.28734 1.28732 1.28741 1.28745 1.28766 1.28747 1.2877  1.28784
 1.28753][1.27126 1.27106 1.27096 1.27089 1.27117 1.27116 1.27075 1.27082 1.27068
 1.27097 1.2706  1.27077 1.27086 1.27056 1.27108 1.27089 1.27088 1.27103
 1.27118 1.27127 1.27107 1.27137 1.27143 1.27175 1.27198 1.27193 1.27196
 1.27194 1.27221 1.27194 1.27227 1.27226 1.27236 1.27211 1.27258 1.27263
 1.27277 1.27281 1.273   1.27286 1.27339 1.27334 1.27321 1.27295 1.27266
 1.27268 1.27247 1.27236 1.27241 1.27238 1.27246 1.27232 1.27205 1.27181
 1.2717  1.27152 1.2716  1.27168 1.27169 1.27199 1.2719  1.27148 1.27106
 1.27121 1.27118 1.27128 1.27135 1.27121 1.27139 1.27133 1.27145 1.27169
 1.27155 1.27186 1.27175 1.27172 1.27178 1.27199 1.27226 1.27201 1.27195
 1.27194 1.27198 1.27189 1.27176 1.27161 1.27158 1.27164 1.27189 1.27194
 1.27204 1.27206 1.27184 1.27214 1.272   1.27179 1.27172 1.27164 1.27159
 1.2715 ][1.28545 1.28545 1.28555 1.2854  1.28547 1.2855  1.28566 1.28574 1.2859
 1.28566 1.28557 1.28546 1.28542 1.28551 1.28576 1.28563 1.28553 1.28558
 1.28559 1.28607 1.2865  1.28661 1.28655 1.28639 1.28654 1.28664 1.28685
 1.28685 1.28636 1.28623 1.28614 1.28602 1.28618 1.2862  1.28619 1.28633
 1.28639 1.28653 1.28645 1.28647 1.2867  1.28661 1.28672 1.28684 1.28685
 1.2868  1.287   1.28697 1.28673 1.28637 1.28641 1.28637 1.28627 1.28603
 1.28577 1.28586 1.28576 1.28569 1.28542 1.28515 1.28519 1.28519 1.28504
 1.28495 1.28505 1.2854  1.28541 1.2858  1.28567 1.28565 1.28531 1.28492
 1.28484 1.28484 1.28463 1.28465 1.28458 1.2845  1.28467 1.28454 1.28477
 1.28505 1.28485 1.28503 1.28512 1.28491 1.28487 1.28491 1.28494 1.28489
 1.28438 1.28445 1.28439 1.28413 1.28422 1.28414 1.28404 1.28407 1.28379
 1.28377][1.30233 1.30231 1.30225 1.30234 1.3024  1.30238 1.30246 1.30199 1.30226
 1.3024  1.30225 1.30245 1.30223 1.30202 1.30195 1.30186 1.3019  1.3018
 1.30158 1.30165 1.30158 1.30165 1.30176 1.3018  1.30166 1.30154 1.30129
 1.30135 1.30098 1.30089 1.30099 1.30071 1.30124 1.30108 1.3013  1.30154
 1.3015  1.30137 1.30154 1.30117 1.30144 1.30136 1.3016  1.3019  1.30194
 1.30174 1.30158 1.30154 1.30181 1.30147 1.30138 1.30165 1.30171 1.30156
 1.30173 1.30152 1.3012  1.30136 1.30137 1.30103 1.30115 1.30078 1.30102
 1.30107 1.30124 1.30121 1.30104 1.30107 1.30095 1.30147 1.30142 1.3015
 1.30108 1.30079 1.30038 1.3007  1.30073 1.30031 1.30007 1.30023 1.30047
 1.30069 1.30035 1.30023 1.3005  1.30074 1.30039 1.30048 1.3008  1.30061
 1.30064 1.30089 1.301   1.30103 1.30074 1.30068 1.301   1.3013  1.30095
 1.30115][1.31052 1.3107  1.31055 1.31058 1.31027 1.31027 1.31011 1.31017 1.31023
 1.31024 1.30988 1.30989 1.30972 1.30977 1.30979 1.30967 1.30968 1.30969
 1.30979 1.30987 1.3099  1.30979 1.30941 1.30939 1.30932 1.30906 1.30893
 1.30893 1.30896 1.30884 1.30873 1.30911 1.3088  1.30886 1.30886 1.30856
 1.30853 1.30869 1.30851 1.30868 1.30828 1.30843 1.30861 1.30882 1.30873
 1.30878 1.30888 1.30894 1.30905 1.30958 1.30966 1.30972 1.30972 1.30999
 1.30996 1.31017 1.31022 1.31052 1.31024 1.31037 1.31061 1.31044 1.31047
 1.31021 1.31028 1.31011 1.31    1.31005 1.31016 1.31017 1.30977 1.30981
 1.30966 1.30884 1.30894 1.30921 1.30896 1.30905 1.30897 1.30874 1.30922
 1.30915 1.30923 1.30881 1.30905 1.30878 1.30885 1.30884 1.30908 1.309
 1.30882 1.30861 1.30865 1.30864 1.30869 1.3089  1.30904 1.3092  1.30916
 1.30903][1.24163 1.2416  1.24151 1.24155 1.24152 1.24166 1.24158 1.24172 1.24189
 1.24195 1.24205 1.24204 1.24236 1.24192 1.24215 1.24227 1.24221 1.24233
 1.24245 1.24277 1.2426  1.24252 1.24251 1.24256 1.24242 1.24223 1.24236
 1.24258 1.24292 1.24299 1.24306 1.24273 1.24286 1.24257 1.24309 1.24326
 1.24317 1.24342 1.24335 1.24332 1.24346 1.24342 1.24342 1.24319 1.24317
 1.24308 1.24304 1.24291 1.24311 1.24283 1.24254 1.24243 1.24249 1.24272
 1.24266 1.24262 1.2425  1.24265 1.24265 1.24264 1.24293 1.2429  1.24284
 1.24303 1.24303 1.24314 1.2431  1.24338 1.24351 1.24366 1.24399 1.2438
 1.24358 1.24349 1.24358 1.24341 1.24344 1.24388 1.24407 1.24449 1.2441
 1.24401 1.24389 1.24377 1.24389 1.24402 1.24435 1.24426 1.24378 1.24366
 1.24348 1.24365 1.2436  1.24375 1.24365 1.24364 1.2438  1.24373 1.24366
 1.24375][1.2356  1.2357  1.23585 1.23585 1.23574 1.23581 1.23584 1.2358  1.23617
 1.23632 1.23646 1.23639 1.23629 1.23641 1.23657 1.23665 1.23665 1.23669
 1.23677 1.23692 1.23718 1.23735 1.23724 1.23703 1.23691 1.23668 1.23676
 1.23713 1.23703 1.23677 1.2369  1.23695 1.2368  1.23681 1.23668 1.23652
 1.23658 1.2365  1.2363  1.23644 1.23652 1.23675 1.23673 1.2368  1.23672
 1.23677 1.23704 1.23689 1.2367  1.23685 1.23681 1.23654 1.2366  1.23683
 1.23695 1.2371  1.23735 1.2374  1.23758 1.23745 1.23744 1.23763 1.23771
 1.23773 1.23784 1.23785 1.23741 1.23787 1.23792 1.2381  1.23779 1.23803
 1.23816 1.2382  1.23807 1.23817 1.23824 1.23856 1.23874 1.23844 1.2384
 1.23822 1.23819 1.23836 1.23837 1.23848 1.23876 1.23867 1.23867 1.23878
 1.23849 1.23834 1.23857 1.23871 1.23823 1.23834 1.23796 1.23793 1.23767
 1.23762][1.20536 1.20543 1.20546 1.20561 1.20588 1.2057  1.20562 1.20568 1.20567
 1.20592 1.20569 1.2058  1.20574 1.20611 1.20626 1.20638 1.20635 1.20646
 1.20655 1.20649 1.20643 1.20637 1.20642 1.20672 1.20684 1.20716 1.20715
 1.20751 1.20729 1.20741 1.20754 1.20727 1.20735 1.20717 1.20715 1.20728
 1.20751 1.20737 1.20738 1.20708 1.20694 1.20715 1.20723 1.20728 1.20747
 1.20771 1.20779 1.20796 1.20811 1.20834 1.20849 1.20858 1.20876 1.20879
 1.20874 1.20868 1.2087  1.20864 1.20869 1.20875 1.20882 1.20891 1.20909
 1.20942 1.20992 1.20988 1.20965 1.20975 1.20964 1.20968 1.20977 1.20994
 1.21014 1.21007 1.21008 1.21002 1.21014 1.21027 1.21025 1.20975 1.20963
 1.20965 1.20983 1.20984 1.20996 1.20996 1.21    1.20983 1.21007 1.20982
 1.20975 1.20951 1.20939 1.2097  1.2095  1.20923 1.20926 1.20915 1.20933
 1.20939]