[1.18468 1.18488 1.18494 1.18467 1.18505 1.18507 1.18499 1.1854  1.18554
 1.18605 1.18607 1.18593 1.18646 1.18661 1.18594 1.18592 1.18563 1.18619
 1.18631 1.18652 1.18665 1.18631 1.18638 1.1862  1.18621 1.18615 1.18582
 1.18572 1.18576 1.18528 1.18524 1.18558 1.18489 1.18492 1.18513 1.18497
 1.18464 1.18437 1.18461 1.18374 1.18319 1.18258 1.18244 1.18238 1.18243
 1.18201 1.18168 1.18128 1.18126 1.18138 1.18088 1.18038 1.17942 1.1794
 1.17959 1.1793  1.17948 1.17909 1.17943 1.17918 1.17882 1.17868 1.179
 1.17928 1.17912 1.17938 1.17924 1.17953 1.17906 1.17899 1.17883 1.17886
 1.17814 1.17825 1.17824 1.17816 1.17814 1.17775 1.17772 1.17785 1.17772
 1.17746 1.17781 1.17839 1.17865 1.17813 1.17818 1.17825 1.1778  1.1774
 1.17712 1.17656 1.17658 1.17616 1.17626 1.17615 1.17575 1.17557 1.17516
 1.17583][1.20141 1.20099 1.2011  1.20139 1.20226 1.20235 1.20238 1.20217 1.20245
 1.20238 1.20231 1.20254 1.20272 1.20292 1.20267 1.20321 1.20346 1.20381
 1.20425 1.20566 1.20565 1.20562 1.2054  1.20538 1.2056  1.20527 1.20546
 1.20591 1.2058  1.20528 1.20493 1.20481 1.20491 1.20457 1.20441 1.20437
 1.20506 1.20507 1.20445 1.20396 1.20407 1.20378 1.20322 1.20319 1.20251
 1.20306 1.20348 1.20329 1.20299 1.20287 1.20297 1.20284 1.20218 1.20276
 1.20256 1.20209 1.20172 1.2011  1.20077 1.20076 1.20092 1.20066 1.20044
 1.20093 1.20037 1.20118 1.20048 1.19999 1.20019 1.20015 1.2001  1.20022
 1.20008 1.19957 1.19921 1.19918 1.19935 1.19883 1.19828 1.19833 1.19815
 1.19781 1.19737 1.19708 1.19744 1.19671 1.19606 1.19584 1.19485 1.19441
 1.1941  1.19405 1.19365 1.19328 1.19306 1.19338 1.1931  1.19344 1.19378
 1.19364][1.18181 1.18189 1.18217 1.18194 1.18197 1.18176 1.18139 1.18124 1.18175
 1.182   1.18253 1.18314 1.18362 1.18397 1.18403 1.1842  1.18473 1.18517
 1.18449 1.18456 1.18544 1.18654 1.18615 1.18573 1.18553 1.18597 1.18642
 1.18664 1.18661 1.18715 1.18658 1.18692 1.18738 1.18711 1.1865  1.18638
 1.18651 1.18612 1.18554 1.18543 1.18483 1.1845  1.18457 1.18411 1.18419
 1.18428 1.18358 1.18397 1.18417 1.18393 1.18322 1.18323 1.18276 1.18238
 1.18218 1.1819  1.18135 1.18067 1.18046 1.18021 1.18091 1.18047 1.18025
 1.17962 1.17917 1.17887 1.17847 1.17859 1.1777  1.17712 1.17688 1.1768
 1.17607 1.17561 1.17559 1.1752  1.17464 1.17469 1.17478 1.17438 1.17401
 1.17327 1.17353 1.17345 1.1728  1.17234 1.17207 1.17239 1.17206 1.17172
 1.17158 1.17118 1.171   1.17076 1.17055 1.17072 1.17064 1.17013 1.1699
 1.17002][1.27679 1.27673 1.27663 1.27632 1.27706 1.27665 1.27651 1.2772  1.277
 1.27723 1.27722 1.27796 1.27829 1.27877 1.27893 1.27889 1.27873 1.28005
 1.2804  1.28106 1.28106 1.28121 1.28118 1.28114 1.28184 1.28247 1.28278
 1.28296 1.28341 1.28338 1.28369 1.28404 1.28464 1.28491 1.28534 1.28525
 1.28635 1.28661 1.28678 1.28715 1.28737 1.28781 1.28716 1.2868  1.28686
 1.28715 1.28751 1.28791 1.28775 1.28794 1.288   1.2878  1.28809 1.28779
 1.28758 1.28738 1.28717 1.28675 1.28648 1.28632 1.28586 1.28546 1.2848
 1.28508 1.28493 1.28528 1.28457 1.28456 1.28416 1.28421 1.28425 1.28458
 1.28507 1.28489 1.28447 1.28505 1.28501 1.28502 1.28475 1.28448 1.28471
 1.28411 1.28394 1.28323 1.28314 1.28289 1.28311 1.28362 1.28415 1.28412
 1.28384 1.28341 1.2833  1.28274 1.28274 1.28258 1.28307 1.28252 1.28227
 1.28238][1.22037 1.21998 1.2202  1.21998 1.21986 1.21995 1.22009 1.22038 1.22045
 1.2207  1.22048 1.22123 1.22137 1.22093 1.22098 1.22113 1.22134 1.22163
 1.22209 1.2223  1.22228 1.22222 1.22231 1.22227 1.22262 1.22312 1.22385
 1.22378 1.22375 1.22374 1.22428 1.22384 1.22358 1.22355 1.22311 1.22289
 1.22309 1.2237  1.22365 1.22461 1.2239  1.22397 1.22386 1.22373 1.22428
 1.22482 1.22515 1.22548 1.22572 1.22589 1.22538 1.2249  1.22529 1.22471
 1.22493 1.22488 1.22455 1.22406 1.22353 1.22386 1.2232  1.223   1.22274
 1.22209 1.22175 1.22152 1.2216  1.22228 1.22205 1.22203 1.22148 1.2211
 1.22124 1.22077 1.22077 1.22055 1.22069 1.22018 1.21947 1.21975 1.2197
 1.21991 1.21961 1.21948 1.21931 1.21955 1.21953 1.21948 1.21926 1.21919
 1.2189  1.21893 1.21838 1.21855 1.21824 1.21781 1.2174  1.21715 1.21748
 1.21754][1.25101 1.25122 1.2517  1.25179 1.25247 1.25222 1.25238 1.25208 1.25229
 1.25251 1.2524  1.25269 1.25322 1.25383 1.25366 1.25374 1.25361 1.25317
 1.25325 1.25283 1.2521  1.25164 1.25183 1.25149 1.25187 1.25209 1.25262
 1.25344 1.25402 1.25406 1.2538  1.25429 1.25371 1.25388 1.2537  1.25384
 1.25464 1.25516 1.25568 1.25563 1.25556 1.25649 1.25668 1.25632 1.25669
 1.25719 1.25763 1.2575  1.25738 1.25828 1.25883 1.25911 1.25973 1.26001
 1.26021 1.26004 1.25998 1.26066 1.26089 1.26108 1.26102 1.26052 1.25969
 1.25938 1.25939 1.25879 1.2587  1.25836 1.25817 1.25749 1.25734 1.25768
 1.25711 1.25661 1.25644 1.25654 1.25675 1.25579 1.25599 1.25572 1.25534
 1.25481 1.25404 1.25407 1.25472 1.2546  1.25404 1.25389 1.25449 1.25445
 1.25434 1.25395 1.25399 1.25378 1.25333 1.25293 1.25288 1.25306 1.253
 1.2529 ][1.25139 1.2516  1.2515  1.25174 1.25177 1.2519  1.25214 1.25192 1.25202
 1.25146 1.25199 1.25279 1.25251 1.25289 1.25298 1.25269 1.25292 1.25326
 1.25367 1.25435 1.25473 1.25478 1.25507 1.25547 1.25606 1.25566 1.25549
 1.25529 1.25534 1.2553  1.25517 1.25512 1.25515 1.25424 1.25401 1.25461
 1.25446 1.25476 1.25474 1.25493 1.255   1.25546 1.25583 1.25573 1.25622
 1.256   1.25661 1.25699 1.25691 1.25741 1.25771 1.25752 1.25775 1.25721
 1.25722 1.2574  1.25748 1.25789 1.25783 1.25853 1.2587  1.25893 1.2591
 1.25878 1.25948 1.25864 1.25878 1.25941 1.25944 1.26013 1.2599  1.25967
 1.25863 1.25866 1.25796 1.25811 1.2582  1.2584  1.25781 1.25786 1.25772
 1.25744 1.25718 1.25647 1.25626 1.25648 1.25643 1.25541 1.255   1.2551
 1.25447 1.25415 1.25396 1.2537  1.25381 1.25393 1.25358 1.25315 1.25283
 1.25259][1.34709 1.34765 1.34796 1.34812 1.34763 1.34777 1.34754 1.34747 1.34766
 1.34842 1.34885 1.34977 1.34969 1.35015 1.35018 1.35077 1.35031 1.3504
 1.34973 1.34998 1.35028 1.35121 1.35164 1.35224 1.35228 1.35226 1.35318
 1.35458 1.35463 1.35539 1.35608 1.35636 1.35646 1.35665 1.35732 1.35737
 1.35752 1.35762 1.35737 1.35856 1.35895 1.35958 1.36063 1.361   1.36128
 1.36209 1.36197 1.36285 1.36453 1.36496 1.36468 1.36443 1.36471 1.36434
 1.3651  1.36573 1.36499 1.36584 1.36535 1.36555 1.36588 1.36646 1.36569
 1.36602 1.36614 1.36588 1.36584 1.36563 1.36667 1.36682 1.36804 1.36761
 1.36791 1.36807 1.36795 1.36881 1.36935 1.36905 1.36937 1.36988 1.36995
 1.36953 1.37053 1.37042 1.36989 1.36977 1.36951 1.36895 1.36855 1.36815
 1.36881 1.36884 1.36846 1.3688  1.36743 1.36708 1.36694 1.367   1.36708
 1.36711][1.35549 1.35553 1.35587 1.35623 1.35671 1.35764 1.35859 1.35888 1.35888
 1.35852 1.3583  1.35818 1.35786 1.35765 1.35821 1.35836 1.35916 1.36025
 1.36024 1.36091 1.36209 1.36242 1.36266 1.36279 1.3624  1.36254 1.36199
 1.36173 1.36179 1.36221 1.36207 1.36254 1.36247 1.36213 1.36286 1.36294
 1.36367 1.36347 1.36372 1.36359 1.364   1.36461 1.36396 1.36447 1.36473
 1.36457 1.36496 1.36509 1.36526 1.36579 1.36633 1.36703 1.36731 1.36729
 1.36711 1.36752 1.36872 1.36867 1.36898 1.36934 1.36895 1.37001 1.3706
 1.37112 1.37164 1.37284 1.37233 1.37263 1.37234 1.37313 1.37406 1.3743
 1.3743  1.37419 1.37453 1.37511 1.37566 1.37641 1.37735 1.37748 1.3772
 1.37662 1.37707 1.377   1.37822 1.37882 1.37945 1.37953 1.38009 1.37933
 1.3793  1.37875 1.37884 1.379   1.37915 1.37894 1.37852 1.37848 1.37833
 1.37847][1.41857 1.41866 1.41874 1.41938 1.41991 1.42059 1.42134 1.42184 1.42229
 1.42276 1.42338 1.42356 1.42378 1.42425 1.4245  1.42415 1.42447 1.42464
 1.42497 1.42568 1.42539 1.42586 1.42558 1.42708 1.42719 1.4282  1.42875
 1.42835 1.42929 1.42945 1.42965 1.43031 1.4308  1.43111 1.431   1.43228
 1.4325  1.43212 1.43229 1.43277 1.43408 1.43386 1.43386 1.43373 1.43448
 1.43535 1.4359  1.43805 1.43782 1.43761 1.43726 1.43723 1.43771 1.43846
 1.43969 1.43967 1.44021 1.44048 1.4414  1.44207 1.44111 1.44136 1.44088
 1.4405  1.44102 1.44226 1.44344 1.44372 1.44472 1.44408 1.44483 1.4465
 1.44718 1.44748 1.44783 1.4474  1.44742 1.44752 1.44741 1.44752 1.4481
 1.44908 1.4491  1.45048 1.45087 1.4508  1.45164 1.45189 1.4518  1.45155
 1.452   1.45253 1.45201 1.4521  1.4527  1.45293 1.45416 1.45327 1.4536
 1.45333]