[4.12887 4.12874 4.12864 4.12833 4.12799 4.12761 4.12743 4.12778 4.12733
 4.12742 4.12697 4.1272  4.12707 4.12641 4.12589 4.12534 4.12508 4.12489
 4.12441 4.12426 4.12366 4.12292 4.12245 4.12173 4.12141 4.121   4.12029
 4.11992 4.1193  4.11861 4.1182  4.11746 4.11738 4.117   4.11644 4.11629
 4.11593 4.11553 4.11585 4.11514 4.11526 4.11522 4.11482 4.11425 4.11368
 4.11365 4.11308 4.1129  4.11215 4.11206 4.11171 4.11151 4.11096 4.11056
 4.10997 4.11001 4.10976 4.10921 4.10887 4.10842 4.10759 4.10737 4.1071
 4.10637 4.10643 4.10634 4.10606 4.10578 4.10513 4.10509 4.10468 4.10417
 4.1035  4.10295 4.10197 4.10201 4.10171 4.10123 4.10095 4.10052 4.1002
 4.09992 4.09979 4.09927 4.09919 4.09886 4.09873 4.09899 4.09837 4.09775
 4.09727 4.09715 4.09724 4.09658 4.09641 4.0959  4.09558 4.09542 4.09444
 4.09399][3.35652 3.35677 3.35711 3.35713 3.3574  3.35786 3.35814 3.35815 3.3581
 3.3581  3.35788 3.35788 3.35739 3.35753 3.35687 3.35649 3.35627 3.35609
 3.35573 3.3556  3.35512 3.35459 3.35416 3.35366 3.35339 3.35314 3.3529
 3.35268 3.35256 3.35233 3.35241 3.35255 3.35204 3.352   3.35178 3.35164
 3.35146 3.35129 3.35106 3.35042 3.35035 3.3508  3.35007 3.34984 3.34955
 3.34905 3.34901 3.34856 3.34846 3.34769 3.34726 3.34689 3.34626 3.34588
 3.34571 3.34554 3.34499 3.34457 3.34485 3.34462 3.34467 3.34458 3.34422
 3.34371 3.3438  3.34342 3.34286 3.34255 3.34263 3.34254 3.34233 3.34203
 3.342   3.34196 3.34173 3.34163 3.34157 3.34097 3.34053 3.34    3.33935
 3.33896 3.33833 3.33794 3.33776 3.33734 3.33684 3.33651 3.3362  3.3356
 3.33513 3.33546 3.33539 3.33508 3.33537 3.33506 3.33525 3.33483 3.33469
 3.33455][3.2765  3.27674 3.2772  3.27705 3.27719 3.27771 3.27822 3.2784  3.27892
 3.27953 3.27979 3.28032 3.28068 3.28083 3.28102 3.28141 3.28212 3.28217
 3.28245 3.28322 3.28294 3.28284 3.28243 3.28228 3.2817  3.28164 3.28122
 3.28068 3.28108 3.28044 3.28032 3.28045 3.27992 3.27965 3.2792  3.27891
 3.27843 3.2783  3.27824 3.27814 3.27783 3.27755 3.27731 3.27731 3.27713
 3.27667 3.27626 3.2765  3.27633 3.27581 3.27567 3.2757  3.27559 3.27542
 3.27526 3.27521 3.27487 3.27527 3.27496 3.27469 3.27444 3.27413 3.27387
 3.27341 3.27274 3.27224 3.27149 3.27101 3.27048 3.27008 3.26996 3.26954
 3.26898 3.26889 3.26846 3.268   3.26814 3.2678  3.26741 3.26708 3.26672
 3.26638 3.26633 3.2661  3.26564 3.26534 3.26528 3.26475 3.26447 3.26413
 3.26409 3.2638  3.2633  3.26297 3.26266 3.26254 3.26248 3.26247 3.26215
 3.26188][3.52359 3.52402 3.52501 3.52502 3.52525 3.52583 3.52647 3.52691 3.52763
 3.52808 3.52836 3.5283  3.52878 3.52909 3.52957 3.53015 3.53013 3.53052
 3.53098 3.53182 3.53241 3.53263 3.53299 3.53308 3.53308 3.53336 3.53339
 3.53301 3.53317 3.53416 3.53362 3.53332 3.53285 3.53267 3.5325  3.53235
 3.53215 3.53155 3.53077 3.5304  3.53017 3.53012 3.52995 3.52957 3.5291
 3.52861 3.52819 3.52789 3.52734 3.52745 3.52719 3.52678 3.5269  3.52658
 3.52608 3.52564 3.52527 3.52533 3.525   3.52468 3.52425 3.52443 3.52418
 3.52336 3.52351 3.5233  3.52335 3.52338 3.5234  3.52298 3.52277 3.52261
 3.52258 3.52202 3.52176 3.52122 3.52065 3.52053 3.52062 3.52038 3.51968
 3.51905 3.5188  3.51865 3.51881 3.51904 3.51837 3.51843 3.51825 3.51855
 3.51824 3.51821 3.5178  3.51763 3.51748 3.51746 3.51686 3.5166  3.51645
 3.51627][3.29766 3.29801 3.29871 3.29899 3.29964 3.29987 3.30017 3.30044 3.30023
 3.30013 3.3004  3.30038 3.3007  3.30139 3.30182 3.30167 3.30167 3.30224
 3.3026  3.3032  3.30365 3.30384 3.30364 3.3037  3.30377 3.30384 3.3036
 3.30411 3.30446 3.30475 3.30492 3.30546 3.30611 3.30622 3.30668 3.30752
 3.30789 3.30764 3.30813 3.30868 3.30844 3.30831 3.30802 3.30779 3.30757
 3.30729 3.30738 3.30737 3.30742 3.30754 3.30717 3.30695 3.30657 3.30618
 3.3057  3.30524 3.30468 3.30428 3.30397 3.3039  3.30403 3.30359 3.30317
 3.30307 3.30285 3.30266 3.30216 3.30215 3.30224 3.30193 3.30151 3.30096
 3.3007  3.30054 3.30037 3.30023 3.30032 3.30007 3.29981 3.29953 3.29966
 3.29959 3.29939 3.29927 3.29876 3.29876 3.29874 3.2984  3.29847 3.29849
 3.29805 3.29756 3.2976  3.29746 3.297   3.29672 3.29642 3.29613 3.29578
 3.29548][3.55787 3.5581  3.55848 3.55901 3.55951 3.5596  3.5597  3.55995 3.56018
 3.56036 3.56049 3.56049 3.56068 3.56147 3.56167 3.56239 3.56274 3.56283
 3.5628  3.56271 3.5633  3.56366 3.56432 3.56442 3.56492 3.5657  3.56556
 3.56574 3.56645 3.5664  3.56608 3.56662 3.56692 3.56687 3.56763 3.56779
 3.56795 3.56831 3.56821 3.56893 3.56896 3.56928 3.56972 3.56967 3.5695
 3.56966 3.57012 3.57062 3.5709  3.57065 3.57057 3.57078 3.57043 3.57023
 3.56997 3.56945 3.56914 3.56857 3.56846 3.56827 3.56781 3.56751 3.56703
 3.56672 3.56645 3.56617 3.56599 3.56563 3.56537 3.56532 3.56559 3.56519
 3.5653  3.56473 3.56458 3.56437 3.56427 3.56393 3.56351 3.56308 3.56298
 3.56254 3.56257 3.56226 3.56252 3.56197 3.56192 3.56126 3.56075 3.56
 3.55995 3.55922 3.55901 3.55896 3.55841 3.5583  3.55822 3.55791 3.55746
 3.5577 ][3.99691 3.99776 3.99854 3.99872 3.99898 3.9993  4.00003 4.00012 4.00054
 4.0006  4.00145 4.00161 4.00204 4.00281 4.00323 4.00329 4.00291 4.00323
 4.004   4.00491 4.00601 4.00659 4.00652 4.00727 4.00711 4.00758 4.0084
 4.00819 4.00849 4.00888 4.00928 4.00994 4.01025 4.01091 4.01172 4.01162
 4.01212 4.01242 4.01309 4.01376 4.01416 4.01423 4.01482 4.01496 4.0158
 4.01678 4.01689 4.01687 4.01772 4.01767 4.01771 4.01857 4.019   4.01952
 4.01949 4.01965 4.0205  4.02055 4.02041 4.02139 4.02168 4.02102 4.02029
 4.01992 4.01946 4.01873 4.01853 4.01782 4.01682 4.0162  4.01591 4.01594
 4.01547 4.01465 4.01405 4.01433 4.01389 4.01341 4.01322 4.01279 4.01232
 4.01232 4.01149 4.0109  4.01074 4.01056 4.01039 4.01013 4.00975 4.00929
 4.00891 4.00877 4.00872 4.00816 4.00813 4.00778 4.00698 4.00656 4.00617
 4.00589][3.81335 3.81366 3.81418 3.81442 3.81473 3.81505 3.81525 3.81522 3.81581
 3.81632 3.81623 3.81755 3.81766 3.81787 3.81841 3.81921 3.81963 3.82016
 3.82044 3.82082 3.82124 3.82139 3.82255 3.8223  3.82229 3.82323 3.82317
 3.82393 3.82437 3.8245  3.82497 3.82513 3.82533 3.82554 3.82571 3.8259
 3.82616 3.82661 3.82646 3.82739 3.8281  3.82838 3.82874 3.82914 3.82954
 3.82973 3.83012 3.83083 3.83178 3.83242 3.83274 3.83352 3.83376 3.83462
 3.83502 3.83606 3.83669 3.8367  3.83763 3.83785 3.83796 3.83856 3.83908
 3.84003 3.84047 3.84111 3.84132 3.84219 3.8425  3.84245 3.8425  3.84255
 3.84225 3.84169 3.84178 3.84151 3.84101 3.84035 3.84    3.8397  3.83978
 3.8394  3.83898 3.83844 3.83812 3.83786 3.83725 3.83712 3.83629 3.83603
 3.83577 3.83542 3.8348  3.83392 3.83333 3.83313 3.83279 3.8324  3.832
 3.83193][4.25492 4.25557 4.25556 4.25553 4.2557  4.25629 4.25652 4.25704 4.25676
 4.25711 4.25747 4.25741 4.25803 4.25895 4.25908 4.25888 4.26031 4.26058
 4.26117 4.26206 4.26295 4.26362 4.26447 4.26498 4.26607 4.26693 4.26712
 4.2675  4.26783 4.26803 4.26855 4.26879 4.26991 4.27021 4.27072 4.27178
 4.27168 4.27177 4.27217 4.27252 4.27226 4.27252 4.27348 4.27438 4.27482
 4.27544 4.2756  4.27557 4.27603 4.27623 4.27681 4.27652 4.277   4.27727
 4.2772  4.27758 4.27825 4.2791  4.27982 4.28022 4.28026 4.28112 4.28183
 4.28246 4.28237 4.28351 4.28369 4.28412 4.28396 4.28359 4.28393 4.28468
 4.28524 4.28573 4.28548 4.28615 4.28714 4.28774 4.28801 4.28864 4.28796
 4.28752 4.28644 4.28588 4.28515 4.28531 4.28465 4.28443 4.28385 4.283
 4.28279 4.28219 4.28174 4.28141 4.28117 4.28089 4.2805  4.28059 4.28032
 4.27996][3.94582 3.94655 3.94742 3.94778 3.94914 3.9499  3.95028 3.95092 3.95144
 3.95117 3.95076 3.95131 3.95193 3.95241 3.95275 3.95278 3.95341 3.95256
 3.95261 3.95367 3.95408 3.95421 3.95458 3.95417 3.95432 3.95449 3.95538
 3.95617 3.95679 3.95705 3.9574  3.9574  3.9572  3.9572  3.9581  3.95835
 3.95894 3.9595  3.96066 3.96073 3.9611  3.96178 3.96245 3.96242 3.96279
 3.96361 3.9645  3.965   3.96475 3.9658  3.96623 3.96695 3.96728 3.96718
 3.96757 3.9678  3.96821 3.96854 3.96865 3.96894 3.96933 3.96943 3.96986
 3.97033 3.9712  3.97188 3.97228 3.97268 3.97242 3.97284 3.97315 3.97372
 3.97358 3.97373 3.97369 3.97428 3.9746  3.97472 3.97535 3.97581 3.97593
 3.97649 3.97681 3.97681 3.97747 3.97718 3.97688 3.97731 3.97765 3.9782
 3.97793 3.97805 3.97835 3.9781  3.97795 3.9776  3.97718 3.97654 3.97624
 3.97612]