[4.32088 4.32057 4.32039 4.31963 4.31923 4.31816 4.3177  4.3176  4.31725
 4.31662 4.31643 4.3162  4.316   4.31535 4.31547 4.31577 4.31518 4.31499
 4.31451 4.31388 4.31337 4.31325 4.31277 4.31249 4.31217 4.31184 4.31164
 4.31223 4.31179 4.31076 4.31025 4.30974 4.30956 4.30951 4.30892 4.3087
 4.30819 4.3078  4.30726 4.30679 4.30655 4.30635 4.30612 4.30539 4.30512
 4.3047  4.30362 4.30332 4.30304 4.30252 4.30274 4.30191 4.30137 4.30074
 4.30015 4.29954 4.29911 4.29947 4.29893 4.2981  4.29742 4.2974  4.29715
 4.29682 4.2963  4.29585 4.29561 4.29492 4.29509 4.29506 4.29451 4.2944
 4.29356 4.29302 4.29235 4.29227 4.29146 4.29188 4.29111 4.29136 4.29092
 4.29084 4.29013 4.28983 4.28955 4.28899 4.28825 4.28814 4.28762 4.28677
 4.2864  4.28644 4.28578 4.2852  4.28481 4.28462 4.28457 4.28473 4.28414
 4.28393][3.38142 3.38136 3.38161 3.382   3.38253 3.3826  3.38283 3.38305 3.38306
 3.38286 3.38248 3.38228 3.38208 3.38202 3.38215 3.38185 3.38163 3.38143
 3.38058 3.3802  3.37987 3.37954 3.37916 3.37858 3.37859 3.37833 3.37789
 3.37754 3.37704 3.37686 3.37638 3.37584 3.37557 3.3751  3.37469 3.37433
 3.37396 3.37373 3.37348 3.37294 3.37275 3.37242 3.37204 3.37181 3.37164
 3.37138 3.37116 3.37059 3.37092 3.37071 3.37018 3.36979 3.36953 3.36907
 3.36874 3.36864 3.3678  3.36775 3.36783 3.36742 3.36727 3.36653 3.366
 3.36584 3.36574 3.36597 3.36565 3.36517 3.36491 3.36429 3.36418 3.36403
 3.36358 3.36336 3.36305 3.36292 3.36258 3.36243 3.36216 3.36182 3.36173
 3.36174 3.36107 3.36085 3.36039 3.36008 3.35957 3.35924 3.35915 3.35862
 3.35826 3.35807 3.35756 3.35707 3.35655 3.35646 3.35586 3.35573 3.3557
 3.35548][3.74839 3.74873 3.74967 3.74988 3.7501  3.75044 3.75096 3.7515  3.75178
 3.75214 3.75269 3.75398 3.75446 3.75528 3.75629 3.75708 3.75768 3.7585
 3.75903 3.75952 3.75925 3.75904 3.75895 3.7588  3.75824 3.75786 3.75774
 3.75758 3.7577  3.75726 3.75702 3.75647 3.75596 3.75603 3.75547 3.75484
 3.75501 3.75439 3.75378 3.7531  3.75283 3.75262 3.75238 3.75211 3.75152
 3.75124 3.7504  3.75022 3.75012 3.74971 3.74937 3.7487  3.74882 3.74858
 3.74844 3.74819 3.74782 3.74765 3.74744 3.7474  3.74693 3.74618 3.74579
 3.74529 3.74477 3.74447 3.74447 3.74397 3.74361 3.7429  3.74258 3.74231
 3.74174 3.74121 3.74073 3.74083 3.74063 3.74049 3.74027 3.73971 3.73948
 3.7391  3.73908 3.73874 3.73861 3.73862 3.73869 3.73822 3.73741 3.73683
 3.73688 3.73605 3.73666 3.73599 3.73577 3.73571 3.73565 3.73515 3.73494
 3.7348 ][3.18373 3.18355 3.18343 3.18343 3.18363 3.18328 3.18333 3.1833  3.18323
 3.18372 3.18372 3.18412 3.18466 3.18479 3.18496 3.18508 3.18528 3.18524
 3.18583 3.18578 3.1866  3.18688 3.18734 3.18753 3.18788 3.18835 3.18892
 3.18934 3.1896  3.18977 3.18964 3.18937 3.18883 3.18885 3.18869 3.18856
 3.1881  3.18796 3.18801 3.18797 3.18794 3.18776 3.18791 3.18782 3.18738
 3.18709 3.18695 3.18641 3.18606 3.1863  3.186   3.18567 3.18517 3.18485
 3.18461 3.18437 3.18393 3.18382 3.18342 3.18323 3.18311 3.18285 3.18247
 3.18226 3.18215 3.18186 3.18189 3.18161 3.18096 3.1805  3.18015 3.18036
 3.18005 3.18007 3.17999 3.17966 3.17973 3.17932 3.17929 3.17884 3.17847
 3.17808 3.17758 3.17751 3.17715 3.17738 3.17726 3.17723 3.17691 3.17697
 3.17659 3.17645 3.176   3.17591 3.17546 3.17528 3.17498 3.17493 3.1746
 3.17446][3.16911 3.16919 3.16962 3.16931 3.16974 3.17011 3.17011 3.17008 3.17002
 3.17033 3.1707  3.17044 3.17078 3.17098 3.17115 3.17136 3.17196 3.17175
 3.1719  3.17174 3.1722  3.17247 3.17261 3.17315 3.17332 3.17365 3.17345
 3.17334 3.17347 3.17349 3.1738  3.17444 3.17493 3.17524 3.17531 3.17535
 3.17558 3.17577 3.1764  3.17681 3.17677 3.17632 3.1759  3.17627 3.17621
 3.17608 3.17578 3.1756  3.17527 3.17497 3.17484 3.17477 3.17466 3.17427
 3.17405 3.1738  3.17331 3.17346 3.17344 3.17357 3.1731  3.17261 3.17279
 3.17224 3.17193 3.17154 3.17146 3.17127 3.17112 3.17108 3.17066 3.17069
 3.17015 3.16974 3.16949 3.16898 3.16851 3.16867 3.16878 3.16845 3.16816
 3.16786 3.16769 3.16762 3.16735 3.1673  3.1669  3.16659 3.16602 3.1659
 3.16581 3.16555 3.16506 3.16469 3.16471 3.1641  3.16385 3.16341 3.1632
 3.16305][4.32417 4.32449 4.32414 4.32452 4.3247  4.32482 4.32493 4.3251  4.32468
 4.32537 4.3261  4.32642 4.32716 4.32734 4.3272  4.32781 4.32812 4.32879
 4.32987 4.33023 4.3302  4.33088 4.33084 4.33098 4.33148 4.33147 4.33231
 4.33354 4.33431 4.33477 4.33563 4.3362  4.33644 4.33693 4.33777 4.33794
 4.33836 4.33888 4.33851 4.33897 4.33964 4.34043 4.34088 4.34108 4.34144
 4.34229 4.34354 4.34389 4.34495 4.34554 4.34567 4.34528 4.34478 4.34453
 4.34437 4.34428 4.34398 4.34351 4.34276 4.34198 4.3415  4.34129 4.34055
 4.34001 4.33983 4.33938 4.33885 4.33848 4.33794 4.33758 4.3372  4.33677
 4.33635 4.33585 4.33503 4.33519 4.3351  4.33465 4.3345  4.33442 4.33407
 4.33369 4.33322 4.33306 4.33234 4.33188 4.33137 4.33127 4.33175 4.3313
 4.3318  4.33169 4.33132 4.33085 4.32973 4.32911 4.32867 4.32807 4.32747
 4.32724][3.79296 3.79279 3.79265 3.79312 3.79353 3.79419 3.79484 3.79523 3.7956
 3.79592 3.7957  3.79631 3.79683 3.79713 3.79777 3.79803 3.7985  3.79891
 3.79942 3.80021 3.80038 3.8008  3.80081 3.80112 3.80144 3.80172 3.80181
 3.80236 3.80244 3.80309 3.80366 3.80359 3.8042  3.80437 3.80474 3.80553
 3.80564 3.80579 3.80632 3.8062  3.8063  3.80665 3.8071  3.80742 3.80836
 3.80912 3.80905 3.80942 3.80971 3.81018 3.81099 3.81148 3.8119  3.8122
 3.81244 3.81218 3.81265 3.81326 3.81365 3.81414 3.81359 3.8135  3.81268
 3.81232 3.81217 3.81201 3.81145 3.81107 3.81112 3.81095 3.81042 3.81034
 3.81003 3.80957 3.80926 3.80904 3.80849 3.80848 3.80883 3.80845 3.80795
 3.80745 3.80653 3.8065  3.80554 3.80535 3.80546 3.80536 3.80513 3.80505
 3.80448 3.80448 3.80386 3.8036  3.80311 3.80326 3.80301 3.80288 3.80229
 3.80208][3.56275 3.56251 3.5627  3.56335 3.56331 3.56348 3.56396 3.56424 3.56414
 3.56412 3.56411 3.56426 3.56392 3.56452 3.5649  3.56462 3.56528 3.56599
 3.56643 3.56667 3.56663 3.56705 3.56698 3.56806 3.56852 3.56889 3.56897
 3.5691  3.56941 3.56941 3.56992 3.57002 3.5703  3.57064 3.5709  3.57103
 3.57152 3.57209 3.57252 3.57333 3.57353 3.57379 3.57454 3.57495 3.57521
 3.57532 3.57604 3.5765  3.57634 3.57634 3.57695 3.57707 3.57719 3.57754
 3.57764 3.57825 3.57878 3.57858 3.57878 3.5791  3.57959 3.57985 3.58026
 3.58029 3.58068 3.58124 3.58227 3.58268 3.58289 3.58339 3.58356 3.58324
 3.58246 3.58282 3.58263 3.58226 3.58198 3.58173 3.58114 3.58106 3.58119
 3.58091 3.58048 3.58032 3.58005 3.57984 3.5793  3.5788  3.5784  3.57773
 3.57706 3.57637 3.57618 3.57612 3.57595 3.57555 3.57497 3.57427 3.57385
 3.57384][3.21735 3.21733 3.21782 3.21838 3.2186  3.21871 3.21896 3.21963 3.21995
 3.22039 3.22065 3.2206  3.22101 3.22164 3.2218  3.22241 3.22269 3.22282
 3.22308 3.22326 3.22343 3.22418 3.22465 3.22494 3.22557 3.22565 3.22582
 3.22631 3.22624 3.22634 3.22634 3.22651 3.22668 3.22666 3.22684 3.22707
 3.22762 3.2281  3.22847 3.22877 3.22888 3.22874 3.22884 3.22899 3.22923
 3.22922 3.22915 3.22987 3.22964 3.22967 3.23008 3.23009 3.2301  3.23042
 3.2307  3.23101 3.2314  3.23138 3.23176 3.23227 3.23279 3.233   3.2332
 3.23348 3.23352 3.23373 3.23432 3.2349  3.23538 3.23596 3.23632 3.23676
 3.23674 3.23761 3.23794 3.23808 3.23862 3.23879 3.23907 3.23956 3.23917
 3.23869 3.23837 3.23786 3.23803 3.23776 3.23751 3.23703 3.23726 3.23723
 3.23685 3.23638 3.23605 3.23563 3.23557 3.23526 3.23468 3.2347  3.23424
 3.23385][4.28207 4.28229 4.28268 4.28286 4.28289 4.28259 4.28266 4.28261 4.28246
 4.28273 4.283   4.28391 4.28429 4.28514 4.28585 4.28637 4.28661 4.28757
 4.2876  4.28812 4.28869 4.28943 4.28957 4.29001 4.29053 4.29097 4.29141
 4.29219 4.29292 4.29315 4.29358 4.29418 4.29466 4.29495 4.29559 4.29608
 4.29666 4.29701 4.29801 4.29893 4.2996  4.30081 4.3015  4.30209 4.30235
 4.30282 4.30371 4.30431 4.30455 4.30475 4.30512 4.30497 4.30537 4.30564
 4.30638 4.30648 4.30711 4.30836 4.30881 4.3099  4.31021 4.31102 4.31112
 4.31104 4.31175 4.31277 4.313   4.31293 4.31333 4.3138  4.31484 4.31463
 4.31506 4.31546 4.31613 4.31598 4.31674 4.31745 4.31813 4.31829 4.31854
 4.31899 4.31966 4.32013 4.32071 4.32107 4.32101 4.32136 4.32093 4.32194
 4.32121 4.32072 4.32023 4.31935 4.31835 4.31822 4.31807 4.31733 4.31667
 4.31636]