[1.49241 1.49259 1.49223 1.49289 1.4929  1.49363 1.49352 1.49317 1.49274
 1.49289 1.4925  1.49207 1.49171 1.49156 1.4912  1.49114 1.49253 1.49323
 1.49213 1.49237 1.49189 1.49174 1.4914  1.49077 1.48992 1.48944 1.48795
 1.48836 1.48812 1.48762 1.48758 1.48712 1.48732 1.48677 1.48741 1.48756
 1.4877  1.48778 1.4874  1.48682 1.48655 1.48553 1.485   1.48331 1.48314
 1.48309 1.48277 1.48265 1.48233 1.48278 1.4831  1.48254 1.4826  1.48323
 1.48194 1.48078 1.48024 1.47951 1.47929 1.47844 1.47818 1.47714 1.47663
 1.47652 1.47671 1.47587 1.47623 1.47653 1.47673 1.47713 1.47637 1.47553
 1.47465 1.47418 1.47327 1.47259 1.4721  1.47196 1.47177 1.47225 1.47259
 1.47215 1.47199 1.47176 1.47189 1.47124 1.47126 1.47183 1.47202 1.47103
 1.47176 1.47118 1.47148 1.4711  1.47095 1.47105 1.47152 1.47136 1.47082
 1.47017][1.53937 1.53972 1.53945 1.53928 1.53934 1.53885 1.53949 1.53959 1.53972
 1.54026 1.54002 1.53986 1.53976 1.53961 1.53867 1.53891 1.53918 1.53852
 1.53766 1.53837 1.53746 1.53788 1.53712 1.5358  1.53546 1.53399 1.534
 1.53425 1.53372 1.53387 1.53385 1.53399 1.53266 1.53286 1.53301 1.53266
 1.53239 1.53266 1.53295 1.53307 1.5323  1.53146 1.53125 1.53061 1.53063
 1.5304  1.52882 1.5276  1.52713 1.52705 1.52608 1.52591 1.52557 1.52566
 1.52463 1.52387 1.52398 1.52467 1.52412 1.52334 1.52338 1.52271 1.52228
 1.52153 1.5219  1.52225 1.52286 1.52263 1.5231  1.52247 1.5225  1.5221
 1.52124 1.52164 1.52142 1.5205  1.521   1.5196  1.51913 1.51876 1.5189
 1.51843 1.51877 1.51777 1.51761 1.51684 1.51706 1.51598 1.51524 1.51423
 1.5135  1.5138  1.51212 1.51149 1.51142 1.51102 1.51023 1.51012 1.50926
 1.50981][1.43254 1.43259 1.43304 1.43243 1.43236 1.43228 1.4325  1.43261 1.4331
 1.43276 1.43293 1.43235 1.43215 1.43207 1.43251 1.43263 1.43295 1.43292
 1.43355 1.43334 1.43336 1.43361 1.43367 1.4334  1.43369 1.4343  1.43489
 1.43541 1.43468 1.43462 1.43423 1.43469 1.43423 1.43378 1.43428 1.4341
 1.43342 1.43317 1.4323  1.43124 1.43026 1.42947 1.42931 1.42942 1.42925
 1.42923 1.42949 1.42838 1.42845 1.42827 1.42865 1.42825 1.42757 1.42795
 1.42782 1.42738 1.42654 1.42704 1.42673 1.42731 1.42797 1.42871 1.42822
 1.42832 1.42877 1.42911 1.42865 1.4287  1.42833 1.42826 1.42722 1.4266
 1.42583 1.42636 1.42639 1.426   1.42543 1.42576 1.42548 1.42543 1.42493
 1.42488 1.42584 1.42466 1.42377 1.42334 1.4219  1.42209 1.4223  1.42099
 1.42028 1.41998 1.41962 1.41884 1.41917 1.41855 1.41871 1.41719 1.41652
 1.41687][1.36596 1.36605 1.36643 1.36642 1.3668  1.367   1.36722 1.36681 1.36631
 1.36686 1.36677 1.36706 1.36754 1.36781 1.36813 1.36917 1.36956 1.37
 1.36953 1.36918 1.36864 1.36878 1.36951 1.36945 1.36964 1.36979 1.36985
 1.36943 1.36962 1.37024 1.37077 1.37095 1.37103 1.37082 1.37118 1.3712
 1.3717  1.37181 1.37218 1.37273 1.3724  1.37226 1.37226 1.37244 1.37265
 1.3719  1.37142 1.37068 1.36952 1.36827 1.36786 1.36766 1.36685 1.36653
 1.36596 1.36607 1.36552 1.36521 1.36496 1.36435 1.3644  1.36333 1.36324
 1.36289 1.36335 1.36304 1.3634  1.36301 1.36235 1.36234 1.36175 1.36016
 1.35974 1.35928 1.35938 1.3594  1.35927 1.3591  1.35919 1.35894 1.35912
 1.35972 1.35937 1.35919 1.35896 1.359   1.35897 1.35878 1.35779 1.35745
 1.35732 1.35761 1.35728 1.35713 1.35722 1.35663 1.35705 1.35659 1.35634
 1.35634][1.33199 1.33204 1.33223 1.33219 1.33261 1.33287 1.33332 1.33338 1.33292
 1.33302 1.33377 1.33376 1.33355 1.33419 1.33452 1.33497 1.3355  1.33566
 1.33555 1.33621 1.33649 1.33613 1.33602 1.33596 1.33612 1.33598 1.33619
 1.33669 1.33684 1.33677 1.33722 1.33747 1.33717 1.33683 1.33708 1.33736
 1.33748 1.33723 1.33734 1.33825 1.33847 1.33937 1.33971 1.34005 1.34015
 1.34049 1.34071 1.34112 1.34138 1.34155 1.34153 1.34221 1.342   1.34215
 1.34189 1.34228 1.34123 1.34118 1.34118 1.33951 1.33841 1.33862 1.33811
 1.33793 1.33774 1.33727 1.33667 1.33678 1.33762 1.33658 1.33597 1.33611
 1.33573 1.33639 1.33635 1.33612 1.33612 1.33548 1.33491 1.3346  1.33472
 1.33443 1.33381 1.33308 1.33268 1.33217 1.33121 1.33047 1.33008 1.32983
 1.32994 1.32975 1.32952 1.32824 1.32802 1.32746 1.32715 1.32618 1.32602
 1.32613][1.33023 1.33068 1.33092 1.33084 1.33106 1.33123 1.33182 1.33147 1.33187
 1.3324  1.33206 1.33165 1.33134 1.3309  1.33136 1.33159 1.33169 1.33101
 1.33039 1.33108 1.33194 1.33256 1.33217 1.33236 1.33274 1.33267 1.3327
 1.33319 1.33328 1.33373 1.33437 1.33405 1.33375 1.33397 1.33451 1.33351
 1.33353 1.33435 1.33394 1.33394 1.33387 1.33411 1.33396 1.33445 1.33469
 1.33464 1.33474 1.33503 1.3355  1.33582 1.33618 1.33692 1.33707 1.33696
 1.33748 1.33811 1.33793 1.33772 1.33805 1.33809 1.33777 1.33745 1.33713
 1.33667 1.33658 1.33639 1.33579 1.33594 1.33594 1.33552 1.33533 1.33539
 1.33517 1.33528 1.33438 1.33418 1.33328 1.33247 1.33193 1.33189 1.33206
 1.33239 1.33131 1.33022 1.33005 1.32998 1.32965 1.3289  1.32911 1.32828
 1.32857 1.32765 1.32725 1.32641 1.32599 1.32557 1.32605 1.32569 1.32585
 1.32615][1.29335 1.29332 1.29279 1.29253 1.29255 1.293   1.29247 1.29293 1.29244
 1.29216 1.29276 1.29284 1.2938  1.294   1.29333 1.29387 1.29417 1.29405
 1.29409 1.29468 1.29452 1.29452 1.2949  1.2953  1.2956  1.29563 1.29548
 1.29619 1.29611 1.296   1.29625 1.29643 1.29672 1.29685 1.29761 1.29844
 1.29782 1.29754 1.29762 1.29808 1.29781 1.29777 1.29834 1.29853 1.29879
 1.29875 1.2994  1.29995 1.29938 1.29978 1.29969 1.3005  1.30029 1.30043
 1.30126 1.30132 1.30209 1.30274 1.30334 1.30251 1.30313 1.30332 1.30322
 1.30405 1.30373 1.30423 1.3041  1.30476 1.30564 1.30536 1.30576 1.30553
 1.30511 1.30424 1.30389 1.3042  1.30454 1.30416 1.30371 1.30372 1.30353
 1.30295 1.30313 1.30247 1.30171 1.30114 1.30171 1.30099 1.30055 1.30029
 1.30037 1.30083 1.30056 1.29985 1.29954 1.30007 1.29918 1.29914 1.29814
 1.29723][1.28688 1.28704 1.2867  1.28666 1.28689 1.2866  1.2871  1.28715 1.28721
 1.28727 1.28698 1.28705 1.28693 1.28683 1.28712 1.28684 1.28663 1.28693
 1.28715 1.2871  1.28768 1.28755 1.28761 1.28807 1.28865 1.28914 1.2895
 1.28945 1.2903  1.28991 1.29003 1.29073 1.29073 1.2915  1.29228 1.29161
 1.29132 1.29223 1.29247 1.29182 1.29185 1.29112 1.29101 1.2919  1.29202
 1.29246 1.29243 1.29298 1.29283 1.29318 1.2928  1.29321 1.29346 1.29346
 1.2932  1.2931  1.29282 1.29291 1.29337 1.29281 1.29251 1.29283 1.29343
 1.2945  1.2943  1.29361 1.29389 1.29465 1.29408 1.29465 1.29453 1.29459
 1.29464 1.29475 1.29512 1.29552 1.29595 1.29626 1.29625 1.29625 1.29526
 1.2949  1.29523 1.29508 1.29496 1.29496 1.2952  1.29474 1.29481 1.29441
 1.29399 1.29364 1.29344 1.2925  1.29258 1.29257 1.29243 1.29239 1.29217
 1.29184][1.34281 1.34297 1.34277 1.34296 1.34322 1.34356 1.34335 1.34309 1.34269
 1.34256 1.34332 1.34302 1.34335 1.34276 1.34142 1.34051 1.34089 1.34075
 1.34059 1.34041 1.34055 1.33976 1.3393  1.3391  1.33866 1.33833 1.33788
 1.33851 1.33954 1.33889 1.33916 1.33911 1.33895 1.33847 1.33806 1.3379
 1.33735 1.33757 1.33725 1.3371  1.33648 1.33671 1.33728 1.33817 1.33854
 1.33903 1.33907 1.33916 1.33944 1.3398  1.33965 1.34009 1.3407  1.34034
 1.34051 1.3405  1.34063 1.34142 1.34153 1.34254 1.34239 1.34224 1.3428
 1.34223 1.34196 1.34248 1.34328 1.343   1.3427  1.34361 1.34375 1.34519
 1.3455  1.34498 1.34579 1.34623 1.3469  1.34709 1.34684 1.3475  1.34763
 1.34819 1.34776 1.34882 1.34962 1.3491  1.34892 1.34934 1.34925 1.34926
 1.34892 1.34848 1.34881 1.34821 1.34727 1.34665 1.34634 1.34509 1.34497
 1.34529][1.2659  1.26533 1.26537 1.26516 1.26492 1.26463 1.26486 1.26455 1.26481
 1.2652  1.26555 1.26619 1.26654 1.26612 1.2662  1.26556 1.26544 1.26535
 1.26421 1.26379 1.26364 1.26288 1.26325 1.26363 1.26417 1.26493 1.26507
 1.26596 1.26587 1.26641 1.26693 1.2677  1.26792 1.26807 1.26851 1.26909
 1.26899 1.26917 1.26978 1.26995 1.26997 1.26912 1.26953 1.26914 1.26978
 1.27076 1.27134 1.27201 1.27232 1.27279 1.27278 1.27345 1.27388 1.27437
 1.27435 1.27472 1.2745  1.27441 1.2744  1.27469 1.27447 1.27434 1.27461
 1.27493 1.27466 1.27452 1.27365 1.27438 1.27485 1.27516 1.27533 1.27571
 1.2753  1.27517 1.27585 1.27611 1.27616 1.27588 1.2756  1.27582 1.27623
 1.27663 1.27678 1.27663 1.2766  1.27637 1.27649 1.27615 1.2759  1.27588
 1.27626 1.27624 1.27619 1.27603 1.27599 1.27635 1.27654 1.27654 1.27699
 1.2767 ]