[1.49007 1.48975 1.4903  1.49055 1.49111 1.49154 1.49224 1.49146 1.49199
 1.49216 1.49204 1.49221 1.49184 1.49249 1.49283 1.49311 1.49357 1.4925
 1.49215 1.49208 1.49271 1.49396 1.49322 1.49222 1.49216 1.49279 1.49356
 1.49389 1.49328 1.49359 1.49383 1.49414 1.4938  1.49395 1.49352 1.49363
 1.49374 1.49477 1.49477 1.49459 1.49487 1.49367 1.49369 1.49348 1.49436
 1.49315 1.49227 1.49196 1.492   1.49154 1.49134 1.48988 1.48993 1.48983
 1.49043 1.4901  1.49075 1.49071 1.49097 1.49025 1.49023 1.48975 1.48894
 1.48934 1.48864 1.48749 1.48647 1.48612 1.48648 1.48586 1.48453 1.48423
 1.48365 1.48347 1.48339 1.48241 1.48252 1.48274 1.48237 1.48104 1.48148
 1.48082 1.48182 1.48114 1.48012 1.48024 1.47951 1.4777  1.47706 1.47599
 1.47587 1.47494 1.47552 1.475   1.47403 1.47341 1.47193 1.47118 1.47144
 1.47147][1.42805 1.42811 1.42846 1.42858 1.42835 1.4282  1.42838 1.42883 1.42897
 1.42873 1.42897 1.42888 1.42835 1.42905 1.42964 1.43108 1.43164 1.43256
 1.4326  1.43171 1.43138 1.43103 1.43088 1.43036 1.42956 1.42918 1.42919
 1.42792 1.4274  1.42668 1.42622 1.42582 1.42553 1.42537 1.42503 1.42443
 1.42381 1.42445 1.4249  1.42434 1.42425 1.42442 1.42405 1.4236  1.42285
 1.4222  1.42145 1.42116 1.42141 1.42194 1.4216  1.42076 1.42104 1.42092
 1.42062 1.41995 1.41914 1.41852 1.41791 1.41831 1.4183  1.4183  1.41783
 1.41697 1.4166  1.41609 1.41597 1.41668 1.41617 1.41559 1.41506 1.41489
 1.41491 1.41522 1.41433 1.41404 1.41411 1.4134  1.41259 1.41229 1.41273
 1.41224 1.4118  1.41282 1.41297 1.41227 1.41216 1.41307 1.41242 1.41208
 1.41176 1.41166 1.41049 1.41021 1.40965 1.40941 1.40935 1.40849 1.40786
 1.40743][1.50211 1.50242 1.50204 1.5024  1.50241 1.50272 1.50316 1.50315 1.50393
 1.50357 1.50372 1.50341 1.50374 1.50504 1.50519 1.50644 1.50626 1.50611
 1.5066  1.50779 1.50855 1.50897 1.50944 1.50914 1.50951 1.50863 1.50956
 1.50965 1.50946 1.51144 1.51143 1.51168 1.51154 1.51082 1.50998 1.50888
 1.50905 1.5092  1.50901 1.50844 1.50677 1.50762 1.5083  1.50736 1.50792
 1.50807 1.50756 1.50616 1.5061  1.50599 1.50454 1.50442 1.50456 1.50375
 1.50243 1.50224 1.50213 1.50186 1.50148 1.50115 1.50048 1.49955 1.49875
 1.49913 1.49847 1.49792 1.49679 1.49658 1.49571 1.49586 1.49605 1.49548
 1.49493 1.49405 1.49325 1.49303 1.49251 1.49231 1.49225 1.49228 1.49129
 1.4906  1.49003 1.49057 1.48914 1.48873 1.48839 1.48861 1.48873 1.48917
 1.48859 1.4874  1.48704 1.486   1.48547 1.48457 1.48439 1.4834  1.48261
 1.48269][1.56471 1.56466 1.56487 1.56548 1.56557 1.56591 1.56575 1.56554 1.56605
 1.56672 1.56716 1.56701 1.56778 1.56779 1.56769 1.56758 1.5686  1.56911
 1.56905 1.56856 1.56943 1.56935 1.56978 1.57004 1.57105 1.57091 1.57033
 1.57063 1.56983 1.56958 1.57023 1.57053 1.57157 1.57226 1.5728  1.57314
 1.57323 1.57374 1.57423 1.57386 1.57422 1.57357 1.57265 1.57347 1.57389
 1.5732  1.5724  1.57174 1.5708  1.56991 1.57008 1.56971 1.56966 1.56905
 1.56695 1.56658 1.56562 1.56666 1.56683 1.56591 1.56473 1.56462 1.56404
 1.5642  1.5641  1.56407 1.56417 1.56344 1.56375 1.56351 1.56274 1.56247
 1.56218 1.56237 1.56195 1.56287 1.56263 1.56168 1.56202 1.56195 1.5621
 1.56225 1.56256 1.56244 1.56213 1.56216 1.56154 1.56022 1.55957 1.55858
 1.55932 1.55846 1.55809 1.55727 1.55654 1.5565  1.55559 1.55543 1.55664
 1.5558 ][1.58807 1.58868 1.58815 1.58833 1.58806 1.58813 1.58859 1.58821 1.58789
 1.58951 1.58963 1.59057 1.59105 1.59238 1.59221 1.59222 1.5918  1.59171
 1.5919  1.59129 1.59052 1.5916  1.5929  1.5936  1.59391 1.59382 1.59321
 1.59362 1.59386 1.59408 1.59339 1.59443 1.59465 1.59528 1.59582 1.59579
 1.597   1.59692 1.59707 1.5984  1.60029 1.60161 1.6018  1.60172 1.60192
 1.60194 1.60224 1.60267 1.60429 1.60422 1.6031  1.60204 1.60186 1.60194
 1.59985 1.59966 1.59855 1.59779 1.59725 1.59617 1.59505 1.59447 1.59306
 1.59248 1.59137 1.59146 1.5903  1.59009 1.59083 1.59129 1.59154 1.59045
 1.59044 1.58992 1.5897  1.58944 1.58852 1.58799 1.5871  1.5865  1.5866
 1.58577 1.58529 1.58605 1.58609 1.58588 1.58558 1.5861  1.58528 1.58415
 1.58487 1.58414 1.58395 1.58414 1.5837  1.58401 1.583   1.58282 1.58282
 1.58188][1.66047 1.66048 1.66058 1.66095 1.6609  1.66194 1.66161 1.66246 1.66277
 1.66287 1.66354 1.66416 1.6635  1.66378 1.66412 1.66421 1.6648  1.66447
 1.66415 1.66487 1.66501 1.66526 1.66539 1.6657  1.6668  1.6668  1.66688
 1.66755 1.66881 1.66941 1.66885 1.66762 1.66861 1.66924 1.6685  1.66783
 1.66824 1.66796 1.67004 1.67049 1.67067 1.67158 1.67199 1.67145 1.67089
 1.66981 1.67067 1.67258 1.67249 1.67366 1.67358 1.67552 1.67593 1.67764
 1.67734 1.67727 1.67703 1.67752 1.67907 1.67811 1.67755 1.67757 1.67767
 1.67692 1.67574 1.67616 1.6751  1.67474 1.67541 1.67624 1.67534 1.67466
 1.67277 1.67259 1.6719  1.67013 1.66981 1.67039 1.66901 1.66886 1.66839
 1.66857 1.6684  1.66756 1.66674 1.66768 1.66714 1.66835 1.66665 1.66727
 1.6667  1.66805 1.66721 1.66734 1.6677  1.66849 1.66748 1.66705 1.6653
 1.66448][1.71939 1.71938 1.71952 1.71953 1.71888 1.71952 1.72007 1.71933 1.71956
 1.71987 1.71905 1.71874 1.71876 1.71852 1.71828 1.71889 1.71874 1.7196
 1.72094 1.72076 1.72023 1.72075 1.72142 1.72238 1.72326 1.72354 1.72334
 1.72415 1.72397 1.72415 1.72434 1.72511 1.72587 1.72661 1.7275  1.72835
 1.72965 1.73052 1.72994 1.73143 1.73333 1.73373 1.73493 1.73421 1.73373
 1.73499 1.73617 1.73655 1.73849 1.73754 1.73746 1.73994 1.74094 1.74259
 1.74407 1.74372 1.7448  1.74505 1.74587 1.74635 1.74661 1.74748 1.74857
 1.74864 1.74893 1.74943 1.7509  1.7523  1.75306 1.7533  1.75179 1.75197
 1.75153 1.75185 1.75104 1.75044 1.75025 1.7491  1.7482  1.74742 1.7476
 1.746   1.74487 1.74492 1.74411 1.74381 1.74197 1.74082 1.74041 1.73957
 1.73836 1.73768 1.73781 1.73731 1.73683 1.73708 1.73676 1.73662 1.73679
 1.73681][1.80293 1.80381 1.8033  1.80276 1.80241 1.80293 1.80343 1.804   1.80516
 1.8065  1.80606 1.8057  1.80526 1.80453 1.80492 1.80574 1.80602 1.80699
 1.80657 1.80805 1.80796 1.80802 1.80888 1.81059 1.81088 1.81061 1.81098
 1.81212 1.81166 1.81369 1.81283 1.81389 1.81538 1.81567 1.81595 1.81551
 1.81734 1.81801 1.81921 1.81861 1.8188  1.81993 1.82009 1.82112 1.82331
 1.82429 1.82503 1.82477 1.82533 1.82639 1.82739 1.8287  1.83075 1.83086
 1.82968 1.83005 1.83087 1.83208 1.83313 1.83265 1.83328 1.83285 1.83325
 1.83302 1.83397 1.8345  1.83462 1.83423 1.83494 1.83518 1.83624 1.83925
 1.84202 1.84095 1.84231 1.8426  1.84348 1.84393 1.84373 1.84457 1.84241
 1.84024 1.83897 1.83847 1.8363  1.8346  1.83495 1.8338  1.83501 1.83464
 1.83407 1.83321 1.83396 1.8319  1.82973 1.8282  1.82743 1.82668 1.82597
 1.82476][1.89191 1.89186 1.89239 1.89295 1.89201 1.89291 1.89493 1.89488 1.8946
 1.89404 1.89525 1.89593 1.89653 1.89629 1.89559 1.89666 1.89682 1.89723
 1.89852 1.8998  1.9014  1.90185 1.90247 1.90302 1.90336 1.90461 1.90546
 1.90629 1.90536 1.9061  1.90769 1.90821 1.90871 1.90988 1.91058 1.9109
 1.90995 1.91009 1.91049 1.91048 1.91054 1.91101 1.9112  1.91125 1.91262
 1.91301 1.91313 1.9132  1.91377 1.91513 1.91573 1.91665 1.91523 1.91674
 1.91739 1.91899 1.91909 1.91911 1.91812 1.91891 1.91876 1.91913 1.92032
 1.92142 1.92158 1.92207 1.9227  1.92351 1.92408 1.92455 1.92439 1.92489
 1.9253  1.9245  1.92504 1.92531 1.9251  1.92553 1.92673 1.92728 1.92812
 1.92754 1.92823 1.92862 1.92974 1.9309  1.93271 1.93297 1.93444 1.93594
 1.93599 1.93623 1.93742 1.93756 1.93623 1.93425 1.93288 1.93125 1.93119
 1.9308 ][1.8844  1.88412 1.88443 1.8843  1.88354 1.88389 1.8838  1.88356 1.88324
 1.88398 1.88455 1.88575 1.88628 1.88626 1.88622 1.88796 1.88815 1.88878
 1.88898 1.88968 1.89022 1.8904  1.89075 1.89056 1.89237 1.89406 1.89425
 1.89461 1.89599 1.89629 1.89652 1.89602 1.89508 1.89578 1.89739 1.89744
 1.89733 1.89837 1.89803 1.89925 1.89992 1.90161 1.90316 1.90372 1.904
 1.90414 1.90429 1.90593 1.90682 1.90782 1.90771 1.90812 1.91063 1.91073
 1.9117  1.9131  1.91388 1.91428 1.91399 1.91498 1.91672 1.91892 1.91787
 1.91809 1.91965 1.91915 1.91899 1.9218  1.92078 1.91979 1.92021 1.9214
 1.9223  1.9236  1.92353 1.9239  1.92477 1.92515 1.92486 1.92456 1.92571
 1.92529 1.92433 1.92439 1.9255  1.9251  1.9264  1.92752 1.9288  1.92816
 1.92929 1.9293  1.92938 1.93142 1.93089 1.93065 1.93118 1.93149 1.93309
 1.93337]