[3.28578 3.2852  3.28494 3.28499 3.28458 3.28416 3.28387 3.28459 3.28597
 3.28818 3.28579 3.2872  3.28663 3.28563 3.28648 3.28389 3.28261 3.27929
 3.27758 3.27628 3.27341 3.27725 3.27277 3.27356 3.27407 3.2752  3.27228
 3.2698  3.26763 3.26565 3.26586 3.26469 3.26588 3.26475 3.26407 3.26756
 3.26843 3.267   3.2681  3.26733 3.26757 3.26714 3.26647 3.26721 3.2664
 3.2625  3.25949 3.25556 3.25578 3.25378 3.25271 3.25209 3.2489  3.24801
 3.24607 3.24355 3.24216 3.24175 3.23995 3.23511 3.23299 3.22913 3.22951
 3.22985 3.22765 3.22566 3.22294 3.22031 3.21971 3.21725 3.21529 3.21298
 3.20899 3.20706 3.20605 3.2061  3.20886 3.20696 3.20601 3.20594 3.20463
 3.20202 3.2     3.20154 3.20082 3.19421 3.18934 3.18546 3.18365 3.18038
 3.18191 3.17787 3.17276 3.16677 3.16657 3.16612 3.16462 3.1653  3.16242
 3.15936][5.77295 5.77516 5.77685 5.77718 5.78069 5.78394 5.78751 5.78822 5.7874
 5.79062 5.7954  5.80125 5.80083 5.7956  5.80314 5.80353 5.80629 5.81375
 5.82268 5.82782 5.82276 5.82211 5.82182 5.81795 5.81793 5.81452 5.81012
 5.80558 5.81151 5.80627 5.80872 5.80391 5.80039 5.7969  5.79201 5.79527
 5.79864 5.801   5.79814 5.79581 5.78926 5.7897  5.78556 5.78884 5.78443
 5.78581 5.78452 5.78228 5.77553 5.7722  5.76595 5.76356 5.75527 5.74528
 5.74439 5.73994 5.73926 5.73131 5.72892 5.72952 5.72673 5.72086 5.7142
 5.71013 5.71255 5.70389 5.70073 5.69689 5.68916 5.68905 5.68974 5.69005
 5.68741 5.68444 5.68428 5.6811  5.67499 5.66919 5.66196 5.66894 5.66214
 5.65476 5.65352 5.65309 5.64749 5.64597 5.64446 5.65212 5.64135 5.63877
 5.64648 5.64775 5.6422  5.62778 5.62449 5.61153 5.60791 5.59877 5.59959
 5.60026][5.70014 5.70103 5.70208 5.70117 5.70369 5.70128 5.70255 5.7042  5.70433
 5.70708 5.70751 5.70865 5.708   5.70806 5.70654 5.70864 5.71225 5.71614
 5.71664 5.72232 5.72267 5.72645 5.72732 5.73377 5.73714 5.74283 5.74684
 5.74937 5.75248 5.75207 5.75049 5.74727 5.7475  5.74292 5.74115 5.74215
 5.7342  5.72943 5.72993 5.7239  5.71172 5.70362 5.70573 5.70143 5.70452
 5.69883 5.70032 5.69503 5.69214 5.68989 5.68279 5.67572 5.6776  5.67529
 5.67758 5.67612 5.67358 5.6777  5.67324 5.67602 5.67655 5.6791  5.67434
 5.67095 5.66848 5.65991 5.65605 5.65093 5.64314 5.63386 5.63435 5.63164
 5.63244 5.62876 5.62217 5.61851 5.61328 5.61735 5.61018 5.59882 5.59936
 5.59599 5.59622 5.58879 5.57655 5.57254 5.57388 5.5742  5.57707 5.57502
 5.57976 5.58051 5.57641 5.57379 5.56809 5.56103 5.55924 5.55223 5.55194
 5.54238][7.21906 7.221   7.2239  7.22536 7.22168 7.22053 7.22    7.21559 7.21894
 7.22472 7.22823 7.23232 7.23562 7.23951 7.24436 7.24856 7.24961 7.24931
 7.25038 7.25232 7.25449 7.26312 7.26948 7.27297 7.27444 7.28046 7.28891
 7.29558 7.30065 7.30828 7.312   7.32234 7.32622 7.33275 7.34863 7.35456
 7.36985 7.37885 7.38135 7.38772 7.38353 7.37609 7.36843 7.36107 7.35398
 7.35453 7.35681 7.35228 7.33923 7.33435 7.33529 7.33143 7.33017 7.33308
 7.32683 7.32474 7.32348 7.32658 7.32649 7.32399 7.32824 7.31052 7.30739
 7.31211 7.30478 7.29888 7.30123 7.29274 7.27982 7.27043 7.25896 7.26062
 7.2487  7.23927 7.24471 7.24698 7.23619 7.23476 7.22078 7.22373 7.22325
 7.21813 7.21951 7.21443 7.20527 7.20027 7.19706 7.1962  7.20013 7.19692
 7.20138 7.19506 7.18974 7.18042 7.17186 7.16215 7.1572  7.14052 7.13885
 7.13533][7.50205 7.50457 7.50475 7.50963 7.50987 7.50976 7.51294 7.52187 7.52343
 7.52547 7.52811 7.53384 7.53826 7.5423  7.54542 7.54945 7.54771 7.55317
 7.55748 7.55891 7.56406 7.57071 7.57678 7.58171 7.58548 7.58356 7.58218
 7.58472 7.58736 7.58952 7.60056 7.60546 7.60818 7.60602 7.61269 7.6159
 7.61987 7.621   7.62553 7.63515 7.64308 7.64491 7.65237 7.65241 7.66052
 7.66901 7.66386 7.6739  7.67788 7.68929 7.68999 7.69372 7.69358 7.68707
 7.68809 7.68975 7.66768 7.65787 7.65289 7.64813 7.635   7.64413 7.65211
 7.64273 7.63231 7.62948 7.62455 7.62042 7.62812 7.62328 7.6252  7.61942
 7.61432 7.61418 7.60395 7.59922 7.58741 7.58899 7.58574 7.57667 7.56289
 7.5575  7.55485 7.54789 7.53887 7.53516 7.5343  7.52842 7.51124 7.49519
 7.49824 7.49261 7.48153 7.47476 7.47154 7.47956 7.46857 7.46121 7.45586
 7.45413][12.25485 12.25871 12.26457 12.2733  12.28159 12.29488 12.30315 12.31584
 12.32094 12.33034 12.3286  12.33009 12.35027 12.37104 12.3859  12.40421
 12.43209 12.45768 12.46932 12.47719 12.48895 12.49505 12.51646 12.55037
 12.56066 12.5764  12.60766 12.60682 12.61303 12.633   12.66055 12.67819
 12.71082 12.74052 12.75999 12.78524 12.79229 12.82286 12.84389 12.8638
 12.87097 12.89572 12.91897 12.92788 12.94403 12.96234 12.98388 12.99472
 13.00645 13.0374  13.05592 13.07152 13.09282 13.10408 13.12615 13.14924
 13.17557 13.19495 13.20059 13.22507 13.22762 13.22898 13.25204 13.24645
 13.25623 13.24322 13.25465 13.25247 13.25399 13.22856 13.22892 13.22172
 13.2175  13.20659 13.20787 13.19883 13.2033  13.20458 13.19525 13.17332
 13.17797 13.16664 13.17181 13.19743 13.19346 13.20533 13.22018 13.20017
 13.22154 13.24399 13.22593 13.20837 13.22547 13.21697 13.22629 13.21756
 13.2294  13.22063 13.23235 13.22977][8.0752  8.0775  8.07812 8.07673 8.07883 8.08102 8.07881 8.07561 8.07105
 8.07077 8.07443 8.07511 8.08039 8.08103 8.07631 8.08359 8.08991 8.09281
 8.10007 8.10163 8.10303 8.10743 8.11254 8.11548 8.11833 8.12005 8.1282
 8.1345  8.13341 8.13755 8.13669 8.14227 8.14502 8.15586 8.15682 8.16448
 8.16743 8.16333 8.16531 8.17548 8.17932 8.1854  8.19478 8.20098 8.20156
 8.21046 8.21233 8.23158 8.24106 8.25543 8.26189 8.26499 8.26427 8.27744
 8.28517 8.29012 8.29931 8.3088  8.31525 8.32507 8.32494 8.33202 8.33422
 8.34376 8.3552  8.36488 8.37186 8.37942 8.40064 8.40394 8.39612 8.3895
 8.38542 8.38055 8.38428 8.38248 8.39046 8.38547 8.3837  8.37917 8.36177
 8.36235 8.35954 8.33961 8.33977 8.33219 8.33901 8.3305  8.31649 8.31211
 8.31215 8.316   8.2922  8.2975  8.28371 8.27354 8.27162 8.27456 8.27227
 8.27429][9.2007  9.20119 9.20473 9.20866 9.21176 9.21471 9.21159 9.21283 9.21417
 9.21164 9.22347 9.22879 9.22836 9.22507 9.22478 9.23149 9.23801 9.23949
 9.24433 9.24872 9.24352 9.24211 9.23325 9.2424  9.2518  9.2514  9.25551
 9.25788 9.26324 9.26879 9.27024 9.26886 9.27934 9.2748  9.27408 9.28957
 9.28752 9.29581 9.30211 9.31555 9.32156 9.33214 9.34723 9.35022 9.3505
 9.35137 9.35651 9.36403 9.35862 9.37063 9.37639 9.37776 9.37616 9.3885
 9.39605 9.39618 9.40013 9.40067 9.4099  9.41616 9.41616 9.42238 9.42876
 9.42151 9.4271  9.42321 9.43183 9.43999 9.44983 9.45913 9.46734 9.46983
 9.47138 9.47797 9.47523 9.48102 9.47551 9.47318 9.46546 9.4668  9.46954
 9.45877 9.44023 9.42262 9.4259  9.41248 9.38583 9.37667 9.35591 9.33373
 9.33476 9.3245  9.33407 9.32029 9.32194 9.31007 9.30566 9.2899  9.2693
 9.24855][12.72998 12.73276 12.7316  12.73962 12.7431  12.75079 12.7694  12.78083
 12.78054 12.78759 12.78013 12.77537 12.78656 12.79474 12.79442 12.79139
 12.80537 12.81347 12.83846 12.8414  12.85298 12.85532 12.85309 12.86665
 12.87338 12.88418 12.88458 12.88824 12.89494 12.89582 12.91741 12.92862
 12.93685 12.96425 12.97647 12.98639 12.99611 13.02341 13.01076 13.01822
 13.04786 13.06221 13.09636 13.12025 13.13242 13.14676 13.16049 13.17135
 13.19173 13.20595 13.20931 13.22678 13.21508 13.24433 13.27384 13.28461
 13.29739 13.31103 13.32159 13.33983 13.36139 13.38406 13.40144 13.44262
 13.44229 13.47439 13.48086 13.50522 13.5138  13.53953 13.54908 13.54633
 13.56717 13.57198 13.58052 13.58726 13.61149 13.64384 13.6567  13.68479
 13.70251 13.72406 13.71805 13.73124 13.74705 13.75682 13.76195 13.77144
 13.81291 13.82903 13.80108 13.78826 13.79313 13.77078 13.74715 13.72667
 13.71963 13.71838 13.72316 13.70254][14.86328 14.86813 14.87298 14.87565 14.88742 14.90554 14.91157 14.91917
 14.92228 14.92487 14.9236  14.93184 14.93255 14.93795 14.93536 14.94772
 14.9465  14.95288 14.96045 14.96981 14.98195 15.00179 15.00642 15.01593
 15.0325  15.0442  15.05091 15.05066 15.0551  15.07741 15.10494 15.1138
 15.1324  15.14621 15.15254 15.18071 15.15825 15.18882 15.21198 15.2181
 15.24153 15.24544 15.27626 15.29963 15.31301 15.34188 15.35083 15.35881
 15.3578  15.36368 15.38458 15.41116 15.4192  15.42875 15.43714 15.45168
 15.47445 15.48422 15.49632 15.51015 15.52527 15.52935 15.54424 15.56908
 15.55743 15.57567 15.57639 15.57869 15.60914 15.63546 15.65167 15.65528
 15.66124 15.66418 15.66998 15.6673  15.66998 15.69144 15.67467 15.6937
 15.72552 15.74824 15.77537 15.7952  15.80181 15.815   15.83035 15.86271
 15.88285 15.9127  15.93237 15.96046 15.97665 15.98869 16.02162 16.03154
 16.03799 16.04351 16.07699 16.08108]