[1.41661 1.41664 1.41666 1.41669 1.4167  1.4167  1.41667 1.41669 1.41669
 1.41667 1.41663 1.41664 1.41664 1.41666 1.41665 1.41667 1.41669 1.41669
 1.41667 1.41669 1.41667 1.41666 1.41663 1.41667 1.4167  1.41668 1.41661
 1.41663 1.41666 1.41665 1.41661 1.41661 1.41661 1.41657 1.41652 1.4165
 1.41653 1.41654 1.41651 1.41651 1.41648 1.41651 1.4165  1.41649 1.4165
 1.41652 1.41649 1.41653 1.41654 1.41651 1.41652 1.41657 1.41653 1.41655
 1.41655 1.41655 1.4165  1.41647 1.41646 1.41645 1.41643 1.41645 1.41643
 1.41643 1.41642 1.41642 1.41637 1.41632 1.41627 1.41621 1.41622 1.41618
 1.41617 1.41611 1.41608 1.41611 1.41612 1.41616 1.41616 1.41614 1.4161
 1.41611 1.41614 1.41617 1.41623 1.41623 1.41625 1.41623 1.41622 1.41627
 1.41621 1.4162  1.4162  1.41619 1.41616 1.41609 1.41607 1.41602 1.416
 1.41601][1.45156 1.45156 1.45153 1.45153 1.45149 1.45154 1.45155 1.45155 1.45155
 1.45155 1.45153 1.45152 1.45154 1.45152 1.4515  1.45149 1.4515  1.45153
 1.45153 1.45152 1.45157 1.4516  1.45159 1.4516  1.45163 1.45167 1.45168
 1.45168 1.45167 1.45165 1.45165 1.45161 1.45156 1.45152 1.45155 1.45153
 1.45156 1.45154 1.45148 1.45154 1.45152 1.45153 1.45157 1.45151 1.45148
 1.45147 1.45144 1.45141 1.4514  1.45141 1.45138 1.45138 1.45137 1.45134
 1.45129 1.45129 1.45133 1.45134 1.4514  1.45138 1.45138 1.45138 1.45141
 1.45146 1.45144 1.45143 1.45137 1.45136 1.45139 1.4514  1.45136 1.45133
 1.45134 1.45134 1.45132 1.45133 1.45129 1.45127 1.45128 1.45135 1.45132
 1.45136 1.45137 1.45135 1.45131 1.45135 1.45133 1.45128 1.4513  1.45126
 1.45126 1.45125 1.45124 1.45123 1.45124 1.45123 1.45122 1.45123 1.45124
 1.45128][1.45246 1.45247 1.45251 1.45255 1.45259 1.45256 1.45261 1.45262 1.45266
 1.45266 1.45271 1.45271 1.4527  1.45272 1.45277 1.45281 1.45284 1.45285
 1.45287 1.45291 1.45289 1.45291 1.45289 1.4529  1.45292 1.45293 1.45288
 1.45281 1.4528  1.45282 1.45286 1.45281 1.45284 1.45286 1.45282 1.45282
 1.45283 1.45281 1.45285 1.45288 1.45291 1.45297 1.45299 1.45294 1.45293
 1.45292 1.45292 1.45292 1.45289 1.45289 1.45292 1.45287 1.45286 1.45285
 1.45288 1.45285 1.45286 1.45292 1.45296 1.45296 1.45295 1.45291 1.45291
 1.45293 1.45291 1.45291 1.45292 1.45287 1.45286 1.45284 1.45281 1.45279
 1.45272 1.45269 1.45271 1.45269 1.45264 1.45259 1.45259 1.4526  1.4526
 1.45258 1.45255 1.45249 1.45249 1.45254 1.45256 1.45257 1.45251 1.45252
 1.45251 1.45252 1.45251 1.45244 1.45247 1.45247 1.45248 1.45243 1.45242
 1.45239][1.46079 1.4608  1.46079 1.46078 1.46077 1.46078 1.46077 1.46078 1.46081
 1.46083 1.46086 1.46083 1.46085 1.46083 1.46082 1.46083 1.46082 1.46085
 1.46089 1.46085 1.46083 1.46081 1.4608  1.46074 1.46075 1.46072 1.46074
 1.46075 1.46072 1.46075 1.46078 1.4608  1.46081 1.46083 1.46083 1.46084
 1.46091 1.46093 1.46088 1.46084 1.46082 1.46078 1.46077 1.46079 1.4608
 1.46081 1.4608  1.46072 1.46069 1.46066 1.46059 1.46061 1.4606  1.46062
 1.46065 1.46062 1.46064 1.46062 1.46062 1.46065 1.46068 1.46066 1.46067
 1.46063 1.46064 1.46068 1.46066 1.46063 1.46066 1.46068 1.46068 1.46065
 1.46065 1.46062 1.46063 1.4606  1.46059 1.46056 1.46051 1.4605  1.46051
 1.46045 1.46042 1.46043 1.46037 1.46033 1.4603  1.4603  1.4603  1.46027
 1.46028 1.46029 1.4603  1.46027 1.46031 1.46029 1.46029 1.46032 1.46031
 1.46031][1.39378 1.39375 1.39375 1.39376 1.39372 1.39376 1.39382 1.39385 1.39384
 1.39384 1.39385 1.39393 1.39392 1.39392 1.39386 1.39384 1.39384 1.39382
 1.3938  1.39384 1.39387 1.39388 1.39393 1.39394 1.39392 1.39393 1.39393
 1.39391 1.3939  1.39394 1.39394 1.39397 1.39397 1.394   1.39399 1.39399
 1.39404 1.39406 1.39407 1.39409 1.3941  1.39408 1.39406 1.39408 1.39405
 1.39407 1.39405 1.39405 1.39402 1.39403 1.39403 1.39402 1.39401 1.39395
 1.3939  1.39383 1.39384 1.39384 1.39383 1.39382 1.39389 1.39389 1.39389
 1.39387 1.39388 1.39387 1.3938  1.39375 1.39371 1.39371 1.39365 1.39362
 1.39367 1.39366 1.39359 1.39358 1.39357 1.39356 1.39358 1.39356 1.39359
 1.39363 1.39362 1.3936  1.39358 1.39354 1.39351 1.39348 1.39344 1.39342
 1.39341 1.39344 1.39342 1.39344 1.39348 1.3935  1.39349 1.39354 1.39355
 1.39355][1.43763 1.43767 1.43767 1.43766 1.43767 1.43769 1.4377  1.43772 1.43771
 1.43771 1.43771 1.43775 1.43773 1.43772 1.43769 1.43768 1.43768 1.43772
 1.43774 1.43773 1.43769 1.43768 1.43764 1.43764 1.43769 1.43771 1.43773
 1.43773 1.43773 1.43773 1.43775 1.4377  1.4377  1.43771 1.43766 1.43768
 1.43769 1.43769 1.4377  1.43769 1.4377  1.43775 1.43777 1.43782 1.43783
 1.43782 1.43786 1.43788 1.43785 1.43787 1.43787 1.43789 1.43788 1.43787
 1.43789 1.43792 1.43792 1.43792 1.43799 1.43801 1.43793 1.43788 1.43786
 1.43786 1.43787 1.43786 1.43786 1.43788 1.43788 1.43785 1.43782 1.4378
 1.43777 1.4378  1.43779 1.43781 1.43782 1.43783 1.43782 1.43783 1.43784
 1.43781 1.43783 1.43786 1.43782 1.43782 1.43781 1.43785 1.43783 1.43782
 1.43783 1.43785 1.43784 1.43781 1.43785 1.43781 1.43784 1.43786 1.43785
 1.43783][1.44132 1.44129 1.44129 1.44129 1.44132 1.44135 1.44134 1.44134 1.44134
 1.44135 1.44136 1.44139 1.44143 1.44142 1.4414  1.44141 1.44141 1.44141
 1.44144 1.44142 1.44146 1.44146 1.44144 1.44146 1.44149 1.4415  1.44155
 1.4416  1.44159 1.44161 1.44166 1.44166 1.44167 1.44171 1.4417  1.44167
 1.44163 1.44165 1.44165 1.44167 1.44166 1.44167 1.44166 1.44163 1.44161
 1.44159 1.44159 1.44155 1.44153 1.44149 1.44147 1.44148 1.44147 1.44147
 1.44151 1.44153 1.44154 1.44154 1.44153 1.44154 1.44157 1.44149 1.44145
 1.44146 1.44145 1.44145 1.44145 1.44144 1.44146 1.44144 1.44139 1.44139
 1.44139 1.44139 1.44141 1.44143 1.4414  1.44135 1.44134 1.4414  1.4414
 1.44143 1.4414  1.44135 1.44133 1.44131 1.44135 1.44133 1.44129 1.44127
 1.44123 1.4412  1.44118 1.44123 1.44122 1.44117 1.44116 1.44115 1.44115
 1.44112][1.41487 1.41487 1.41487 1.41494 1.41493 1.41499 1.41497 1.41497 1.41498
 1.41504 1.41502 1.41503 1.41499 1.41499 1.41496 1.41497 1.41498 1.41503
 1.41504 1.41505 1.41505 1.41507 1.41509 1.4151  1.41509 1.41511 1.41514
 1.41519 1.41518 1.41519 1.41524 1.41518 1.41524 1.41529 1.41527 1.41533
 1.41533 1.41533 1.41531 1.41531 1.41529 1.4153  1.41531 1.41535 1.41536
 1.41537 1.41539 1.41538 1.41539 1.41537 1.41541 1.41544 1.41541 1.41541
 1.41542 1.41547 1.41549 1.41551 1.41552 1.41554 1.41557 1.41561 1.41557
 1.41557 1.41555 1.41555 1.41556 1.41553 1.41547 1.41549 1.41548 1.41551
 1.41556 1.41551 1.41545 1.41543 1.41537 1.41531 1.41533 1.41535 1.41531
 1.41529 1.41525 1.4152  1.41522 1.41519 1.41518 1.41518 1.4151  1.41511
 1.41508 1.41505 1.41504 1.41499 1.41497 1.415   1.41504 1.41504 1.41506
 1.41502][1.43949 1.43956 1.43959 1.43964 1.43963 1.43964 1.43963 1.43966 1.43971
 1.43976 1.43983 1.43983 1.43983 1.43987 1.43989 1.43991 1.43996 1.43995
 1.43999 1.44003 1.44006 1.44011 1.44011 1.44016 1.44016 1.44014 1.44012
 1.44015 1.44015 1.44018 1.4402  1.44018 1.44021 1.44021 1.44023 1.44019
 1.44024 1.44024 1.44025 1.44025 1.44026 1.44024 1.44023 1.44022 1.44026
 1.44024 1.44028 1.44031 1.44027 1.44029 1.44034 1.44037 1.44039 1.44038
 1.4404  1.44044 1.44052 1.44053 1.44056 1.44057 1.44054 1.44049 1.4405
 1.44051 1.44051 1.44056 1.44052 1.44054 1.44056 1.44056 1.44058 1.44052
 1.44056 1.44055 1.44046 1.4405  1.44047 1.44052 1.44056 1.44056 1.4405
 1.44052 1.44053 1.44047 1.44048 1.44048 1.44041 1.44036 1.44036 1.44034
 1.44033 1.44037 1.44036 1.44031 1.44032 1.4403  1.44025 1.44018 1.44015
 1.44017][1.41863 1.4187  1.4187  1.4187  1.41878 1.41878 1.4188  1.41887 1.41887
 1.41887 1.41889 1.41892 1.41895 1.41897 1.41899 1.41896 1.41901 1.41897
 1.419   1.41902 1.41899 1.41896 1.41899 1.419   1.41903 1.41903 1.41904
 1.41909 1.41912 1.41916 1.4192  1.41917 1.41917 1.41915 1.41914 1.4191
 1.41911 1.41909 1.41912 1.41916 1.41917 1.41919 1.4192  1.41922 1.41924
 1.41925 1.41927 1.41931 1.41931 1.41928 1.41927 1.41931 1.41929 1.41933
 1.41936 1.41936 1.41936 1.41936 1.41936 1.41939 1.41936 1.41938 1.41938
 1.41938 1.4194  1.41939 1.41938 1.41937 1.41943 1.41944 1.41951 1.41954
 1.41954 1.41955 1.41957 1.41956 1.41951 1.41954 1.41952 1.41955 1.41953
 1.41954 1.41958 1.41963 1.41962 1.41963 1.41962 1.41965 1.41968 1.41967
 1.41968 1.41969 1.41964 1.41965 1.41967 1.41964 1.41962 1.41961 1.41959
 1.41958]