[1.26634 1.26648 1.26607 1.2659  1.2663  1.26684 1.26691 1.2674  1.26735
 1.26689 1.26655 1.26684 1.26663 1.26655 1.26677 1.26663 1.26649 1.26674
 1.26609 1.26627 1.26628 1.26614 1.26568 1.26531 1.26597 1.26599 1.26568
 1.26515 1.26524 1.26491 1.26507 1.26619 1.26621 1.26611 1.26564 1.26564
 1.26538 1.26554 1.26532 1.26506 1.26445 1.26416 1.26453 1.26435 1.26402
 1.26343 1.26313 1.26259 1.26268 1.26324 1.26314 1.26254 1.26179 1.26117
 1.26119 1.26113 1.26151 1.26147 1.26076 1.26062 1.26043 1.26076 1.26087
 1.26067 1.26028 1.26048 1.26011 1.25946 1.25881 1.25817 1.25796 1.25788
 1.25724 1.25691 1.25686 1.2559  1.25642 1.25651 1.25624 1.25579 1.25655
 1.25579 1.25487 1.25456 1.25431 1.25417 1.25425 1.25386 1.25411 1.25347
 1.25394 1.25364 1.25356 1.25279 1.25238 1.2533  1.25267 1.25237 1.25243
 1.25223][1.26074 1.26039 1.2605  1.26016 1.2603  1.26055 1.26092 1.26157 1.26175
 1.2626  1.26365 1.2638  1.26402 1.26472 1.26521 1.26545 1.26509 1.26547
 1.26563 1.2656  1.26539 1.26407 1.26388 1.26326 1.26308 1.26212 1.2617
 1.26122 1.26066 1.26084 1.26087 1.2606  1.2606  1.26009 1.25955 1.2592
 1.25888 1.25838 1.25843 1.25836 1.25822 1.25815 1.25773 1.25738 1.25757
 1.25804 1.25855 1.2583  1.25841 1.25799 1.25789 1.25787 1.25801 1.25731
 1.25708 1.25661 1.25656 1.25595 1.25586 1.25514 1.25527 1.25522 1.25515
 1.2554  1.2541  1.25349 1.25309 1.253   1.25251 1.25266 1.25229 1.25189
 1.25156 1.25069 1.24993 1.2496  1.24917 1.24934 1.24945 1.24908 1.24872
 1.24859 1.24822 1.24783 1.24747 1.24717 1.24678 1.2461  1.24552 1.24509
 1.24589 1.24513 1.24532 1.2452  1.24557 1.24473 1.24501 1.24482 1.24443
 1.24401][1.31088 1.3104  1.31049 1.31099 1.31129 1.31149 1.31144 1.31195 1.31212
 1.31258 1.31226 1.31281 1.31361 1.31359 1.31411 1.31417 1.31515 1.31565
 1.31598 1.31542 1.31539 1.3157  1.31584 1.31573 1.3158  1.31564 1.31647
 1.31627 1.31608 1.31615 1.31627 1.31643 1.3163  1.3157  1.31614 1.31623
 1.31604 1.31573 1.31621 1.31605 1.31635 1.31655 1.31582 1.31567 1.31461
 1.31444 1.31403 1.31336 1.31291 1.31288 1.31244 1.31248 1.31188 1.31198
 1.31153 1.31132 1.3108  1.30978 1.3102  1.31025 1.30937 1.30898 1.30905
 1.30886 1.30827 1.30852 1.3077  1.30806 1.30804 1.30798 1.3076  1.30698
 1.30605 1.30645 1.30576 1.30589 1.30613 1.30599 1.30525 1.30489 1.30427
 1.30386 1.30365 1.30328 1.30308 1.30202 1.30133 1.30091 1.30143 1.30038
 1.3001  1.30006 1.29992 1.29974 1.29852 1.29831 1.29898 1.29909 1.29935
 1.29885][1.38764 1.38796 1.38816 1.38831 1.38932 1.38923 1.38925 1.38878 1.38939
 1.38921 1.38965 1.38979 1.39105 1.39155 1.39197 1.39287 1.39288 1.39271
 1.39343 1.39445 1.39542 1.39553 1.39596 1.39562 1.39475 1.39472 1.39433
 1.39432 1.39495 1.39544 1.39575 1.39587 1.39743 1.39841 1.39795 1.39845
 1.39847 1.39761 1.39814 1.39888 1.39856 1.39859 1.39796 1.39836 1.39841
 1.39789 1.39771 1.39747 1.39756 1.39864 1.3978  1.39791 1.39681 1.39735
 1.39798 1.39909 1.39842 1.39845 1.39748 1.39803 1.39898 1.39877 1.39858
 1.39821 1.39718 1.3965  1.396   1.39544 1.3952  1.3943  1.39421 1.39352
 1.39317 1.39211 1.39142 1.39135 1.39122 1.39066 1.39084 1.39013 1.39009
 1.3902  1.3903  1.39028 1.39071 1.39097 1.38978 1.38975 1.38904 1.38828
 1.38709 1.38614 1.3862  1.38635 1.38628 1.38595 1.38599 1.38488 1.38486
 1.38534][1.36507 1.36494 1.36499 1.36526 1.36519 1.36482 1.36464 1.36486 1.36555
 1.36664 1.36679 1.36731 1.36762 1.36825 1.36829 1.36857 1.36855 1.36893
 1.36893 1.36907 1.37093 1.37123 1.37094 1.3708  1.37032 1.37109 1.37127
 1.3715  1.37201 1.37247 1.3726  1.37251 1.37291 1.3733  1.37307 1.37364
 1.37403 1.37412 1.37487 1.37487 1.37449 1.37499 1.37579 1.37613 1.37628
 1.37732 1.37842 1.37794 1.37782 1.3784  1.37809 1.3772  1.37693 1.37637
 1.37562 1.37524 1.3745  1.37382 1.37276 1.37156 1.37051 1.37045 1.37029
 1.37121 1.37026 1.36961 1.36901 1.36778 1.36832 1.36789 1.36766 1.36766
 1.36728 1.36642 1.36668 1.36629 1.3657  1.36511 1.36467 1.36364 1.36434
 1.36501 1.36474 1.36389 1.3637  1.36339 1.36246 1.36292 1.36237 1.36265
 1.36322 1.36223 1.36158 1.36147 1.36105 1.3612  1.36123 1.3611  1.3613
 1.36123][1.44944 1.44916 1.44898 1.44883 1.44913 1.44949 1.45014 1.45071 1.45118
 1.4506  1.45025 1.45076 1.45087 1.4514  1.45157 1.45195 1.45297 1.4534
 1.454   1.45451 1.4549  1.4556  1.45589 1.45601 1.45526 1.45556 1.45583
 1.45595 1.45657 1.45677 1.45711 1.45708 1.45682 1.45748 1.45846 1.4579
 1.45829 1.45849 1.4588  1.45933 1.45927 1.45924 1.45939 1.45955 1.46017
 1.46109 1.46155 1.46126 1.46239 1.4623  1.46218 1.46205 1.46327 1.46444
 1.46531 1.46513 1.46553 1.46591 1.46633 1.46644 1.46633 1.46514 1.46388
 1.46422 1.4636  1.46412 1.46383 1.46368 1.46338 1.46351 1.46372 1.46456
 1.46371 1.46427 1.4636  1.4629  1.46311 1.46344 1.46308 1.46369 1.46331
 1.46361 1.46322 1.46338 1.46309 1.46428 1.46544 1.46568 1.46497 1.46534
 1.46502 1.46479 1.46444 1.46415 1.46374 1.46403 1.46324 1.46335 1.46224
 1.46194][1.39042 1.39024 1.39069 1.39081 1.39062 1.39028 1.39046 1.39068 1.39072
 1.39076 1.39098 1.39137 1.39172 1.39218 1.39253 1.39279 1.39303 1.39357
 1.39343 1.39387 1.39393 1.39413 1.39397 1.39466 1.39458 1.39453 1.39426
 1.39465 1.39423 1.39407 1.39415 1.39409 1.3945  1.3941  1.39362 1.39371
 1.39315 1.39378 1.39437 1.39441 1.3949  1.39539 1.39501 1.3942  1.39406
 1.39401 1.39438 1.39418 1.39441 1.39453 1.395   1.39543 1.39541 1.39615
 1.39649 1.3958  1.39581 1.396   1.39581 1.39591 1.39587 1.39612 1.39608
 1.39568 1.39689 1.39738 1.39774 1.39867 1.39922 1.39906 1.39934 1.39905
 1.39851 1.39736 1.39776 1.39768 1.39784 1.39744 1.39716 1.39658 1.39594
 1.39598 1.39572 1.39577 1.39603 1.39551 1.39589 1.39702 1.39584 1.3959
 1.39601 1.39538 1.39591 1.39588 1.39603 1.39598 1.39594 1.39584 1.3955
 1.39479][1.43704 1.43697 1.43694 1.43728 1.43678 1.4367  1.43685 1.43704 1.43808
 1.43792 1.43803 1.43802 1.43751 1.43803 1.43873 1.43946 1.43898 1.43955
 1.44012 1.44037 1.44134 1.44145 1.44091 1.44064 1.44114 1.4416  1.44146
 1.44246 1.44283 1.4432  1.44413 1.44447 1.4447  1.4444  1.44505 1.445
 1.44487 1.44554 1.44549 1.44538 1.44555 1.44589 1.44729 1.447   1.4463
 1.44641 1.44705 1.44751 1.44727 1.44732 1.44758 1.44812 1.44919 1.45
 1.44983 1.45035 1.45049 1.45094 1.45244 1.45288 1.45296 1.4532  1.45396
 1.45452 1.45457 1.45503 1.45417 1.45429 1.45422 1.45442 1.45525 1.45471
 1.45483 1.45436 1.45466 1.45421 1.45552 1.45701 1.45709 1.45667 1.45636
 1.45627 1.45551 1.45465 1.45359 1.45256 1.45224 1.45214 1.45177 1.45174
 1.45089 1.45066 1.45038 1.44954 1.44916 1.44868 1.44769 1.44711 1.44686
 1.44725][1.50221 1.5025  1.5025  1.502   1.50204 1.50204 1.50224 1.50221 1.50232
 1.50261 1.50274 1.50272 1.50289 1.50302 1.50333 1.50408 1.50446 1.50433
 1.50494 1.50454 1.50524 1.50526 1.50562 1.50624 1.50736 1.5071  1.50764
 1.50795 1.50884 1.50978 1.50932 1.50962 1.5107  1.51032 1.51161 1.51208
 1.51312 1.51261 1.51299 1.51298 1.51314 1.51388 1.51433 1.51439 1.51539
 1.51582 1.51523 1.51483 1.5146  1.51458 1.51598 1.51687 1.51656 1.51757
 1.5177  1.51796 1.51888 1.51844 1.51913 1.52008 1.52088 1.52065 1.52214
 1.52221 1.52251 1.52277 1.5236  1.52395 1.5244  1.52494 1.52531 1.52596
 1.52638 1.52599 1.52579 1.52657 1.52608 1.52627 1.52613 1.5263  1.52693
 1.52833 1.52857 1.52897 1.52813 1.53013 1.53076 1.53147 1.53094 1.53134
 1.53    1.52922 1.52829 1.52804 1.52761 1.52716 1.5271  1.52696 1.5267
 1.52666][1.51876 1.51894 1.51945 1.51971 1.52001 1.51986 1.52021 1.52024 1.52055
 1.52018 1.5198  1.52052 1.52023 1.52057 1.5211  1.52168 1.52154 1.52162
 1.52083 1.52054 1.5207  1.52108 1.52134 1.52094 1.52149 1.52227 1.52189
 1.52191 1.52271 1.52276 1.52259 1.52269 1.52213 1.52278 1.52372 1.52387
 1.52381 1.52373 1.52485 1.52513 1.52487 1.5259  1.52728 1.5275  1.52809
 1.52753 1.52759 1.52767 1.52919 1.52926 1.52984 1.52956 1.53027 1.52888
 1.53032 1.5298  1.53051 1.53144 1.53114 1.53111 1.53135 1.5322  1.53229
 1.53231 1.5334  1.53296 1.53501 1.53574 1.5359  1.53568 1.53656 1.53684
 1.53808 1.53795 1.53846 1.53973 1.53859 1.53975 1.53973 1.53977 1.54179
 1.54271 1.54309 1.54293 1.54323 1.54373 1.54339 1.54455 1.54431 1.54511
 1.54582 1.54631 1.54652 1.54728 1.54787 1.54803 1.54856 1.54869 1.5487
 1.54849]