[1.5068  1.50688 1.50692 1.5069  1.50701 1.50731 1.50749 1.50783 1.50798
 1.50749 1.50738 1.50716 1.50707 1.50661 1.5065  1.50658 1.50686 1.50662
 1.5064  1.50589 1.5057  1.50584 1.50552 1.50509 1.50542 1.50485 1.50495
 1.50508 1.50534 1.50528 1.50534 1.50533 1.50508 1.50394 1.50415 1.50426
 1.50419 1.50426 1.5042  1.50487 1.50513 1.50481 1.50446 1.50449 1.5046
 1.50477 1.50506 1.50438 1.5045  1.50453 1.5044  1.50446 1.50469 1.50471
 1.50496 1.50472 1.50448 1.5049  1.50443 1.50457 1.50488 1.50449 1.50464
 1.50476 1.50443 1.50422 1.50373 1.50337 1.50331 1.50311 1.50267 1.50255
 1.50247 1.50218 1.50166 1.5018  1.50211 1.50148 1.50126 1.50123 1.50135
 1.50146 1.50143 1.50129 1.501   1.50055 1.49994 1.49963 1.49956 1.49903
 1.49918 1.4996  1.49932 1.4999  1.49989 1.50002 1.50018 1.50029 1.5001
 1.50017][1.54824 1.5483  1.54845 1.54821 1.54803 1.54798 1.54837 1.54788 1.54794
 1.54795 1.5476  1.54778 1.54755 1.54808 1.548   1.54773 1.54797 1.54801
 1.54788 1.548   1.54797 1.54809 1.54799 1.54799 1.54787 1.54716 1.54742
 1.54725 1.54677 1.54677 1.54693 1.54671 1.54693 1.54656 1.5471  1.54718
 1.54666 1.54671 1.54642 1.54648 1.54682 1.54745 1.547   1.54723 1.5474
 1.54662 1.54613 1.54593 1.54551 1.54574 1.54597 1.54646 1.54652 1.54637
 1.54632 1.54618 1.54615 1.5454  1.54528 1.54494 1.54468 1.54468 1.54425
 1.54437 1.54402 1.54387 1.54393 1.54352 1.54312 1.54343 1.54316 1.54332
 1.54307 1.54336 1.54309 1.54317 1.54334 1.54328 1.54272 1.54283 1.54238
 1.54239 1.54274 1.54212 1.54223 1.54229 1.5419  1.54194 1.54221 1.54206
 1.54201 1.54192 1.54261 1.5425  1.54226 1.54189 1.54127 1.54085 1.54054
 1.5404 ][1.49662 1.49664 1.4968  1.49706 1.49718 1.49738 1.49726 1.49723 1.49718
 1.49743 1.4976  1.49773 1.49776 1.49791 1.49782 1.49783 1.49762 1.49755
 1.49739 1.49736 1.49712 1.49744 1.49727 1.4971  1.49712 1.49732 1.49668
 1.49659 1.49626 1.49684 1.49667 1.49687 1.49647 1.49685 1.49653 1.496
 1.496   1.49639 1.49597 1.49572 1.49562 1.49554 1.49528 1.49509 1.49515
 1.49506 1.49533 1.49527 1.49524 1.4951  1.4954  1.49506 1.49529 1.49551
 1.49528 1.4948  1.49443 1.49426 1.49441 1.49436 1.49426 1.49446 1.49391
 1.49399 1.49386 1.49331 1.49257 1.4924  1.49222 1.49249 1.49242 1.49209
 1.49168 1.49172 1.49139 1.49141 1.4913  1.4908  1.49029 1.4899  1.49006
 1.49036 1.49006 1.49024 1.48998 1.49002 1.49028 1.49043 1.49048 1.49
 1.48972 1.48968 1.48929 1.48936 1.48935 1.48934 1.48979 1.48964 1.48946
 1.48948][1.42853 1.42861 1.42849 1.4286  1.42887 1.42885 1.42886 1.42868 1.42877
 1.42839 1.42844 1.42845 1.42822 1.42803 1.42809 1.42823 1.42816 1.4282
 1.42833 1.4283  1.42831 1.42834 1.42869 1.42846 1.42879 1.42908 1.42884
 1.42854 1.42836 1.42834 1.4285  1.4287  1.42858 1.42858 1.42873 1.42924
 1.42935 1.42975 1.42964 1.42971 1.42934 1.42966 1.42946 1.42926 1.42903
 1.42923 1.42887 1.42884 1.42862 1.42848 1.42857 1.42841 1.42826 1.42827
 1.42859 1.42796 1.4283  1.42833 1.42833 1.42823 1.42853 1.42846 1.42805
 1.42837 1.42836 1.42808 1.42791 1.42751 1.42731 1.42786 1.42771 1.42829
 1.42878 1.42903 1.42924 1.42921 1.42926 1.42945 1.42913 1.42932 1.42924
 1.42858 1.42863 1.42867 1.42821 1.42836 1.42844 1.42889 1.42872 1.4289
 1.42915 1.42915 1.42903 1.42918 1.42894 1.42914 1.42905 1.42937 1.42904
 1.42863][1.44368 1.44363 1.44378 1.44373 1.44378 1.4437  1.44372 1.44367 1.44343
 1.44347 1.44345 1.44328 1.44344 1.44334 1.44342 1.44364 1.44394 1.44394
 1.44423 1.44424 1.4442  1.44432 1.44451 1.44474 1.44499 1.44486 1.44489
 1.44517 1.44501 1.44525 1.4456  1.44554 1.44544 1.44537 1.44559 1.44578
 1.44595 1.44573 1.44548 1.4455  1.44573 1.44571 1.44583 1.44595 1.44594
 1.44587 1.44604 1.44663 1.44651 1.4467  1.44683 1.4464  1.44656 1.44648
 1.44659 1.44604 1.44605 1.44568 1.44578 1.44553 1.4454  1.44513 1.44474
 1.44489 1.44479 1.44464 1.44472 1.44437 1.44454 1.44402 1.44344 1.44322
 1.44324 1.44295 1.44265 1.44288 1.44254 1.44241 1.4426  1.4426  1.44287
 1.4429  1.44269 1.44222 1.44229 1.44191 1.44198 1.44189 1.44133 1.44145
 1.44138 1.44134 1.44156 1.44173 1.44165 1.44129 1.4414  1.44099 1.44072
 1.44063][1.39155 1.39149 1.39156 1.39153 1.39172 1.39157 1.39142 1.39149 1.39154
 1.39149 1.39137 1.39096 1.39151 1.39149 1.39135 1.39162 1.39205 1.39213
 1.39211 1.39217 1.3922  1.39247 1.39272 1.39305 1.39267 1.39284 1.39283
 1.39255 1.39252 1.39212 1.39217 1.39254 1.39233 1.39261 1.39269 1.39302
 1.39322 1.39381 1.39404 1.39444 1.39431 1.3943  1.39435 1.39436 1.39403
 1.39419 1.39446 1.39437 1.39464 1.39453 1.39427 1.39406 1.39424 1.39421
 1.39427 1.39413 1.39415 1.39427 1.39443 1.39436 1.39421 1.39402 1.39374
 1.39361 1.39375 1.39418 1.39402 1.39389 1.39387 1.39404 1.39376 1.3936
 1.39364 1.39358 1.39405 1.39414 1.39437 1.39436 1.394   1.3939  1.39424
 1.39449 1.39403 1.39389 1.39426 1.39375 1.39384 1.39371 1.39395 1.39376
 1.39382 1.39336 1.39358 1.39388 1.39372 1.39326 1.39289 1.39266 1.39244
 1.39234][1.40695 1.40682 1.40667 1.40665 1.40673 1.40668 1.40677 1.40643 1.40649
 1.40661 1.40659 1.4067  1.4068  1.40719 1.40758 1.40732 1.40758 1.40756
 1.40781 1.40749 1.4072  1.40698 1.40709 1.40708 1.40729 1.4072  1.40699
 1.40711 1.40729 1.40723 1.40743 1.40712 1.40716 1.40708 1.40735 1.40737
 1.40724 1.40749 1.40791 1.40778 1.40771 1.40786 1.40817 1.40824 1.40834
 1.40869 1.40897 1.40893 1.4088  1.40899 1.40939 1.40968 1.41013 1.40981
 1.41014 1.41037 1.4107  1.41082 1.41106 1.41134 1.41142 1.41172 1.41152
 1.41155 1.41155 1.41126 1.41165 1.41158 1.41158 1.41153 1.41109 1.41141
 1.41088 1.41028 1.41011 1.4098  1.40944 1.40938 1.40937 1.40943 1.40931
 1.40963 1.40966 1.40962 1.40937 1.40931 1.40904 1.40926 1.40941 1.40956
 1.40956 1.40935 1.40864 1.40856 1.40811 1.40798 1.4081  1.40789 1.40779
 1.40774][1.30037 1.30061 1.30081 1.3007  1.30073 1.30074 1.30084 1.30107 1.30096
 1.30105 1.3011  1.30064 1.30105 1.30125 1.30134 1.30105 1.30105 1.30109
 1.30136 1.30145 1.30138 1.30116 1.30131 1.30135 1.30163 1.30163 1.30164
 1.30166 1.30167 1.30161 1.30152 1.30178 1.30191 1.30203 1.3023  1.30214
 1.30226 1.30249 1.30237 1.3025  1.30275 1.30263 1.30263 1.30273 1.30274
 1.30269 1.30283 1.30304 1.30325 1.30342 1.30343 1.30382 1.30409 1.30415
 1.30422 1.30442 1.30415 1.30457 1.30492 1.30488 1.30494 1.30449 1.30422
 1.30448 1.30454 1.30405 1.30378 1.30396 1.30411 1.30404 1.30386 1.30408
 1.30438 1.30472 1.30488 1.305   1.30526 1.30568 1.30558 1.3058  1.30547
 1.30548 1.30536 1.30536 1.30554 1.30569 1.30578 1.30602 1.30583 1.30592
 1.30582 1.30589 1.30578 1.30585 1.30608 1.30596 1.30599 1.30606 1.30558
 1.30596][1.35664 1.35655 1.35648 1.35668 1.35665 1.35682 1.35681 1.3571  1.35699
 1.35708 1.35725 1.35754 1.35787 1.35758 1.35757 1.35759 1.35772 1.35777
 1.35786 1.35769 1.35768 1.3578  1.35777 1.35772 1.35782 1.35814 1.35845
 1.35839 1.3583  1.35859 1.35878 1.35911 1.35935 1.35946 1.35926 1.35906
 1.35895 1.35875 1.35881 1.35888 1.35906 1.35865 1.35889 1.35884 1.35905
 1.35919 1.35942 1.35956 1.35963 1.3599  1.3598  1.35998 1.36016 1.36
 1.36002 1.36029 1.36047 1.36021 1.36035 1.36067 1.36089 1.36088 1.36084
 1.36094 1.36116 1.36114 1.36114 1.36133 1.3613  1.36082 1.36099 1.36101
 1.36096 1.36079 1.36123 1.36098 1.36098 1.36118 1.36071 1.36063 1.3607
 1.36075 1.36082 1.36134 1.36194 1.36195 1.36188 1.36164 1.36154 1.36187
 1.36156 1.36127 1.36082 1.36122 1.36117 1.36065 1.36061 1.36033 1.36005
 1.35998][1.37719 1.37723 1.37721 1.37745 1.37745 1.3775  1.37751 1.37771 1.37767
 1.3778  1.37794 1.37806 1.37836 1.37838 1.37832 1.37818 1.37803 1.37798
 1.37767 1.37719 1.37692 1.37744 1.37745 1.37728 1.377   1.377   1.37733
 1.37755 1.3774  1.37714 1.37667 1.37687 1.37716 1.37719 1.37703 1.3774
 1.37701 1.37698 1.37716 1.37736 1.37749 1.37789 1.37812 1.37807 1.37793
 1.37774 1.37735 1.37707 1.37725 1.37751 1.37763 1.3776  1.37764 1.37772
 1.37809 1.37834 1.37802 1.37801 1.37849 1.37839 1.37838 1.37856 1.37806
 1.37825 1.3781  1.37831 1.37837 1.37832 1.37852 1.37852 1.37881 1.37891
 1.37887 1.3794  1.37971 1.37926 1.37886 1.37885 1.37888 1.37924 1.37901
 1.3788  1.37929 1.37934 1.37907 1.37941 1.38012 1.38032 1.38018 1.37994
 1.37945 1.37968 1.37979 1.37973 1.37969 1.37948 1.37933 1.37942 1.37937
 1.37903]