[1.60072 1.60071 1.6007  1.60069 1.60068 1.60067 1.60068 1.60065 1.60066
 1.60063 1.60061 1.60063 1.60066 1.60066 1.60064 1.60063 1.60063 1.60064
 1.60064 1.60063 1.60061 1.60059 1.60056 1.60055 1.60056 1.60057 1.60056
 1.60056 1.60056 1.60052 1.60053 1.60053 1.60053 1.60055 1.60053 1.60054
 1.60052 1.60051 1.60052 1.60049 1.60047 1.60048 1.60049 1.60049 1.60048
 1.6005  1.6005  1.60054 1.60055 1.60056 1.60057 1.60056 1.60055 1.60058
 1.60056 1.60056 1.60054 1.60054 1.60053 1.60055 1.60054 1.60058 1.60058
 1.60056 1.60055 1.60058 1.60056 1.60059 1.60061 1.60063 1.60064 1.60062
 1.60059 1.60057 1.60056 1.60054 1.60053 1.60056 1.60055 1.60054 1.60054
 1.60053 1.60052 1.60052 1.60053 1.60051 1.6005  1.60051 1.60051 1.60049
 1.60049 1.60047 1.60047 1.60047 1.60051 1.60052 1.60052 1.6005  1.60049
 1.60049][1.57148 1.57148 1.57146 1.57143 1.57143 1.57141 1.57142 1.57142 1.57143
 1.57143 1.57144 1.57141 1.57141 1.57141 1.57141 1.57138 1.57139 1.57137
 1.57139 1.57137 1.57135 1.57133 1.57129 1.57132 1.57132 1.57131 1.57131
 1.5713  1.57127 1.57127 1.57126 1.57126 1.57125 1.57122 1.5712  1.5712
 1.57119 1.57121 1.57122 1.5712  1.57119 1.57116 1.57116 1.57116 1.57116
 1.57118 1.57119 1.57119 1.57117 1.57117 1.57115 1.57112 1.57116 1.57115
 1.57112 1.57112 1.57109 1.57108 1.57109 1.57106 1.57105 1.57104 1.57106
 1.57105 1.57107 1.57107 1.57107 1.57105 1.57106 1.57106 1.57106 1.57106
 1.57105 1.57105 1.57104 1.57105 1.57106 1.57104 1.57104 1.57104 1.57104
 1.57103 1.57104 1.57106 1.57105 1.57105 1.57105 1.57105 1.57105 1.57107
 1.57107 1.57108 1.57108 1.57108 1.57109 1.57107 1.57104 1.57103 1.57102
 1.57103][1.56574 1.56575 1.56573 1.56571 1.56571 1.56572 1.56572 1.56574 1.56575
 1.56576 1.56577 1.56576 1.56579 1.56579 1.56579 1.56581 1.5658  1.56581
 1.56582 1.56582 1.56578 1.56579 1.56577 1.56576 1.56576 1.56578 1.56579
 1.56582 1.56583 1.56581 1.56582 1.56581 1.56581 1.56584 1.56588 1.5659
 1.56589 1.56592 1.56592 1.56595 1.56594 1.56593 1.56592 1.56591 1.56593
 1.56591 1.56593 1.56591 1.56588 1.56589 1.56588 1.56588 1.56593 1.56591
 1.56592 1.56592 1.56589 1.56592 1.56593 1.56591 1.5659  1.5659  1.56589
 1.5659  1.56594 1.56594 1.56594 1.56593 1.56594 1.56593 1.56593 1.56592
 1.5659  1.56591 1.56591 1.56587 1.56585 1.56583 1.56583 1.56583 1.56584
 1.56584 1.5658  1.5658  1.56581 1.56581 1.56577 1.56578 1.56578 1.56581
 1.56581 1.56581 1.5658  1.56578 1.5658  1.56579 1.56578 1.56575 1.56578
 1.5658 ][1.55367 1.55369 1.5537  1.55371 1.55373 1.55374 1.55377 1.55376 1.55377
 1.55378 1.55378 1.5538  1.55381 1.55379 1.55381 1.55383 1.55382 1.55384
 1.55383 1.55381 1.55382 1.55383 1.55383 1.55383 1.55384 1.55383 1.5538
 1.55379 1.55381 1.55383 1.55382 1.55384 1.55383 1.55382 1.5538  1.55379
 1.55378 1.5538  1.55382 1.55383 1.55382 1.55383 1.55384 1.55382 1.55384
 1.55385 1.55382 1.55384 1.55383 1.55385 1.55387 1.55386 1.55385 1.55385
 1.55385 1.55386 1.55387 1.55386 1.55386 1.55387 1.55386 1.55386 1.55384
 1.55385 1.55386 1.55384 1.55385 1.55385 1.55386 1.55389 1.55388 1.55387
 1.55388 1.55389 1.55388 1.5539  1.55391 1.55392 1.55392 1.55393 1.55391
 1.5539  1.5539  1.55395 1.55392 1.55393 1.55396 1.55397 1.55395 1.55393
 1.55393 1.55394 1.55393 1.55392 1.55392 1.55392 1.55394 1.55392 1.5539
 1.55389][1.56142 1.5614  1.56138 1.56139 1.56138 1.56138 1.56139 1.56136 1.56137
 1.56137 1.56136 1.56136 1.56134 1.56134 1.56131 1.56129 1.56132 1.56128
 1.56128 1.56128 1.56128 1.56128 1.56133 1.56135 1.56135 1.56136 1.56137
 1.56135 1.56132 1.56133 1.56132 1.56131 1.5613  1.56131 1.56132 1.56134
 1.56134 1.56132 1.56134 1.56134 1.56135 1.56133 1.56133 1.56131 1.5613
 1.56133 1.56132 1.56131 1.56131 1.56133 1.56134 1.56132 1.56133 1.56132
 1.56133 1.56133 1.56134 1.56136 1.56137 1.56137 1.56137 1.56135 1.56136
 1.56136 1.56138 1.56138 1.56137 1.56138 1.56142 1.56139 1.56139 1.5614
 1.56143 1.56139 1.56137 1.56137 1.56136 1.56137 1.56135 1.56135 1.56137
 1.56137 1.56135 1.56137 1.56136 1.56136 1.56137 1.56136 1.56136 1.56135
 1.56134 1.56132 1.56133 1.5613  1.56131 1.56129 1.56129 1.56129 1.56127
 1.56127][1.54119 1.54119 1.54121 1.54119 1.54119 1.54122 1.54123 1.54126 1.54129
 1.5413  1.54129 1.5413  1.54131 1.54134 1.54132 1.54137 1.54135 1.54135
 1.54136 1.54136 1.54135 1.54135 1.54137 1.54137 1.54136 1.54137 1.5414
 1.54141 1.54139 1.5414  1.54142 1.54142 1.54144 1.54143 1.54143 1.54144
 1.54145 1.54143 1.54145 1.54147 1.54146 1.54146 1.54146 1.54149 1.54148
 1.54147 1.5415  1.54148 1.54149 1.54146 1.54144 1.54144 1.54145 1.54145
 1.54145 1.54146 1.54144 1.54144 1.54144 1.54145 1.54142 1.54141 1.54142
 1.5414  1.54139 1.54138 1.54136 1.54138 1.54138 1.54139 1.54135 1.54136
 1.54137 1.54134 1.54138 1.54137 1.54136 1.5414  1.54141 1.5414  1.54139
 1.54138 1.54137 1.54139 1.5414  1.54139 1.54141 1.54141 1.54141 1.54142
 1.54143 1.54142 1.54139 1.54135 1.54135 1.54136 1.54137 1.54138 1.54137
 1.54138][1.54597 1.54597 1.54596 1.54598 1.54597 1.54596 1.54595 1.54595 1.54599
 1.54602 1.546   1.546   1.546   1.54601 1.54602 1.54602 1.54603 1.54604
 1.54605 1.54607 1.5461  1.54611 1.54611 1.54612 1.54614 1.5461  1.54612
 1.5461  1.5461  1.54609 1.54607 1.54607 1.54612 1.54612 1.54614 1.54613
 1.5461  1.54612 1.54612 1.54609 1.54609 1.54607 1.54609 1.5461  1.54607
 1.54607 1.54607 1.54606 1.54605 1.54605 1.54606 1.54603 1.54604 1.54605
 1.54608 1.54609 1.54609 1.54608 1.54609 1.54612 1.54611 1.54611 1.54608
 1.54608 1.54608 1.54605 1.54605 1.54604 1.54604 1.54605 1.54606 1.54605
 1.54606 1.54603 1.54603 1.54606 1.54604 1.54606 1.54602 1.54602 1.54602
 1.546   1.54598 1.54596 1.54596 1.54599 1.54599 1.54601 1.54602 1.54601
 1.54601 1.54602 1.54602 1.54601 1.54601 1.546   1.54601 1.54599 1.54599
 1.54599][1.58005 1.58004 1.58008 1.58008 1.58011 1.58011 1.5801  1.58009 1.58008
 1.5801  1.58011 1.58012 1.58015 1.58011 1.58012 1.58012 1.58013 1.58011
 1.58011 1.58011 1.58013 1.58018 1.5802  1.58021 1.5802  1.58021 1.58021
 1.58021 1.58024 1.58022 1.58025 1.58023 1.58023 1.58025 1.58028 1.58032
 1.58031 1.58031 1.58029 1.58029 1.58033 1.58032 1.58033 1.58036 1.58035
 1.58036 1.58037 1.58037 1.58038 1.58036 1.58036 1.58033 1.58033 1.58033
 1.5803  1.58029 1.58031 1.58032 1.58031 1.58033 1.58034 1.58036 1.58034
 1.58033 1.58032 1.58031 1.58034 1.58034 1.58035 1.58036 1.58036 1.58031
 1.58029 1.58028 1.58026 1.58024 1.58025 1.58028 1.5803  1.58028 1.58026
 1.58025 1.58022 1.58022 1.58022 1.58022 1.58021 1.58023 1.58023 1.58021
 1.58022 1.58021 1.58021 1.58021 1.5802  1.58021 1.5802  1.58018 1.58017
 1.58015][1.59133 1.59136 1.59137 1.59139 1.59141 1.59142 1.5914  1.59141 1.59139
 1.59139 1.59141 1.59138 1.59138 1.59137 1.59136 1.59135 1.59135 1.59138
 1.59139 1.59139 1.59139 1.5914  1.5914  1.5914  1.59146 1.59147 1.59148
 1.59149 1.59147 1.59146 1.59145 1.59145 1.59143 1.59143 1.59144 1.59146
 1.59144 1.59142 1.59145 1.59143 1.59143 1.59143 1.59144 1.59144 1.59144
 1.59145 1.59144 1.59148 1.59149 1.59147 1.59147 1.59148 1.59147 1.59148
 1.59149 1.59149 1.5915  1.59149 1.59149 1.59149 1.59149 1.5915  1.59147
 1.59149 1.59148 1.59147 1.59147 1.59148 1.59146 1.59144 1.59144 1.59145
 1.59148 1.59147 1.59145 1.59147 1.59145 1.59144 1.59145 1.59147 1.59148
 1.59147 1.59148 1.59147 1.59146 1.59147 1.59147 1.59145 1.59146 1.59145
 1.59147 1.59146 1.59145 1.59144 1.59145 1.59147 1.59147 1.59149 1.59149
 1.59147][1.61992 1.61993 1.61994 1.61995 1.61997 1.61995 1.61995 1.61995 1.61995
 1.61997 1.61996 1.61997 1.62    1.61999 1.61998 1.61998 1.62    1.62001
 1.62004 1.62004 1.62004 1.62002 1.62004 1.62003 1.62002 1.62002 1.62002
 1.62    1.61999 1.61999 1.62001 1.62001 1.62    1.61999 1.61997 1.61997
 1.61993 1.61991 1.61993 1.61992 1.61991 1.61993 1.61994 1.61991 1.61989
 1.6199  1.61989 1.6199  1.61989 1.61986 1.61989 1.61989 1.61993 1.61993
 1.61996 1.61995 1.62001 1.62002 1.62003 1.62005 1.62001 1.61999 1.62001
 1.62006 1.62009 1.62011 1.62011 1.62014 1.62015 1.62012 1.62014 1.62017
 1.62013 1.62013 1.62014 1.62014 1.62014 1.62013 1.62013 1.62009 1.62012
 1.62012 1.62012 1.62014 1.62017 1.62017 1.62018 1.62018 1.62019 1.62018
 1.62016 1.62017 1.62019 1.62018 1.62017 1.62018 1.6202  1.62019 1.62019
 1.62017]