[1.41785 1.41784 1.41779 1.41779 1.4178  1.4178  1.41775 1.41768 1.41765
 1.41769 1.41768 1.41769 1.41771 1.41779 1.41785 1.41785 1.41781 1.41778
 1.41775 1.41769 1.41767 1.41761 1.41755 1.41759 1.41751 1.41748 1.41752
 1.41754 1.4176  1.41758 1.41753 1.41755 1.41759 1.41761 1.41759 1.41746
 1.41749 1.41746 1.41738 1.41739 1.41738 1.41732 1.41726 1.4172  1.41713
 1.4172  1.41706 1.41712 1.41717 1.41718 1.41717 1.41712 1.41707 1.41699
 1.41692 1.41691 1.41689 1.41686 1.41683 1.41683 1.41683 1.41681 1.41691
 1.41679 1.41677 1.41676 1.4168  1.41677 1.41672 1.41675 1.41674 1.41664
 1.4166  1.41659 1.41652 1.41646 1.41642 1.41644 1.41641 1.41637 1.4164
 1.41632 1.41624 1.41617 1.41621 1.41624 1.4163  1.41621 1.41621 1.41619
 1.41613 1.41607 1.41607 1.41599 1.41595 1.41588 1.4159  1.41591 1.41593
 1.41585][1.40741 1.40747 1.40752 1.40758 1.40763 1.40761 1.40762 1.40761 1.40766
 1.40764 1.40761 1.40755 1.40756 1.4076  1.40757 1.40752 1.40746 1.4075
 1.40752 1.40746 1.40746 1.40736 1.40727 1.40719 1.40717 1.40714 1.40706
 1.40703 1.40698 1.40696 1.40688 1.40693 1.40684 1.40679 1.40666 1.40661
 1.40655 1.40659 1.40658 1.40654 1.40658 1.40652 1.40646 1.40641 1.40627
 1.40627 1.40627 1.40625 1.40626 1.40614 1.40615 1.4061  1.40608 1.40606
 1.4061  1.40609 1.40607 1.40607 1.40603 1.40598 1.40593 1.40591 1.40582
 1.40586 1.40587 1.40582 1.40577 1.40574 1.40573 1.4057  1.40566 1.40559
 1.40555 1.40554 1.40545 1.4054  1.40535 1.40534 1.40541 1.40534 1.40531
 1.40529 1.40528 1.4052  1.40522 1.40517 1.40511 1.40517 1.40509 1.40502
 1.40499 1.40492 1.40492 1.40491 1.40496 1.40496 1.40488 1.40491 1.40488
 1.40488][1.39332 1.39334 1.39329 1.39333 1.39336 1.39342 1.39344 1.3935  1.39361
 1.3935  1.3936  1.39358 1.39361 1.39359 1.39361 1.39365 1.39363 1.39367
 1.39369 1.3937  1.39371 1.39361 1.39365 1.39365 1.39366 1.39364 1.39362
 1.39377 1.3937  1.3937  1.39372 1.39362 1.39357 1.39344 1.3934  1.3934
 1.39331 1.3933  1.39321 1.39317 1.39323 1.39315 1.3931  1.39298 1.39295
 1.39293 1.39282 1.39281 1.39275 1.39269 1.39267 1.39257 1.39258 1.39254
 1.39243 1.39245 1.39246 1.39244 1.39239 1.39241 1.39248 1.39247 1.39241
 1.39237 1.39232 1.39225 1.39219 1.3921  1.3921  1.39214 1.39203 1.39208
 1.39205 1.39196 1.39195 1.3919  1.39184 1.39182 1.39173 1.39167 1.39166
 1.3916  1.39158 1.39163 1.39151 1.39151 1.39149 1.39145 1.39142 1.39135
 1.3913  1.3913  1.39123 1.39111 1.39105 1.391   1.39094 1.39088 1.39087
 1.3909 ][1.38302 1.38303 1.38307 1.38313 1.38321 1.38326 1.3833  1.38343 1.3835
 1.38354 1.38351 1.38351 1.38346 1.38356 1.38358 1.38362 1.38364 1.38367
 1.38364 1.38364 1.38361 1.38371 1.38369 1.38371 1.3837  1.38371 1.38377
 1.38386 1.38384 1.38387 1.38389 1.38387 1.38388 1.38382 1.38384 1.38388
 1.38385 1.38372 1.38372 1.38369 1.38365 1.38369 1.38368 1.38369 1.38367
 1.3836  1.38364 1.38364 1.38359 1.38352 1.38351 1.3835  1.3835  1.38341
 1.3834  1.38336 1.38323 1.38323 1.38316 1.38306 1.383   1.383   1.383
 1.38289 1.38292 1.38293 1.38301 1.38297 1.38293 1.3829  1.3829  1.38285
 1.38282 1.38275 1.38285 1.38281 1.38286 1.38284 1.38289 1.38278 1.38274
 1.38268 1.38272 1.38274 1.38271 1.3827  1.38277 1.3827  1.38267 1.38263
 1.38263 1.38263 1.38261 1.38266 1.38266 1.38267 1.38267 1.38263 1.38259
 1.38257][1.41943 1.4195  1.4194  1.41947 1.41947 1.41948 1.41953 1.41953 1.41963
 1.41966 1.41968 1.41969 1.41973 1.41982 1.4198  1.41986 1.4198  1.41982
 1.41988 1.41998 1.42006 1.42    1.42004 1.42003 1.42014 1.42024 1.42025
 1.42029 1.42031 1.42045 1.42047 1.42053 1.4206  1.42075 1.42081 1.42086
 1.42074 1.42082 1.42086 1.42097 1.42093 1.42087 1.42081 1.42076 1.42079
 1.42083 1.42085 1.42089 1.42086 1.42089 1.42091 1.42094 1.421   1.421
 1.42099 1.421   1.42099 1.42095 1.42091 1.42086 1.42079 1.4207  1.42064
 1.42059 1.42057 1.4206  1.42049 1.42052 1.42038 1.42046 1.42039 1.42032
 1.42028 1.42028 1.42033 1.42032 1.4203  1.42031 1.42028 1.42029 1.42027
 1.42025 1.4202  1.42019 1.42021 1.42009 1.42    1.41987 1.41977 1.41971
 1.41963 1.41961 1.41966 1.41965 1.41962 1.41957 1.41957 1.41952 1.41958
 1.41961][1.43063 1.43066 1.43066 1.43066 1.43068 1.43065 1.43068 1.43075 1.43083
 1.43089 1.43097 1.43098 1.43093 1.43096 1.43098 1.43095 1.43094 1.43093
 1.43093 1.43101 1.43095 1.43102 1.43103 1.43109 1.43106 1.43112 1.43107
 1.43116 1.43114 1.43111 1.43122 1.43116 1.43129 1.43128 1.43131 1.43139
 1.43137 1.43147 1.43147 1.43152 1.43162 1.43179 1.43186 1.43191 1.43187
 1.43195 1.43195 1.43205 1.43208 1.43212 1.43208 1.43202 1.43202 1.43198
 1.43193 1.4319  1.43186 1.43182 1.4317  1.43165 1.43165 1.43167 1.43165
 1.43153 1.43154 1.43156 1.43159 1.43166 1.43171 1.43171 1.43167 1.43163
 1.43161 1.4316  1.43153 1.4316  1.43154 1.43149 1.43139 1.43134 1.43131
 1.4312  1.43127 1.43124 1.43121 1.4312  1.43129 1.43131 1.43139 1.43133
 1.43136 1.43134 1.43131 1.43123 1.43118 1.43117 1.43108 1.43107 1.4311
 1.43112][1.46008 1.46014 1.46026 1.46024 1.46029 1.46024 1.46019 1.46022 1.46029
 1.46034 1.46047 1.4604  1.46043 1.46055 1.46057 1.46064 1.46058 1.46072
 1.46081 1.46081 1.4608  1.46086 1.46095 1.46093 1.46089 1.46088 1.46082
 1.46081 1.46085 1.46087 1.46094 1.46105 1.46103 1.46096 1.4611  1.46115
 1.46113 1.46112 1.46106 1.46114 1.46109 1.46102 1.46108 1.46109 1.46113
 1.4611  1.46117 1.46119 1.46126 1.46131 1.46136 1.46146 1.46147 1.4616
 1.46169 1.46172 1.4618  1.46179 1.4618  1.4618  1.46179 1.46172 1.46174
 1.46174 1.46167 1.46164 1.46171 1.46174 1.46178 1.46174 1.46162 1.4616
 1.46159 1.46163 1.46166 1.4616  1.46159 1.4616  1.46152 1.46151 1.46148
 1.46155 1.4615  1.46149 1.46142 1.46139 1.46134 1.46132 1.46134 1.46138
 1.46136 1.46139 1.46133 1.46131 1.46124 1.46121 1.4612  1.46115 1.46117
 1.46116][1.42655 1.42661 1.42656 1.42647 1.42652 1.42653 1.42652 1.42657 1.42659
 1.42661 1.42661 1.42658 1.42663 1.42663 1.42671 1.42681 1.4268  1.42685
 1.42688 1.42698 1.42711 1.42717 1.42719 1.42718 1.42719 1.42714 1.42718
 1.42719 1.42726 1.42726 1.42746 1.42749 1.42751 1.42749 1.42765 1.42767
 1.42777 1.42789 1.42795 1.42801 1.42802 1.4281  1.42816 1.42819 1.42822
 1.42826 1.42837 1.42841 1.42839 1.42846 1.42848 1.42851 1.42849 1.42843
 1.42843 1.42859 1.42844 1.42847 1.42854 1.42856 1.42852 1.42854 1.42854
 1.42861 1.42857 1.42858 1.42865 1.42873 1.42874 1.42886 1.42876 1.42873
 1.42864 1.42859 1.42858 1.42855 1.42847 1.42844 1.42835 1.42833 1.42822
 1.42816 1.42813 1.42813 1.4281  1.42806 1.42799 1.42792 1.42793 1.42788
 1.4279  1.42787 1.42785 1.42787 1.4278  1.42778 1.4277  1.42769 1.42766
 1.42761][1.41787 1.41788 1.41784 1.41783 1.41791 1.41793 1.41794 1.41789 1.41796
 1.41796 1.41796 1.41793 1.41791 1.41785 1.41787 1.41798 1.41797 1.41792
 1.41786 1.41779 1.4178  1.41781 1.41784 1.41784 1.41781 1.41795 1.41807
 1.41804 1.41817 1.41835 1.41832 1.41828 1.41828 1.41825 1.41828 1.4183
 1.41837 1.41846 1.41855 1.41846 1.41838 1.41843 1.41839 1.41842 1.4186
 1.41861 1.41875 1.41868 1.41871 1.4187  1.41878 1.41876 1.41884 1.41886
 1.41889 1.41893 1.41905 1.41908 1.41911 1.41917 1.41921 1.41928 1.41935
 1.41942 1.41944 1.41949 1.41955 1.41953 1.4196  1.41965 1.4197  1.41978
 1.41974 1.41976 1.41979 1.41983 1.41984 1.41986 1.41986 1.41997 1.41997
 1.42    1.41995 1.41992 1.41986 1.41984 1.41983 1.41975 1.41976 1.41982
 1.41979 1.41982 1.41979 1.41972 1.41971 1.41961 1.41958 1.41957 1.41953
 1.4195 ][1.404   1.40406 1.40408 1.40404 1.40402 1.40416 1.4042  1.40418 1.40419
 1.40414 1.4042  1.4042  1.40418 1.4042  1.40427 1.40427 1.40434 1.40435
 1.40438 1.40443 1.40442 1.4045  1.40445 1.4046  1.40459 1.40462 1.40474
 1.40478 1.40476 1.40475 1.40485 1.40485 1.40488 1.40486 1.4049  1.40496
 1.40498 1.4049  1.40485 1.40481 1.40483 1.40497 1.40502 1.405   1.405
 1.40497 1.40497 1.40507 1.40508 1.40508 1.40518 1.40516 1.40529 1.40534
 1.40528 1.40528 1.4053  1.4053  1.40532 1.4053  1.40521 1.40526 1.40527
 1.40538 1.40545 1.40547 1.40551 1.40554 1.40549 1.40549 1.4056  1.40554
 1.40562 1.40562 1.40571 1.40578 1.40584 1.40587 1.40591 1.40594 1.40604
 1.40601 1.40606 1.40611 1.40618 1.40618 1.40618 1.40614 1.40609 1.40612
 1.40616 1.40615 1.40616 1.4061  1.40613 1.40605 1.40602 1.406   1.40613
 1.40614]