[1.42297 1.42295 1.42297 1.42291 1.42287 1.42287 1.42287 1.42282 1.42281
 1.42276 1.42272 1.42272 1.42273 1.4227  1.42271 1.42268 1.4227  1.4227
 1.42269 1.42264 1.42262 1.42263 1.42264 1.4226  1.42262 1.42262 1.42263
 1.42264 1.42258 1.42259 1.42261 1.42262 1.42263 1.42262 1.42262 1.42262
 1.42259 1.42258 1.42258 1.42263 1.42261 1.42259 1.42261 1.4226  1.42256
 1.42257 1.42257 1.42255 1.42252 1.4225  1.42252 1.42249 1.42249 1.42249
 1.42247 1.42244 1.42243 1.42247 1.42244 1.42245 1.42247 1.42244 1.42247
 1.42245 1.42241 1.42241 1.42241 1.42242 1.42245 1.42247 1.42245 1.42239
 1.42243 1.42241 1.42238 1.42238 1.42237 1.42235 1.42234 1.42238 1.42239
 1.42241 1.4224  1.4224  1.42241 1.42246 1.42242 1.42241 1.42238 1.42237
 1.42236 1.42237 1.42231 1.4223  1.42226 1.42224 1.42222 1.42218 1.42215
 1.42214][1.4117  1.41175 1.41176 1.41176 1.41177 1.41182 1.41181 1.4118  1.41179
 1.41182 1.41178 1.41179 1.41178 1.41176 1.41177 1.41174 1.41174 1.41172
 1.41173 1.41171 1.41173 1.41171 1.41173 1.41175 1.41175 1.41172 1.41172
 1.41172 1.41167 1.41166 1.41171 1.41169 1.41175 1.4118  1.41177 1.41182
 1.41178 1.41177 1.41176 1.41175 1.41176 1.41176 1.4118  1.41181 1.41177
 1.41172 1.41171 1.41171 1.41169 1.41171 1.41168 1.41171 1.41171 1.41171
 1.41175 1.41172 1.41173 1.41175 1.41173 1.41173 1.41173 1.41174 1.41174
 1.41169 1.41166 1.41166 1.41174 1.4117  1.41169 1.41169 1.41169 1.41168
 1.41171 1.41173 1.41167 1.41166 1.41171 1.41168 1.41169 1.41165 1.41166
 1.41163 1.41159 1.4116  1.41157 1.41155 1.41154 1.4115  1.41147 1.41144
 1.41142 1.41146 1.41146 1.41142 1.4114  1.41143 1.41144 1.41144 1.41143
 1.41141][1.40866 1.40868 1.40866 1.40873 1.40873 1.40876 1.40876 1.4088  1.4088
 1.40881 1.40884 1.40882 1.40885 1.4089  1.40892 1.40897 1.40893 1.40896
 1.40896 1.409   1.40901 1.409   1.40896 1.40896 1.40895 1.40899 1.40899
 1.40901 1.40902 1.409   1.40899 1.40898 1.40896 1.40897 1.40893 1.40893
 1.40892 1.40885 1.40889 1.40886 1.40885 1.40888 1.40888 1.40885 1.40881
 1.40875 1.40875 1.40877 1.40875 1.40874 1.40872 1.40869 1.40868 1.40868
 1.40872 1.40871 1.40872 1.40868 1.40864 1.4086  1.40863 1.40861 1.40858
 1.40855 1.40855 1.40854 1.40853 1.40854 1.4085  1.40851 1.40851 1.40846
 1.4085  1.40847 1.40845 1.40845 1.40845 1.40845 1.40843 1.40841 1.40839
 1.40844 1.40843 1.40844 1.40843 1.40843 1.40841 1.40839 1.40838 1.40838
 1.40836 1.40831 1.40829 1.40822 1.40825 1.40822 1.40818 1.40818 1.40816
 1.40819][1.37478 1.37482 1.3748  1.37479 1.37478 1.37481 1.37478 1.3748  1.37479
 1.37481 1.37486 1.37488 1.37489 1.37489 1.37488 1.37489 1.37495 1.37495
 1.37492 1.37497 1.37504 1.37509 1.3751  1.3751  1.37508 1.37507 1.37511
 1.37514 1.37512 1.37517 1.37512 1.37513 1.37509 1.37508 1.37511 1.37511
 1.37507 1.37508 1.3751  1.37513 1.37513 1.37514 1.37513 1.37512 1.37508
 1.37504 1.37503 1.37504 1.37502 1.37499 1.37504 1.37501 1.375   1.37496
 1.37496 1.37492 1.3749  1.37494 1.37492 1.3749  1.37488 1.37494 1.37498
 1.37495 1.37492 1.37491 1.37487 1.37486 1.37485 1.37488 1.37485 1.37488
 1.37486 1.37484 1.37485 1.37483 1.3748  1.37481 1.37476 1.37474 1.3747
 1.37468 1.3747  1.37473 1.37469 1.37466 1.37464 1.37459 1.37456 1.37456
 1.37457 1.37454 1.37453 1.3745  1.37454 1.3745  1.3745  1.37446 1.37443
 1.37441][1.44295 1.44294 1.44293 1.44296 1.44293 1.4429  1.44291 1.44293 1.44296
 1.44293 1.44295 1.44298 1.443   1.44305 1.44301 1.443   1.44299 1.44302
 1.44298 1.44296 1.443   1.44303 1.44306 1.44308 1.44308 1.44308 1.44309
 1.44315 1.44316 1.44317 1.44312 1.44312 1.44316 1.44321 1.44323 1.4433
 1.4433  1.44335 1.44339 1.44342 1.44347 1.44344 1.44345 1.44344 1.44344
 1.44341 1.44342 1.44339 1.44338 1.44338 1.44339 1.4434  1.44338 1.44335
 1.44333 1.44334 1.44331 1.44327 1.44326 1.44329 1.44328 1.44327 1.44328
 1.44329 1.44328 1.44323 1.44322 1.44318 1.44315 1.44312 1.44315 1.44312
 1.44314 1.44312 1.44312 1.44307 1.44307 1.44307 1.44305 1.44305 1.44303
 1.44304 1.44303 1.44303 1.44301 1.44301 1.44301 1.44299 1.44299 1.44302
 1.44303 1.44301 1.443   1.443   1.44295 1.44292 1.44288 1.44288 1.44287
 1.4429 ][1.40908 1.40906 1.4091  1.40908 1.40906 1.40905 1.40905 1.4091  1.40913
 1.40909 1.40909 1.40913 1.40915 1.40915 1.4092  1.4092  1.40917 1.40915
 1.4092  1.40916 1.40921 1.40922 1.4093  1.40936 1.40938 1.40941 1.40939
 1.40941 1.4094  1.40947 1.40946 1.40946 1.40947 1.40949 1.40948 1.40947
 1.40949 1.40953 1.40954 1.40952 1.40957 1.40961 1.40963 1.40967 1.40972
 1.40971 1.40975 1.40977 1.40978 1.40977 1.40974 1.40974 1.40977 1.40976
 1.40976 1.40975 1.40973 1.40971 1.40971 1.40971 1.40971 1.40969 1.40969
 1.40972 1.4097  1.40969 1.40969 1.40971 1.40968 1.40963 1.40966 1.40963
 1.40963 1.4096  1.40955 1.40953 1.40956 1.40958 1.40958 1.40956 1.40955
 1.40952 1.40951 1.40952 1.40951 1.4095  1.40945 1.40949 1.4095  1.40953
 1.40947 1.40949 1.40949 1.4095  1.40948 1.40953 1.40951 1.40953 1.40951
 1.4095 ][1.40708 1.40713 1.40711 1.40714 1.40716 1.40714 1.40713 1.40719 1.40718
 1.40716 1.40714 1.4072  1.40723 1.40723 1.40725 1.40723 1.40722 1.40722
 1.40726 1.40722 1.40721 1.4072  1.40724 1.40727 1.40729 1.40727 1.40726
 1.40727 1.40729 1.40729 1.40735 1.40732 1.40733 1.40733 1.40735 1.40736
 1.40737 1.40738 1.40739 1.40738 1.40736 1.40738 1.40738 1.40743 1.40744
 1.40744 1.40745 1.40743 1.40747 1.40753 1.40751 1.40751 1.40748 1.40745
 1.40742 1.40743 1.40749 1.40754 1.4076  1.40764 1.40763 1.40764 1.40765
 1.40769 1.40771 1.40774 1.40771 1.40775 1.40774 1.4077  1.4077  1.40771
 1.40769 1.40768 1.40769 1.40767 1.40766 1.40764 1.40763 1.40763 1.40766
 1.40767 1.40767 1.40766 1.40769 1.40768 1.40765 1.40765 1.40762 1.40758
 1.40757 1.40756 1.40754 1.40754 1.40752 1.40748 1.40749 1.40745 1.40747
 1.40748][1.39063 1.39063 1.39067 1.39066 1.39068 1.39066 1.39062 1.3906  1.39057
 1.3906  1.3906  1.39064 1.39065 1.39063 1.39065 1.39063 1.39065 1.3907
 1.39076 1.3908  1.39081 1.3908  1.39081 1.3908  1.39087 1.39088 1.39086
 1.39086 1.39088 1.3909  1.39089 1.39086 1.39088 1.39089 1.39091 1.39088
 1.39091 1.39092 1.39095 1.39095 1.39094 1.39093 1.39094 1.39096 1.39096
 1.39098 1.39096 1.39093 1.39094 1.39094 1.39092 1.39091 1.39092 1.3909
 1.39089 1.39089 1.39092 1.39093 1.39092 1.39091 1.39096 1.39101 1.39098
 1.39093 1.39094 1.39096 1.391   1.39098 1.391   1.391   1.39098 1.391
 1.39098 1.39096 1.39098 1.39095 1.39094 1.39093 1.39091 1.39089 1.39089
 1.39086 1.39083 1.39081 1.39078 1.39078 1.39078 1.39074 1.39071 1.39072
 1.39073 1.39068 1.39064 1.39063 1.39061 1.39059 1.3906  1.39061 1.39059
 1.3906 ][1.42886 1.42885 1.42883 1.42881 1.42884 1.42886 1.42891 1.4289  1.42893
 1.42893 1.42899 1.42898 1.42901 1.42904 1.42902 1.429   1.42898 1.42902
 1.42905 1.42906 1.42904 1.42903 1.42907 1.42914 1.42914 1.42913 1.42919
 1.42921 1.42923 1.42924 1.42922 1.42927 1.42925 1.42924 1.42923 1.4292
 1.4292  1.42923 1.42923 1.42921 1.42917 1.42921 1.42918 1.42927 1.42922
 1.42922 1.42924 1.42923 1.42921 1.42923 1.42928 1.42925 1.42926 1.42924
 1.42928 1.4293  1.42932 1.4293  1.42934 1.42937 1.42937 1.42937 1.42937
 1.42939 1.42937 1.42941 1.4294  1.42941 1.42943 1.42944 1.42943 1.42944
 1.42947 1.42943 1.42945 1.42948 1.42946 1.42948 1.42953 1.42951 1.42953
 1.42955 1.42956 1.42952 1.4295  1.42948 1.42946 1.42945 1.42945 1.42943
 1.42942 1.42943 1.42941 1.42937 1.42935 1.42931 1.42929 1.42926 1.42923
 1.4292 ][1.41912 1.41913 1.41918 1.41918 1.41913 1.41913 1.41918 1.41922 1.41925
 1.41926 1.41929 1.4193  1.41933 1.41936 1.41937 1.41935 1.4194  1.41943
 1.41944 1.41949 1.41952 1.41953 1.41952 1.41952 1.41952 1.41957 1.41958
 1.41955 1.41954 1.4196  1.41957 1.41958 1.41957 1.41957 1.41959 1.41963
 1.41959 1.41961 1.41959 1.41961 1.41961 1.4196  1.4196  1.41966 1.41969
 1.41976 1.41975 1.41973 1.41972 1.41973 1.41973 1.41971 1.41972 1.41973
 1.4198  1.41986 1.41987 1.41985 1.41985 1.41989 1.41991 1.41988 1.41991
 1.41994 1.41992 1.41996 1.42001 1.42001 1.41999 1.42    1.42    1.41999
 1.41998 1.41998 1.41998 1.41996 1.41994 1.41994 1.41992 1.41995 1.41998
 1.41993 1.41993 1.41999 1.42001 1.41993 1.41994 1.42    1.41998 1.41998
 1.41995 1.41997 1.41996 1.41997 1.41994 1.41989 1.41989 1.41986 1.41983
 1.41983]