[3.90654 3.90611 3.90596 3.90539 3.90473 3.905   3.90465 3.90451 3.90428
 3.90381 3.90382 3.90314 3.90267 3.90214 3.9016  3.9013  3.90087 3.90041
 3.90004 3.89932 3.89859 3.89819 3.89796 3.89776 3.89692 3.89737 3.89704
 3.89686 3.89604 3.89579 3.89546 3.89508 3.89474 3.89463 3.89419 3.89386
 3.89384 3.89301 3.89267 3.89249 3.89255 3.89198 3.89192 3.89104 3.89074
 3.89028 3.88981 3.88918 3.88904 3.8887  3.88843 3.88813 3.88765 3.88788
 3.88708 3.88702 3.88649 3.88565 3.88517 3.88502 3.8845  3.88414 3.88338
 3.88289 3.88248 3.88246 3.88225 3.88159 3.88104 3.88056 3.88005 3.87966
 3.87918 3.87881 3.87855 3.87796 3.8779  3.87746 3.87703 3.87665 3.87672
 3.87649 3.87599 3.87597 3.8757  3.87537 3.87517 3.87498 3.87485 3.87542
 3.87488 3.87493 3.87437 3.87384 3.87354 3.87347 3.87329 3.87294 3.87257
 3.87235][3.24349 3.24423 3.24458 3.24473 3.2447  3.24546 3.24599 3.24624 3.24618
 3.2466  3.24606 3.24556 3.24513 3.24472 3.24456 3.24414 3.244   3.2439
 3.24399 3.24379 3.24384 3.24346 3.24335 3.24298 3.24292 3.24297 3.24307
 3.24263 3.24309 3.2433  3.24282 3.24223 3.24164 3.24145 3.24119 3.24085
 3.24047 3.24031 3.24053 3.24025 3.24013 3.23974 3.23962 3.23934 3.23901
 3.23926 3.23921 3.23896 3.23895 3.23894 3.23846 3.23814 3.23775 3.23765
 3.23737 3.23714 3.23673 3.23623 3.23607 3.23577 3.23559 3.235   3.23479
 3.23477 3.2342  3.23394 3.23358 3.23364 3.23339 3.23349 3.23337 3.23325
 3.23281 3.23228 3.23228 3.23158 3.23103 3.23082 3.23102 3.2309  3.23106
 3.23067 3.23018 3.23009 3.23009 3.22996 3.22967 3.2297  3.22941 3.22908
 3.22884 3.22862 3.22824 3.22786 3.22758 3.22752 3.22706 3.22716 3.2272
 3.22701][3.06132 3.06144 3.06152 3.06181 3.06149 3.06174 3.06214 3.06238 3.06267
 3.06269 3.06335 3.0632  3.06331 3.06361 3.06389 3.06388 3.06424 3.06458
 3.06476 3.06525 3.06497 3.0646  3.0642  3.06397 3.06388 3.06352 3.0633
 3.06301 3.06304 3.06293 3.06272 3.06266 3.06218 3.06223 3.06214 3.06219
 3.06229 3.06217 3.06184 3.0615  3.06138 3.06104 3.06104 3.06066 3.06048
 3.06007 3.0599  3.05942 3.05929 3.05925 3.0592  3.05922 3.05922 3.0588
 3.05849 3.05806 3.05756 3.05783 3.0577  3.05747 3.0572  3.05704 3.05695
 3.05683 3.05679 3.05686 3.05674 3.05626 3.05566 3.05547 3.05483 3.05485
 3.05476 3.05458 3.05444 3.05406 3.05395 3.05368 3.05332 3.05299 3.05261
 3.05235 3.05242 3.05193 3.0522  3.05188 3.05158 3.05124 3.05099 3.05098
 3.05094 3.05058 3.05047 3.05035 3.05026 3.05033 3.05015 3.05008 3.05011
 3.04989][3.68292 3.68354 3.68458 3.68536 3.68568 3.6858  3.68599 3.68628 3.68679
 3.68719 3.68772 3.68818 3.68844 3.6888  3.68874 3.6887  3.68945 3.68957
 3.69049 3.69101 3.69198 3.69249 3.69228 3.69221 3.69218 3.69288 3.69277
 3.69256 3.69302 3.69334 3.69265 3.69246 3.69206 3.69161 3.69162 3.69125
 3.69108 3.69097 3.69113 3.69084 3.69038 3.69014 3.68973 3.68966 3.68883
 3.68838 3.68834 3.68806 3.68734 3.68686 3.68661 3.6864  3.68653 3.68607
 3.68581 3.68599 3.68531 3.6856  3.68595 3.68548 3.68497 3.68427 3.68417
 3.68367 3.68368 3.68324 3.68316 3.68285 3.68285 3.6826  3.68262 3.68278
 3.68228 3.68193 3.68168 3.6811  3.68104 3.68067 3.68035 3.68001 3.67978
 3.6796  3.67966 3.67935 3.67913 3.67862 3.67854 3.67813 3.67775 3.67752
 3.67705 3.67681 3.67697 3.67641 3.67606 3.67594 3.67598 3.67531 3.67489
 3.67472][3.58897 3.58945 3.58941 3.58919 3.59    3.59021 3.59023 3.59026 3.58998
 3.59035 3.59042 3.59081 3.59113 3.59157 3.59174 3.59218 3.59247 3.59265
 3.59298 3.59355 3.59374 3.59414 3.59498 3.59531 3.59587 3.59632 3.59687
 3.59721 3.59722 3.59759 3.59764 3.59866 3.59875 3.59892 3.59892 3.59945
 3.60005 3.60026 3.60037 3.60119 3.60064 3.6005  3.59993 3.59979 3.59935
 3.5991  3.5984  3.59807 3.59793 3.59737 3.59739 3.59698 3.5971  3.59664
 3.59656 3.59644 3.59618 3.59595 3.59567 3.59568 3.59509 3.59504 3.59525
 3.59488 3.59464 3.59455 3.5941  3.59406 3.59409 3.5938  3.59324 3.59349
 3.59334 3.59306 3.59252 3.59227 3.59224 3.5919  3.59179 3.59165 3.59125
 3.59092 3.59072 3.59041 3.5902  3.58999 3.59029 3.58985 3.58943 3.58885
 3.58853 3.58826 3.58771 3.58807 3.58761 3.58788 3.5881  3.58796 3.58734
 3.58711][3.93742 3.93775 3.93871 3.93937 3.93964 3.94029 3.94085 3.94054 3.94148
 3.94111 3.94108 3.94143 3.94183 3.94227 3.94232 3.94239 3.94302 3.94357
 3.94349 3.94302 3.9437  3.9439  3.94455 3.94477 3.94473 3.94497 3.945
 3.94576 3.94612 3.94632 3.94709 3.94717 3.94762 3.94751 3.94821 3.94835
 3.94926 3.94952 3.9493  3.94991 3.95046 3.9509  3.95237 3.95291 3.95366
 3.95412 3.95421 3.9552  3.95558 3.95622 3.95627 3.95564 3.95482 3.95426
 3.95353 3.95349 3.95284 3.95281 3.95243 3.95235 3.95201 3.95125 3.95082
 3.95052 3.95062 3.95008 3.94981 3.94929 3.94862 3.94867 3.94827 3.94806
 3.94761 3.94718 3.94634 3.94583 3.94563 3.9449  3.94441 3.94329 3.9431
 3.94251 3.9416  3.94099 3.94167 3.94165 3.94143 3.94141 3.94139 3.9409
 3.94067 3.94036 3.93982 3.93915 3.93854 3.93843 3.93796 3.93734 3.93627
 3.93619][3.23226 3.23232 3.23233 3.23237 3.23253 3.23276 3.23243 3.2326  3.23278
 3.23318 3.2331  3.23368 3.23396 3.23426 3.23448 3.23473 3.23519 3.23587
 3.23628 3.23673 3.2369  3.23716 3.23731 3.23792 3.23766 3.23808 3.23795
 3.23839 3.23884 3.23955 3.23947 3.23975 3.23986 3.23998 3.24033 3.24095
 3.24152 3.24196 3.2425  3.243   3.24323 3.24328 3.24326 3.24384 3.24402
 3.24402 3.24382 3.24377 3.24377 3.24413 3.24448 3.24475 3.2455  3.24555
 3.2459  3.24645 3.24701 3.2475  3.24791 3.24812 3.24844 3.24811 3.248
 3.24776 3.24711 3.24669 3.24671 3.24677 3.24668 3.24678 3.24667 3.24645
 3.24622 3.24588 3.24552 3.24518 3.24538 3.24503 3.24494 3.2446  3.2444
 3.24401 3.24354 3.24341 3.24318 3.24312 3.24279 3.2423  3.24211 3.24174
 3.24175 3.24154 3.24116 3.24067 3.24071 3.24056 3.24025 3.23997 3.23949
 3.23963][4.04021 4.04032 4.04128 4.04163 4.04221 4.04281 4.04309 4.04328 4.04349
 4.04444 4.04435 4.04535 4.04543 4.04647 4.04618 4.04667 4.04687 4.0471
 4.04818 4.04853 4.0494  4.05036 4.05042 4.05089 4.05208 4.05267 4.05304
 4.05325 4.05387 4.05391 4.05355 4.05399 4.05439 4.055   4.05584 4.05669
 4.05698 4.0579  4.05856 4.05895 4.05888 4.05916 4.05912 4.05976 4.0606
 4.06127 4.06172 4.06192 4.06295 4.06314 4.06338 4.06304 4.06327 4.06389
 4.0639  4.06374 4.06462 4.06497 4.06604 4.06598 4.06671 4.06753 4.06791
 4.06892 4.06942 4.06995 4.07037 4.07069 4.07095 4.07107 4.07078 4.07073
 4.07075 4.07059 4.0704  4.07021 4.06944 4.06903 4.06845 4.06802 4.06791
 4.06793 4.06767 4.06759 4.06672 4.06603 4.06563 4.06636 4.06613 4.06614
 4.06596 4.06549 4.06488 4.06464 4.06378 4.06311 4.06267 4.06248 4.06289
 4.06268][3.40141 3.40142 3.40203 3.40281 3.40258 3.40279 3.40305 3.40349 3.40384
 3.40386 3.40391 3.40402 3.40418 3.4045  3.40486 3.40503 3.40592 3.40648
 3.40728 3.40745 3.40778 3.40754 3.40813 3.40877 3.40924 3.40928 3.40944
 3.40977 3.40989 3.40993 3.4101  3.41013 3.41089 3.41099 3.41092 3.41116
 3.4111  3.41131 3.41192 3.4118  3.41222 3.41232 3.41248 3.41284 3.41324
 3.41328 3.41349 3.41408 3.41478 3.4152  3.41562 3.41623 3.41682 3.41763
 3.41741 3.41726 3.41757 3.41778 3.41793 3.41876 3.41871 3.41937 3.41967
 3.41983 3.42035 3.42045 3.42075 3.42148 3.42172 3.42233 3.4226  3.42296
 3.42311 3.42372 3.42442 3.42468 3.4248  3.42513 3.4255  3.42553 3.4252
 3.42516 3.42498 3.42482 3.42518 3.42493 3.4242  3.42402 3.42388 3.42312
 3.42311 3.42325 3.42313 3.42287 3.42278 3.42221 3.42192 3.42176 3.42149
 3.42147][3.73043 3.73052 3.73108 3.73123 3.73132 3.73196 3.73207 3.73247 3.7327
 3.73342 3.73413 3.73458 3.73518 3.73555 3.73584 3.73558 3.73589 3.73579
 3.7358  3.7357  3.73591 3.73667 3.73726 3.73843 3.73879 3.73956 3.74003
 3.74083 3.74116 3.7416  3.74202 3.74254 3.74277 3.74342 3.74399 3.74431
 3.7449  3.74515 3.7461  3.74596 3.74705 3.7471  3.74695 3.74722 3.74768
 3.74823 3.74877 3.74877 3.74907 3.7492  3.74941 3.74918 3.74959 3.75033
 3.75062 3.75077 3.75092 3.75115 3.75176 3.75231 3.75223 3.75282 3.75291
 3.75305 3.75343 3.75345 3.75382 3.75374 3.75445 3.75464 3.7548  3.75527
 3.75605 3.75704 3.75694 3.75727 3.75781 3.75854 3.75901 3.75941 3.75972
 3.76003 3.76042 3.76006 3.76079 3.76104 3.76161 3.76201 3.76185 3.76176
 3.76137 3.76086 3.76026 3.76004 3.75977 3.75902 3.75849 3.7582  3.75799
 3.75775]