[1.41203 1.41217 1.41203 1.41226 1.41236 1.4123  1.41225 1.41209 1.41221
 1.41211 1.41195 1.41237 1.41227 1.41219 1.41217 1.41224 1.41175 1.41169
 1.41227 1.41244 1.4122  1.41244 1.41231 1.41214 1.41216 1.41194 1.41192
 1.4121  1.41199 1.41166 1.41175 1.41229 1.41217 1.41174 1.41153 1.41197
 1.41244 1.41257 1.41247 1.41265 1.41305 1.41288 1.4126  1.4126  1.41286
 1.41265 1.41251 1.41286 1.41369 1.41329 1.41311 1.41284 1.41278 1.41286
 1.41261 1.41218 1.412   1.41181 1.41187 1.41208 1.41262 1.41279 1.41265
 1.41256 1.41257 1.41282 1.4126  1.41273 1.41273 1.41288 1.41259 1.41225
 1.41195 1.41213 1.41222 1.41206 1.41222 1.41219 1.4124  1.41253 1.41247
 1.41256 1.41268 1.41272 1.41269 1.41264 1.41236 1.41191 1.41188 1.41146
 1.41102 1.41087 1.41115 1.41074 1.41114 1.41116 1.41084 1.41025 1.41021
 1.4102 ][1.45779 1.45787 1.45809 1.45827 1.45808 1.45843 1.45874 1.45893 1.45905
 1.45902 1.45903 1.45892 1.45847 1.4584  1.45848 1.45858 1.45865 1.45908
 1.45946 1.4599  1.45972 1.45939 1.45947 1.45933 1.45891 1.45875 1.45854
 1.45879 1.45884 1.45915 1.45912 1.4594  1.45916 1.45931 1.45922 1.45954
 1.45938 1.4599  1.45999 1.45999 1.46011 1.46043 1.46063 1.46045 1.46049
 1.46073 1.46102 1.46084 1.46067 1.4602  1.45999 1.4599  1.46018 1.46051
 1.46017 1.46    1.45974 1.4594  1.45959 1.45919 1.45927 1.45906 1.45878
 1.45848 1.45823 1.45793 1.45773 1.4579  1.45807 1.45862 1.45809 1.45797
 1.45759 1.45739 1.45707 1.45694 1.45698 1.45737 1.45711 1.45744 1.45738
 1.45742 1.45726 1.45716 1.45723 1.45669 1.45626 1.45613 1.45621 1.45659
 1.45699 1.45684 1.45656 1.45626 1.45585 1.45631 1.45637 1.45617 1.45629
 1.45595][1.49647 1.49673 1.49709 1.49731 1.4977  1.49797 1.4982  1.49822 1.49814
 1.49819 1.4977  1.49776 1.49808 1.49805 1.49808 1.49828 1.49858 1.49906
 1.49907 1.499   1.49923 1.49921 1.49912 1.49897 1.49909 1.49919 1.49936
 1.49934 1.49948 1.49916 1.49928 1.49923 1.49946 1.50005 1.49994 1.50005
 1.50028 1.50045 1.50005 1.49963 1.4995  1.49917 1.49906 1.49941 1.49906
 1.49908 1.49888 1.49871 1.49866 1.49849 1.49898 1.499   1.49877 1.49939
 1.49931 1.4992  1.49948 1.49916 1.49902 1.49955 1.50007 1.49931 1.49947
 1.49952 1.49925 1.49892 1.49864 1.49864 1.49814 1.4978  1.4979  1.49799
 1.49747 1.4976  1.49762 1.49784 1.49787 1.49778 1.498   1.49744 1.49749
 1.49761 1.49766 1.49781 1.49802 1.49797 1.49746 1.49687 1.49686 1.49697
 1.49717 1.49692 1.49671 1.49653 1.49633 1.49624 1.49614 1.49614 1.49651
 1.49604][1.52572 1.52598 1.52617 1.5264  1.52631 1.52658 1.5267  1.52655 1.52677
 1.52686 1.52687 1.52673 1.52653 1.527   1.52726 1.52784 1.52778 1.528
 1.52845 1.52856 1.5286  1.52862 1.52864 1.52917 1.52928 1.53018 1.53014
 1.52972 1.53006 1.53014 1.53054 1.53061 1.53097 1.53134 1.53172 1.53217
 1.53261 1.53269 1.53328 1.53323 1.53316 1.53358 1.53322 1.5334  1.53326
 1.53413 1.53402 1.53393 1.53386 1.53337 1.53372 1.53343 1.53339 1.53336
 1.53353 1.53346 1.53377 1.53398 1.53383 1.53423 1.53402 1.53416 1.53366
 1.53324 1.53369 1.53356 1.53343 1.53358 1.53349 1.53378 1.53357 1.53332
 1.53291 1.53236 1.5317  1.53147 1.53165 1.53105 1.53084 1.53091 1.53068
 1.53018 1.52997 1.53025 1.52957 1.5296  1.52902 1.52864 1.52891 1.52877
 1.52848 1.52887 1.5284  1.52859 1.52818 1.52856 1.52869 1.5284  1.52825
 1.52801][1.41128 1.41133 1.41127 1.4116  1.4117  1.4116  1.41153 1.41158 1.41178
 1.4117  1.41157 1.41136 1.41148 1.41163 1.41157 1.41175 1.41214 1.41235
 1.41241 1.41255 1.41242 1.41257 1.41282 1.41317 1.41334 1.41308 1.41337
 1.41365 1.41365 1.41382 1.41352 1.41399 1.41397 1.41403 1.4144  1.41439
 1.41462 1.41475 1.41486 1.41473 1.41451 1.41443 1.41454 1.41415 1.41414
 1.41423 1.41471 1.41448 1.4143  1.41429 1.41402 1.41386 1.41395 1.41372
 1.41393 1.41357 1.41347 1.41322 1.41298 1.41288 1.41261 1.41263 1.41253
 1.41204 1.41221 1.41182 1.41177 1.41201 1.41195 1.41154 1.41184 1.41197
 1.41187 1.41159 1.4118  1.41103 1.41107 1.41067 1.41071 1.41038 1.41036
 1.41061 1.41025 1.4104  1.41093 1.41039 1.41007 1.40975 1.40978 1.40951
 1.40939 1.40908 1.40864 1.40813 1.40759 1.40726 1.40714 1.40717 1.40709
 1.40725][1.52452 1.52463 1.52458 1.52474 1.52482 1.52463 1.52478 1.52499 1.5255
 1.52543 1.5256  1.52566 1.52568 1.52601 1.52597 1.52619 1.52593 1.52649
 1.5266  1.52652 1.52664 1.52627 1.52642 1.52632 1.52624 1.52631 1.52642
 1.52646 1.52671 1.52632 1.52665 1.52617 1.52606 1.52616 1.52646 1.52647
 1.52651 1.5266  1.5267  1.52666 1.52684 1.52719 1.52725 1.52688 1.52715
 1.52663 1.5266  1.52717 1.52757 1.52733 1.52743 1.52779 1.5274  1.52787
 1.52827 1.52838 1.52835 1.52818 1.52847 1.52865 1.52845 1.52821 1.52847
 1.52852 1.52876 1.52886 1.52913 1.52892 1.52904 1.52909 1.52922 1.52895
 1.52859 1.52863 1.52941 1.52972 1.52987 1.52996 1.53014 1.53022 1.53075
 1.53078 1.53003 1.52987 1.52934 1.52925 1.52941 1.52931 1.52928 1.52924
 1.52925 1.52901 1.52882 1.52866 1.52898 1.52944 1.52919 1.52883 1.52897
 1.52897][1.50329 1.50319 1.50327 1.50359 1.50356 1.5034  1.50354 1.50381 1.50393
 1.50362 1.50349 1.50368 1.50352 1.50346 1.50346 1.50366 1.5038  1.50403
 1.50429 1.50428 1.50437 1.50449 1.50443 1.50425 1.50449 1.50439 1.50471
 1.50484 1.50493 1.50544 1.50548 1.50538 1.5052  1.50515 1.50514 1.50501
 1.50556 1.50594 1.50619 1.50629 1.50653 1.50642 1.50647 1.50624 1.5063
 1.50638 1.50677 1.50667 1.50686 1.50695 1.50684 1.50648 1.50621 1.50663
 1.5069  1.50708 1.50753 1.50819 1.50819 1.50857 1.50907 1.50894 1.5088
 1.50876 1.50931 1.50949 1.50947 1.50959 1.50965 1.50995 1.50992 1.51014
 1.51059 1.51    1.51001 1.50987 1.50933 1.50927 1.50933 1.50937 1.50927
 1.50891 1.50897 1.5091  1.50901 1.50854 1.50816 1.50784 1.50847 1.50818
 1.50828 1.50875 1.50883 1.5085  1.50803 1.50825 1.50802 1.50807 1.50806
 1.50813][1.48831 1.48825 1.48841 1.48842 1.4883  1.48855 1.48862 1.48888 1.48876
 1.48914 1.48934 1.48915 1.48958 1.48976 1.48941 1.48904 1.48895 1.48879
 1.48875 1.48887 1.48895 1.48906 1.48917 1.48934 1.48964 1.4899  1.49003
 1.49017 1.49025 1.49073 1.49072 1.49063 1.49051 1.49062 1.49076 1.49055
 1.49054 1.49079 1.49043 1.49003 1.49013 1.49045 1.49085 1.49059 1.49053
 1.49052 1.49003 1.49017 1.49009 1.49017 1.49002 1.49025 1.49064 1.49046
 1.49019 1.49051 1.49114 1.49093 1.49139 1.49202 1.49188 1.49161 1.49183
 1.49231 1.49227 1.49256 1.49286 1.49325 1.49339 1.49351 1.4935  1.49333
 1.49351 1.49325 1.49325 1.4934  1.4935  1.494   1.49372 1.49411 1.49415
 1.49413 1.49402 1.49389 1.49384 1.49338 1.49282 1.49264 1.49274 1.49281
 1.49245 1.49228 1.49174 1.49217 1.49177 1.49132 1.49096 1.49159 1.49129
 1.49091][1.58685 1.58717 1.58736 1.58727 1.58741 1.58726 1.58758 1.58772 1.58798
 1.5879  1.58788 1.58791 1.58735 1.58756 1.58781 1.5877  1.58749 1.58768
 1.58819 1.58879 1.58841 1.58862 1.58869 1.58902 1.58942 1.58998 1.58945
 1.58948 1.58994 1.58993 1.58933 1.58984 1.58968 1.58983 1.59    1.59006
 1.58993 1.58963 1.58981 1.58943 1.58954 1.5899  1.58976 1.59028 1.59061
 1.59096 1.59124 1.59166 1.59215 1.59169 1.59151 1.59157 1.59186 1.59203
 1.59236 1.5923  1.59228 1.59262 1.59248 1.59265 1.5921  1.59212 1.59245
 1.59255 1.5922  1.59273 1.59307 1.59359 1.59389 1.59461 1.59422 1.59425
 1.59375 1.59378 1.59411 1.59476 1.59477 1.59483 1.59562 1.59617 1.59587
 1.59529 1.59522 1.59514 1.59502 1.59524 1.59511 1.59564 1.59587 1.59666
 1.59618 1.59636 1.59638 1.59617 1.59604 1.59605 1.59608 1.5963  1.59647
 1.59647][1.57734 1.57746 1.57745 1.57781 1.57801 1.5783  1.57813 1.57804 1.57831
 1.57825 1.57861 1.57874 1.57893 1.57889 1.57879 1.57888 1.57895 1.5788
 1.57894 1.57856 1.57806 1.57764 1.57802 1.57774 1.5779  1.57771 1.57836
 1.57846 1.57873 1.57815 1.57814 1.57845 1.57859 1.57839 1.57834 1.57861
 1.57824 1.57842 1.57859 1.57872 1.57864 1.57906 1.57929 1.57928 1.57949
 1.57905 1.57878 1.57901 1.57882 1.57885 1.57889 1.57921 1.57912 1.57982
 1.58024 1.58059 1.58065 1.58061 1.5809  1.58049 1.58134 1.58088 1.58115
 1.5816  1.58155 1.58218 1.58247 1.58249 1.58245 1.58222 1.5826  1.5831
 1.58316 1.58333 1.58356 1.5843  1.58444 1.58512 1.58503 1.58481 1.58477
 1.58518 1.58506 1.58544 1.58618 1.58641 1.58629 1.58616 1.58609 1.58689
 1.58709 1.58675 1.5867  1.58662 1.58676 1.58642 1.58631 1.58626 1.58626
 1.5867 ]