[1.2508  1.25076 1.25072 1.25072 1.25075 1.25074 1.25071 1.25068 1.25072
 1.25072 1.25075 1.25075 1.25075 1.25076 1.25078 1.25077 1.25076 1.25078
 1.25077 1.25076 1.25075 1.25075 1.25078 1.25072 1.25073 1.25071 1.25071
 1.25071 1.25072 1.2507  1.25071 1.25069 1.25066 1.25066 1.25064 1.25061
 1.2506  1.25061 1.25056 1.25053 1.25053 1.25053 1.25049 1.2505  1.25053
 1.25055 1.25055 1.25056 1.25058 1.25055 1.25057 1.25057 1.25057 1.25055
 1.25056 1.25054 1.25056 1.25056 1.25055 1.25057 1.25058 1.25058 1.25056
 1.25058 1.25054 1.2505  1.25049 1.25051 1.25051 1.25047 1.25047 1.25044
 1.25043 1.25044 1.25045 1.25045 1.25045 1.25045 1.25042 1.25038 1.25038
 1.25039 1.25041 1.2504  1.25035 1.25034 1.25036 1.25036 1.25035 1.25034
 1.25029 1.25029 1.25025 1.2503  1.25028 1.25025 1.25021 1.25019 1.25017
 1.25015][1.26168 1.26171 1.26169 1.2617  1.2617  1.26172 1.26172 1.26173 1.26174
 1.26177 1.26176 1.26178 1.26177 1.26176 1.26176 1.26174 1.26175 1.26174
 1.26171 1.26175 1.26171 1.26169 1.26167 1.26167 1.26169 1.26163 1.26164
 1.26162 1.26162 1.26159 1.26161 1.26164 1.26157 1.26156 1.2616  1.26161
 1.26157 1.26157 1.26157 1.26159 1.26158 1.26154 1.26157 1.26157 1.26159
 1.26157 1.26159 1.26156 1.26155 1.26155 1.26159 1.26159 1.26159 1.2616
 1.26158 1.2616  1.26159 1.26158 1.26158 1.26157 1.26159 1.26157 1.26153
 1.26154 1.26152 1.26154 1.26153 1.26151 1.26148 1.26149 1.26151 1.26154
 1.26156 1.26155 1.26153 1.26151 1.26149 1.2615  1.26151 1.2615  1.26151
 1.2615  1.26151 1.2615  1.26149 1.26149 1.26149 1.26151 1.2615  1.26148
 1.26145 1.26144 1.26145 1.26148 1.26145 1.26149 1.26152 1.26154 1.26153
 1.26151][1.23803 1.23805 1.23803 1.23802 1.238   1.23803 1.23803 1.23807 1.23809
 1.23809 1.2381  1.23813 1.23814 1.23816 1.23817 1.23816 1.23815 1.23814
 1.23812 1.2381  1.23807 1.23807 1.2381  1.23808 1.23807 1.23804 1.23804
 1.23806 1.238   1.23801 1.23795 1.23794 1.23792 1.23786 1.23785 1.23782
 1.2378  1.2378  1.2378  1.23779 1.23779 1.2378  1.23776 1.23775 1.23774
 1.23776 1.23773 1.23771 1.2377  1.23766 1.23765 1.23767 1.23768 1.2377
 1.2377  1.23769 1.23769 1.2377  1.23768 1.23767 1.23766 1.23762 1.23763
 1.23764 1.23762 1.23763 1.23768 1.23769 1.23771 1.23769 1.23773 1.23774
 1.23772 1.23772 1.23769 1.23772 1.23769 1.23768 1.23764 1.2376  1.23757
 1.23754 1.23752 1.23755 1.23752 1.23752 1.23755 1.23753 1.23754 1.23753
 1.23754 1.2375  1.23749 1.23749 1.23748 1.2375  1.2375  1.23746 1.2374
 1.23739][1.25402 1.25399 1.25401 1.25404 1.25402 1.25403 1.25401 1.25405 1.25402
 1.25409 1.2541  1.25406 1.25407 1.2541  1.25412 1.25413 1.25413 1.25415
 1.25413 1.25412 1.25414 1.25415 1.25417 1.25419 1.25419 1.25419 1.25418
 1.25419 1.25418 1.2542  1.25418 1.2542  1.25418 1.25419 1.2542  1.25418
 1.25417 1.25419 1.25419 1.25423 1.25421 1.25419 1.25419 1.25422 1.25422
 1.25421 1.25421 1.2542  1.2542  1.2542  1.25414 1.25413 1.25415 1.25413
 1.25414 1.25416 1.25416 1.25416 1.25416 1.25413 1.25412 1.25409 1.25414
 1.25416 1.25417 1.25419 1.25418 1.25417 1.25416 1.25416 1.25418 1.25415
 1.25415 1.25416 1.25413 1.25413 1.2541  1.25412 1.25409 1.25408 1.25411
 1.25412 1.25411 1.25409 1.25404 1.25406 1.25408 1.25408 1.25406 1.25405
 1.25404 1.254   1.254   1.25398 1.25403 1.25401 1.25404 1.25404 1.25407
 1.25406][1.25618 1.25617 1.25621 1.25623 1.25621 1.25623 1.25625 1.25626 1.25626
 1.25626 1.25624 1.25626 1.25625 1.25627 1.2563  1.25631 1.25634 1.25634
 1.25633 1.25635 1.25635 1.25633 1.25634 1.25633 1.25631 1.25627 1.25628
 1.25629 1.25629 1.25626 1.25628 1.25629 1.25631 1.25632 1.25634 1.2563
 1.2563  1.25629 1.25631 1.25633 1.2563  1.25628 1.25625 1.25626 1.25626
 1.25626 1.25625 1.25625 1.25625 1.25624 1.25624 1.25626 1.25623 1.25623
 1.25619 1.25617 1.25612 1.25608 1.25608 1.25607 1.25605 1.25606 1.25609
 1.2561  1.25608 1.25607 1.25606 1.25604 1.25604 1.25607 1.25607 1.25609
 1.25608 1.25607 1.2561  1.2561  1.2561  1.25612 1.25612 1.25611 1.25611
 1.2561  1.25613 1.25609 1.25607 1.25608 1.25605 1.25608 1.25607 1.25604
 1.25607 1.25604 1.25601 1.25603 1.25601 1.25603 1.25601 1.256   1.25599
 1.25598][1.26448 1.26449 1.26451 1.2645  1.26451 1.26453 1.26451 1.26448 1.26448
 1.26449 1.26449 1.26446 1.26447 1.26448 1.2645  1.2645  1.26452 1.26457
 1.26459 1.26461 1.26463 1.26465 1.26466 1.26465 1.26465 1.26468 1.2647
 1.26467 1.2647  1.26467 1.26468 1.26468 1.26469 1.26471 1.26469 1.2647
 1.26466 1.26466 1.26467 1.2647  1.26471 1.26472 1.26474 1.26476 1.26477
 1.26477 1.26481 1.2648  1.26482 1.26485 1.26485 1.26487 1.26489 1.26485
 1.26483 1.26482 1.26481 1.26477 1.26475 1.26476 1.26476 1.26478 1.26478
 1.26476 1.2647  1.26475 1.26473 1.26471 1.26471 1.2647  1.26471 1.26472
 1.26473 1.26473 1.26472 1.26471 1.26474 1.26478 1.26477 1.26477 1.26478
 1.26481 1.2648  1.26479 1.26479 1.26476 1.26474 1.26472 1.26472 1.26471
 1.26469 1.26469 1.26466 1.26464 1.26459 1.2646  1.26456 1.26457 1.26453
 1.26452][1.2609  1.26089 1.26091 1.26089 1.26094 1.26094 1.26095 1.26093 1.2609
 1.26088 1.26091 1.26094 1.26094 1.26092 1.26092 1.26091 1.26093 1.26095
 1.26094 1.26094 1.26089 1.26091 1.26086 1.26085 1.26084 1.26081 1.26084
 1.26084 1.26084 1.26081 1.2608  1.2608  1.26083 1.26082 1.26082 1.26082
 1.26081 1.2608  1.26082 1.26084 1.26086 1.26088 1.26085 1.26085 1.26084
 1.26085 1.26087 1.26087 1.26086 1.26087 1.26089 1.26089 1.2609  1.26091
 1.26093 1.26094 1.26094 1.26096 1.26095 1.26094 1.26095 1.26098 1.26095
 1.26093 1.26091 1.26087 1.26081 1.26083 1.2608  1.26081 1.26082 1.26081
 1.26081 1.26079 1.26078 1.26078 1.26079 1.26082 1.26082 1.26084 1.26079
 1.26078 1.2608  1.26078 1.2608  1.26078 1.26078 1.26081 1.2608  1.26077
 1.26075 1.26078 1.2608  1.26075 1.26071 1.26073 1.26069 1.26067 1.26067
 1.26065][1.25054 1.25058 1.25057 1.25055 1.25053 1.25059 1.25061 1.25061 1.25064
 1.25064 1.25067 1.25065 1.25066 1.25063 1.25066 1.25068 1.2507  1.2507
 1.25072 1.25073 1.25074 1.25074 1.25077 1.25075 1.25076 1.25077 1.2508
 1.25081 1.25079 1.25078 1.2508  1.25079 1.25081 1.25082 1.25081 1.2508
 1.25083 1.25083 1.25084 1.25083 1.25086 1.25085 1.25086 1.25088 1.25087
 1.25086 1.25087 1.25089 1.25092 1.25094 1.25095 1.25096 1.25095 1.25093
 1.25093 1.25095 1.25095 1.25093 1.25096 1.25099 1.25099 1.25096 1.25099
 1.25099 1.25098 1.25099 1.251   1.25098 1.25101 1.25101 1.25101 1.25102
 1.251   1.25099 1.25098 1.25097 1.25095 1.25095 1.25096 1.25098 1.25097
 1.25096 1.25097 1.25096 1.25099 1.25094 1.25093 1.25096 1.25094 1.25091
 1.25094 1.25092 1.25095 1.25095 1.25093 1.25094 1.25094 1.25095 1.25093
 1.25092][1.26054 1.26054 1.26056 1.26056 1.26056 1.26058 1.26056 1.26058 1.26061
 1.26061 1.26064 1.26066 1.26067 1.26068 1.26068 1.26071 1.2607  1.26074
 1.26077 1.26075 1.26075 1.26075 1.26074 1.26073 1.26074 1.26075 1.26075
 1.26074 1.26073 1.26069 1.26069 1.26068 1.26069 1.26067 1.26068 1.2607
 1.26071 1.2607  1.26073 1.26075 1.26076 1.26076 1.26073 1.26077 1.26075
 1.26074 1.26076 1.26077 1.26079 1.26077 1.26078 1.26079 1.2608  1.26077
 1.26078 1.26078 1.26079 1.26079 1.26078 1.26082 1.26081 1.26083 1.26082
 1.26084 1.26085 1.26082 1.26083 1.26086 1.26089 1.26088 1.26089 1.26089
 1.26088 1.2609  1.26091 1.26088 1.26092 1.2609  1.26093 1.26096 1.26095
 1.26092 1.26092 1.26093 1.26091 1.26092 1.2609  1.26093 1.26092 1.26093
 1.26093 1.26094 1.26089 1.26088 1.26086 1.26088 1.26091 1.26088 1.2609
 1.26092][1.25406 1.25406 1.25406 1.25407 1.25407 1.25407 1.25407 1.25407 1.25407
 1.25405 1.25407 1.25406 1.25407 1.25408 1.25408 1.25409 1.25409 1.25412
 1.25414 1.25414 1.25413 1.25413 1.25413 1.25413 1.25411 1.25411 1.25409
 1.25407 1.25408 1.25404 1.25405 1.25402 1.25401 1.25401 1.25398 1.25401
 1.25398 1.254   1.254   1.25401 1.25402 1.25402 1.25401 1.25396 1.25396
 1.25398 1.25399 1.25398 1.25399 1.25397 1.25399 1.25395 1.25397 1.25397
 1.25398 1.254   1.25401 1.254   1.25397 1.25398 1.25398 1.25399 1.25397
 1.25395 1.25396 1.25395 1.25388 1.25391 1.25391 1.25391 1.25388 1.2539
 1.25389 1.25388 1.25388 1.25391 1.25395 1.25397 1.25401 1.25401 1.25402
 1.25406 1.25407 1.25408 1.25413 1.25414 1.25411 1.25412 1.25413 1.25412
 1.25413 1.25411 1.25412 1.2541  1.2541  1.25408 1.25408 1.25408 1.2541
 1.2541 ]