[1.40126 1.40129 1.40126 1.40123 1.40124 1.4012  1.40119 1.40115 1.40114
 1.40113 1.4011  1.40109 1.40106 1.40104 1.40103 1.40101 1.40099 1.40099
 1.40098 1.40094 1.40093 1.40094 1.40093 1.40094 1.40092 1.40097 1.40093
 1.40096 1.40092 1.40095 1.40099 1.40102 1.401   1.40099 1.401   1.40099
 1.40098 1.40097 1.40096 1.40095 1.40091 1.40092 1.40089 1.40086 1.40087
 1.40086 1.40082 1.40077 1.40077 1.40077 1.40075 1.40077 1.40076 1.40071
 1.40068 1.40066 1.4007  1.40074 1.4007  1.40071 1.40068 1.40066 1.40066
 1.40064 1.40063 1.4006  1.4006  1.40056 1.40058 1.40055 1.40056 1.40058
 1.40057 1.40055 1.40052 1.40054 1.40052 1.40056 1.40054 1.40053 1.40051
 1.40051 1.40053 1.40054 1.40055 1.40052 1.40046 1.40045 1.40042 1.40041
 1.4004  1.40034 1.40035 1.40032 1.4003  1.40026 1.40025 1.40026 1.40029
 1.40028][1.39844 1.39847 1.39847 1.39848 1.39849 1.39847 1.3985  1.39849 1.3985
 1.39853 1.39852 1.3985  1.39849 1.39847 1.39845 1.39842 1.39843 1.39841
 1.39836 1.39833 1.39835 1.39837 1.39837 1.39838 1.39835 1.39831 1.39832
 1.39828 1.39825 1.39825 1.39822 1.39819 1.39819 1.39821 1.3982  1.39818
 1.39818 1.39818 1.39822 1.39821 1.39823 1.39823 1.39821 1.39818 1.39814
 1.39817 1.39813 1.39821 1.39829 1.39826 1.39828 1.39826 1.39826 1.39828
 1.39829 1.39831 1.39828 1.39827 1.39831 1.39832 1.3983  1.39829 1.39828
 1.39825 1.39828 1.39823 1.39819 1.39822 1.39823 1.39818 1.39816 1.3982
 1.39816 1.39815 1.39814 1.39816 1.39816 1.39816 1.39817 1.39819 1.39821
 1.39821 1.39819 1.39818 1.39815 1.39815 1.39815 1.39814 1.39818 1.39816
 1.39815 1.39812 1.39814 1.39813 1.39811 1.39808 1.39806 1.39804 1.39805
 1.39804][1.42063 1.42061 1.42064 1.42064 1.42063 1.42061 1.42059 1.42064 1.42069
 1.42069 1.42066 1.42067 1.42068 1.4207  1.4207  1.42067 1.42067 1.42069
 1.42069 1.42069 1.42066 1.42069 1.42068 1.42067 1.42071 1.42072 1.42074
 1.42069 1.42069 1.4207  1.42069 1.4207  1.42065 1.42066 1.42064 1.42062
 1.42058 1.42054 1.42052 1.42051 1.42048 1.42046 1.42046 1.42047 1.4205
 1.42046 1.42045 1.42046 1.42041 1.42043 1.42043 1.42043 1.4204  1.42037
 1.42034 1.42033 1.42034 1.42038 1.42037 1.42035 1.42034 1.42033 1.42036
 1.42037 1.42035 1.42035 1.42035 1.42031 1.42028 1.42024 1.42025 1.42025
 1.42023 1.42022 1.42019 1.4202  1.42018 1.42017 1.42013 1.42016 1.42015
 1.42015 1.42016 1.42015 1.42014 1.42014 1.42012 1.4201  1.42008 1.42012
 1.42006 1.42001 1.42001 1.41998 1.41995 1.41994 1.41989 1.41988 1.41985
 1.41984][1.39218 1.39221 1.39221 1.39223 1.39223 1.39223 1.39221 1.39219 1.39221
 1.39224 1.39218 1.39218 1.39216 1.39216 1.39215 1.39215 1.39219 1.39221
 1.39219 1.39224 1.39223 1.39222 1.39225 1.39226 1.39229 1.39229 1.39227
 1.39229 1.39231 1.39232 1.39232 1.39227 1.39228 1.39223 1.39216 1.39216
 1.39217 1.39216 1.39212 1.39208 1.39208 1.39212 1.39211 1.39207 1.39207
 1.39208 1.39209 1.39209 1.3921  1.3921  1.39206 1.39207 1.39208 1.39211
 1.3921  1.39212 1.39214 1.39209 1.39208 1.39207 1.39206 1.3921  1.39211
 1.39209 1.39207 1.39203 1.39204 1.39202 1.39206 1.39202 1.39197 1.39195
 1.39194 1.39195 1.39197 1.39195 1.39196 1.39195 1.39198 1.39194 1.39193
 1.39193 1.39193 1.39195 1.39192 1.39191 1.39194 1.39198 1.39202 1.39202
 1.39201 1.39205 1.39202 1.39198 1.39196 1.39194 1.39194 1.39193 1.39192
 1.39194][1.39577 1.39579 1.39576 1.39581 1.3958  1.39581 1.39581 1.39583 1.39587
 1.3959  1.39597 1.396   1.39603 1.396   1.39599 1.39596 1.39594 1.39594
 1.39594 1.39594 1.39595 1.39598 1.39596 1.396   1.39605 1.39604 1.39602
 1.39603 1.39602 1.39608 1.39612 1.39612 1.39613 1.39614 1.39617 1.39618
 1.39616 1.39613 1.39613 1.39616 1.39619 1.39613 1.39612 1.39612 1.39615
 1.39614 1.39616 1.39614 1.39612 1.39609 1.39614 1.39615 1.39616 1.39617
 1.39614 1.39613 1.39613 1.3961  1.3961  1.39612 1.39611 1.39609 1.39609
 1.39607 1.39607 1.3961  1.39611 1.39614 1.39616 1.39613 1.39614 1.39615
 1.39613 1.3961  1.39611 1.3961  1.39617 1.39615 1.39618 1.39619 1.39615
 1.39616 1.39613 1.39617 1.39613 1.39615 1.39616 1.39612 1.39611 1.39611
 1.39612 1.39606 1.39606 1.39599 1.39597 1.39597 1.39595 1.39592 1.39592
 1.3959 ][1.40273 1.40275 1.4027  1.4027  1.40273 1.40273 1.40271 1.40274 1.40274
 1.40275 1.40272 1.40267 1.40272 1.40275 1.4027  1.40272 1.40274 1.40272
 1.4027  1.4027  1.4027  1.40273 1.40275 1.40281 1.40281 1.40284 1.40283
 1.40284 1.40284 1.40284 1.40286 1.40287 1.40286 1.40288 1.40287 1.40288
 1.40287 1.40288 1.40288 1.40286 1.40283 1.40281 1.40282 1.40282 1.40286
 1.40286 1.40288 1.40293 1.40296 1.40294 1.40293 1.40295 1.40295 1.40298
 1.40295 1.40296 1.40295 1.40293 1.40292 1.40292 1.40295 1.40291 1.40289
 1.40288 1.40288 1.40289 1.40284 1.40284 1.40278 1.4028  1.40278 1.40276
 1.40276 1.40276 1.40276 1.40276 1.40274 1.40267 1.40264 1.40261 1.40258
 1.40254 1.40253 1.40252 1.40253 1.40255 1.40256 1.40254 1.40251 1.40251
 1.40249 1.40248 1.40247 1.40243 1.40242 1.4024  1.4024  1.40239 1.40237
 1.40237][1.40625 1.40622 1.4062  1.40619 1.40621 1.40623 1.40622 1.40621 1.40621
 1.40618 1.40617 1.40614 1.40616 1.40613 1.40615 1.40612 1.4061  1.40611
 1.40614 1.40615 1.40616 1.40617 1.40614 1.40618 1.40616 1.40618 1.40613
 1.4061  1.40612 1.40613 1.40614 1.40616 1.40618 1.40614 1.40614 1.40614
 1.40612 1.40617 1.40614 1.40619 1.40618 1.40617 1.40619 1.40616 1.40616
 1.40615 1.40612 1.4061  1.40613 1.40614 1.40617 1.40619 1.40621 1.40619
 1.40624 1.40626 1.40624 1.40626 1.40629 1.40635 1.40634 1.40632 1.40632
 1.40631 1.40623 1.4062  1.40623 1.40623 1.40624 1.40623 1.40625 1.40622
 1.40621 1.40619 1.40616 1.40616 1.40617 1.40624 1.40625 1.40622 1.40619
 1.40622 1.4062  1.40621 1.4062  1.40615 1.40616 1.40618 1.40615 1.40614
 1.40614 1.40612 1.40614 1.40616 1.40616 1.40618 1.40616 1.40612 1.40611
 1.40612][1.41386 1.41389 1.4139  1.41391 1.4139  1.41387 1.41393 1.41392 1.41395
 1.41401 1.414   1.41402 1.41402 1.41402 1.41402 1.41402 1.41402 1.41404
 1.41408 1.41409 1.41407 1.41412 1.41414 1.41414 1.41421 1.41422 1.41424
 1.41429 1.41433 1.41435 1.41433 1.4143  1.41433 1.41434 1.41432 1.41435
 1.41435 1.41429 1.41429 1.41428 1.41432 1.41437 1.41441 1.41437 1.41435
 1.41439 1.41434 1.41436 1.41441 1.41447 1.41448 1.41452 1.41452 1.41451
 1.41452 1.41452 1.4145  1.41454 1.41454 1.41461 1.41463 1.41464 1.41468
 1.41466 1.41467 1.41467 1.41461 1.41462 1.41459 1.4146  1.41463 1.41459
 1.41462 1.41459 1.41455 1.4145  1.4145  1.41452 1.41449 1.4145  1.4145
 1.4145  1.41447 1.41445 1.41443 1.41442 1.41441 1.41439 1.41436 1.41434
 1.41433 1.41436 1.41434 1.41434 1.41429 1.41435 1.41436 1.41431 1.41432
 1.41432][1.44817 1.4482  1.44822 1.44825 1.44824 1.44826 1.4483  1.4483  1.4483
 1.44832 1.44832 1.44839 1.4484  1.44843 1.44845 1.44849 1.44851 1.44852
 1.44854 1.44848 1.44851 1.4485  1.44847 1.44856 1.4486  1.44859 1.44863
 1.44863 1.44863 1.44864 1.44865 1.44864 1.44864 1.44868 1.44872 1.44874
 1.44874 1.44876 1.44872 1.44874 1.44876 1.44876 1.44878 1.44878 1.44879
 1.4488  1.4488  1.44876 1.44878 1.44881 1.44886 1.44887 1.44888 1.44892
 1.44897 1.44898 1.44901 1.44904 1.44907 1.44908 1.44912 1.44914 1.4491
 1.44913 1.44914 1.44914 1.44916 1.44915 1.44916 1.44915 1.44916 1.44912
 1.44916 1.44914 1.44914 1.4491  1.44911 1.44918 1.44917 1.4492  1.44917
 1.44915 1.44916 1.44911 1.44916 1.4491  1.449   1.44901 1.44904 1.44903
 1.44902 1.44898 1.44894 1.44891 1.4489  1.44888 1.44887 1.44889 1.44886
 1.4489 ][1.40972 1.40972 1.40973 1.40971 1.40971 1.4097  1.40968 1.40965 1.40971
 1.40972 1.40973 1.40976 1.40976 1.40976 1.40976 1.40976 1.40979 1.4098
 1.40981 1.4098  1.40985 1.40987 1.40991 1.40995 1.40994 1.40992 1.40994
 1.40996 1.41001 1.41005 1.41005 1.41009 1.41008 1.4101  1.41012 1.41018
 1.41023 1.41023 1.41019 1.4102  1.41017 1.41018 1.41018 1.41018 1.41018
 1.41022 1.4102  1.41023 1.41027 1.41028 1.41028 1.41029 1.41028 1.41034
 1.41036 1.41035 1.41043 1.41042 1.41043 1.41043 1.4104  1.41039 1.41039
 1.41042 1.41039 1.41039 1.41038 1.41038 1.41041 1.41039 1.41043 1.41045
 1.41048 1.41046 1.41051 1.41051 1.41051 1.41051 1.4105  1.41051 1.41049
 1.41046 1.41046 1.41049 1.41053 1.41059 1.41065 1.4107  1.41076 1.41084
 1.41085 1.41086 1.41083 1.4108  1.41081 1.41087 1.41085 1.41085 1.41084
 1.41082]