[4.09053 4.09138 4.09198 4.09354 4.09291 4.09437 4.09441 4.09708 4.09604
 4.09856 4.09864 4.10031 4.09989 4.09877 4.09795 4.09662 4.09612 4.09671
 4.09634 4.09387 4.09803 4.09734 4.0973  4.09805 4.09437 4.09715 4.09232
 4.09299 4.09475 4.0982  4.09865 4.09373 4.0913  4.0868  4.08422 4.08358
 4.08057 4.0796  4.07894 4.0763  4.0775  4.07413 4.07063 4.06954 4.06546
 4.06283 4.06301 4.05929 4.05816 4.05432 4.05352 4.04976 4.04748 4.04728
 4.05085 4.05248 4.04985 4.04998 4.04532 4.04699 4.04851 4.04348 4.03798
 4.03978 4.03976 4.03776 4.0349  4.03162 4.02753 4.02853 4.02981 4.02933
 4.02933 4.02917 4.0259  4.02343 4.02134 4.01956 4.01982 4.01924 4.02195
 4.02338 4.02295 4.01927 4.01906 4.01162 4.00587 4.0029  3.99287 3.99108
 3.98604 3.98366 3.98017 3.97419 3.97494 3.97284 3.9724  3.97381 3.97433
 3.97182][4.17923 4.17878 4.17713 4.17893 4.1797  4.17918 4.18025 4.17942 4.18094
 4.18345 4.18298 4.18481 4.18675 4.191   4.1877  4.18954 4.19321 4.19426
 4.19267 4.19226 4.19083 4.18899 4.18876 4.18979 4.18779 4.18301 4.18303
 4.18001 4.17728 4.18071 4.18034 4.17798 4.17831 4.17582 4.17329 4.17101
 4.17028 4.16849 4.16714 4.16528 4.16594 4.16313 4.1606  4.16157 4.1587
 4.15141 4.15272 4.15074 4.14921 4.14991 4.14444 4.14484 4.14227 4.14496
 4.14636 4.14255 4.14015 4.14037 4.13243 4.13043 4.12792 4.12485 4.12038
 4.11927 4.1169  4.1207  4.11648 4.11774 4.11367 4.11771 4.11404 4.1069
 4.10662 4.10113 4.09895 4.09824 4.09643 4.09267 4.08585 4.08459 4.0817
 4.07669 4.07541 4.0727  4.06825 4.06943 4.07055 4.07358 4.0704  4.06358
 4.06316 4.06483 4.06218 4.0566  4.05918 4.05969 4.05444 4.05043 4.05168
 4.05166][4.89584 4.89468 4.8945  4.8955  4.8951  4.89666 4.8975  4.89619 4.89668
 4.90041 4.90486 4.90553 4.90904 4.90873 4.91096 4.91365 4.91619 4.9176
 4.91616 4.91793 4.919   4.91844 4.92022 4.91992 4.92353 4.92648 4.93195
 4.93707 4.93971 4.93981 4.93386 4.93405 4.93075 4.93098 4.92897 4.92186
 4.91011 4.90437 4.90561 4.91156 4.90526 4.90573 4.91043 4.90964 4.90568
 4.90753 4.90926 4.90474 4.90413 4.89918 4.9011  4.90159 4.89845 4.89932
 4.89358 4.89773 4.89681 4.89904 4.89751 4.89445 4.88967 4.88408 4.88156
 4.8816  4.87948 4.87844 4.87364 4.87027 4.86223 4.86065 4.85652 4.85866
 4.85091 4.84632 4.84153 4.83704 4.83672 4.83452 4.83478 4.8371  4.83608
 4.83446 4.83586 4.83621 4.82983 4.83279 4.8324  4.83163 4.82891 4.82821
 4.82919 4.82543 4.81577 4.81379 4.80561 4.8024  4.79903 4.7984  4.79955
 4.79912][6.14841 6.14969 6.14979 6.15153 6.15413 6.15701 6.15988 6.15968 6.16172
 6.16487 6.16466 6.16939 6.16418 6.16806 6.17044 6.17361 6.17643 6.1758
 6.17497 6.17683 6.18532 6.18907 6.19353 6.19682 6.20237 6.20456 6.21205
 6.2156  6.21754 6.21787 6.21866 6.22245 6.23217 6.23952 6.24179 6.253
 6.25979 6.2615  6.26365 6.26737 6.26767 6.26852 6.26048 6.25461 6.24901
 6.24441 6.23395 6.24323 6.23959 6.23959 6.23663 6.23118 6.22933 6.22581
 6.22395 6.23157 6.23436 6.23138 6.22896 6.23144 6.22571 6.21767 6.21047
 6.21055 6.20841 6.20789 6.20483 6.2014  6.19748 6.1952  6.19478 6.18891
 6.18126 6.18087 6.18295 6.19638 6.18877 6.18541 6.18547 6.18349 6.18127
 6.185   6.17917 6.17356 6.1753  6.16919 6.16303 6.16477 6.15897 6.14731
 6.14719 6.14369 6.13667 6.1406  6.14041 6.13142 6.13468 6.12048 6.12234
 6.11554][7.88455 7.88569 7.88435 7.88216 7.88489 7.89051 7.89086 7.89232 7.89808
 7.90408 7.90668 7.91562 7.92418 7.92846 7.9271  7.93673 7.94067 7.93824
 7.94213 7.94696 7.95287 7.95778 7.95215 7.96468 7.97925 7.99162 8.00109
 7.99715 7.99678 8.00872 8.00608 8.01485 8.01787 8.03799 8.05055 8.06485
 8.08036 8.07956 8.09332 8.09597 8.1016  8.1034  8.10373 8.10867 8.12783
 8.14351 8.15209 8.15795 8.16876 8.17108 8.16288 8.15513 8.1586  8.14229
 8.13423 8.11634 8.11031 8.11405 8.12351 8.11873 8.11959 8.12508 8.11147
 8.1017  8.09547 8.09389 8.09538 8.09432 8.09956 8.08988 8.0771  8.08168
 8.07204 8.05733 8.0651  8.06119 8.06894 8.06354 8.06785 8.05178 8.05656
 8.04723 8.04838 8.05279 8.04926 8.04656 8.02857 8.0307  8.03257 8.0212
 8.01369 8.0061  8.00368 7.98467 7.98461 7.97278 7.95524 7.95982 7.96092
 7.95449][10.00018  9.99976 10.00065 10.00396 10.0098  10.0111  10.01628 10.02287
 10.02342 10.02442 10.02183 10.02746 10.0328  10.04069 10.04664 10.06198
 10.0589  10.06205 10.07388 10.09354 10.11236 10.12486 10.14402 10.15743
 10.16312 10.16825 10.17417 10.17666 10.18574 10.18857 10.19523 10.19476
 10.21686 10.22524 10.24859 10.25943 10.26385 10.27419 10.29698 10.31512
 10.32725 10.34525 10.34553 10.35349 10.36642 10.37265 10.38739 10.4039
 10.41004 10.42787 10.44388 10.45402 10.46932 10.49256 10.49718 10.51079
 10.51513 10.53256 10.54099 10.55146 10.54823 10.53835 10.52131 10.51452
 10.50912 10.50772 10.50513 10.49297 10.49043 10.50668 10.49789 10.49573
 10.49974 10.49661 10.49638 10.50836 10.49924 10.49514 10.49885 10.48114
 10.47981 10.46058 10.46699 10.47379 10.4689  10.47527 10.48272 10.48077
 10.46907 10.47058 10.45382 10.46611 10.46907 10.46129 10.46886 10.47123
 10.44944 10.44056 10.43662 10.44039][11.72728 11.73001 11.73394 11.73652 11.73984 11.74407 11.74506 11.75141
 11.75705 11.75925 11.76488 11.7758  11.77878 11.78812 11.79938 11.79717
 11.80705 11.81709 11.82338 11.83466 11.8327  11.84013 11.85116 11.85096
 11.85531 11.86701 11.85782 11.87233 11.88856 11.89126 11.91073 11.91987
 11.93182 11.94168 11.95953 11.97432 11.98876 12.00758 12.02737 12.02077
 12.01624 12.01949 12.02172 12.04504 12.05304 12.06189 12.07015 12.07362
 12.07    12.08944 12.10023 12.11084 12.12474 12.13579 12.15072 12.17235
 12.17529 12.19925 12.214   12.21612 12.22135 12.24287 12.25899 12.2924
 12.31191 12.30977 12.31727 12.33495 12.35524 12.37095 12.36454 12.33888
 12.34682 12.34335 12.34148 12.35744 12.34948 12.33182 12.3502  12.34932
 12.34911 12.33506 12.34683 12.33894 12.33827 12.3277  12.33053 12.32326
 12.33163 12.33439 12.31356 12.31298 12.29997 12.28694 12.27154 12.25385
 12.24876 12.22973 12.24385 12.24722][9.29479 9.29331 9.28741 9.28584 9.28583 9.29302 9.29209 9.29062 9.29336
 9.29434 9.29664 9.30111 9.2999  9.30321 9.30667 9.31384 9.31576 9.32473
 9.32733 9.33882 9.33896 9.34095 9.3613  9.37212 9.38311 9.38296 9.3861
 9.38753 9.39966 9.40284 9.41224 9.41413 9.41333 9.42409 9.41735 9.42132
 9.4315  9.44645 9.45326 9.46527 9.47501 9.49257 9.4987  9.5067  9.51345
 9.52845 9.52952 9.54419 9.5463  9.55542 9.55609 9.5707  9.58363 9.59015
 9.59292 9.58924 9.59534 9.60028 9.6175  9.6225  9.62344 9.62702 9.63938
 9.64487 9.64465 9.66172 9.66395 9.68296 9.67906 9.69049 9.70073 9.71701
 9.73698 9.74788 9.76253 9.77465 9.78861 9.79898 9.80821 9.81254 9.79717
 9.78216 9.77628 9.76313 9.76387 9.74454 9.72858 9.72799 9.71805 9.71488
 9.70399 9.69957 9.69761 9.67328 9.68688 9.67728 9.68673 9.68004 9.67887
 9.67938][13.18296 13.1874  13.18369 13.1811  13.18399 13.18078 13.18193 13.18614
 13.19514 13.21622 13.21377 13.2218  13.23246 13.24227 13.25855 13.26757
 13.27404 13.28992 13.31047 13.31425 13.32017 13.32055 13.32033 13.33567
 13.35292 13.35483 13.36181 13.37108 13.38335 13.39562 13.41389 13.41936
 13.42967 13.46321 13.47282 13.47763 13.49192 13.50017 13.51071 13.50782
 13.52898 13.54822 13.55479 13.55484 13.54643 13.55727 13.58483 13.59669
 13.60653 13.62998 13.63443 13.6405  13.6461  13.67806 13.69598 13.70505
 13.71668 13.74477 13.75445 13.75842 13.74694 13.75818 13.77524 13.80129
 13.81781 13.8467  13.85452 13.86039 13.84577 13.84006 13.85779 13.88115
 13.89694 13.90525 13.89116 13.91795 13.93134 13.93763 13.95737 13.98322
 13.98844 13.99352 14.00274 14.00771 14.01681 13.99941 13.98091 13.98149
 13.99676 14.00369 13.97955 13.97782 13.95035 13.93094 13.91149 13.89061
 13.88667 13.84162 13.82463 13.82215][14.26117 14.26456 14.26452 14.26781 14.27433 14.27246 14.28367 14.28484
 14.29849 14.29847 14.30579 14.3091  14.326   14.32973 14.34042 14.34631
 14.36902 14.36279 14.37411 14.37428 14.3805  14.39707 14.39943 14.40924
 14.41427 14.41403 14.44645 14.45427 14.44189 14.46029 14.46571 14.487
 14.51306 14.52586 14.54382 14.55573 14.57812 14.58574 14.60089 14.59732
 14.61643 14.64036 14.64002 14.65715 14.66176 14.68718 14.70275 14.72672
 14.75513 14.76686 14.79081 14.80408 14.81144 14.81545 14.85084 14.86059
 14.8814  14.89959 14.92798 14.9389  14.96519 14.96743 14.98999 15.00924
 15.041   15.06386 15.09425 15.10693 15.11443 15.12751 15.13932 15.15991
 15.1773  15.19139 15.20731 15.24576 15.26102 15.29191 15.32104 15.35459
 15.36729 15.38669 15.42064 15.43837 15.442   15.47025 15.47749 15.49088
 15.51518 15.55033 15.56627 15.59365 15.58963 15.63701 15.66042 15.68378
 15.69652 15.71003 15.72556 15.73653]