[1.26996 1.26995 1.26995 1.26993 1.26996 1.26991 1.26986 1.26982 1.26978
 1.26977 1.26977 1.26978 1.26973 1.26971 1.26971 1.26972 1.26973 1.26973
 1.26973 1.26973 1.26974 1.26969 1.26965 1.26964 1.26961 1.26957 1.26954
 1.26952 1.26953 1.26951 1.26949 1.26949 1.26949 1.26946 1.26944 1.26945
 1.26945 1.26946 1.26946 1.26945 1.26945 1.26944 1.26944 1.26945 1.2695
 1.26946 1.26942 1.26941 1.26941 1.2694  1.2694  1.26937 1.26939 1.26941
 1.26941 1.26936 1.26937 1.26939 1.26934 1.26934 1.26932 1.26934 1.26929
 1.2693  1.26929 1.26929 1.26925 1.2692  1.26919 1.26918 1.26917 1.26917
 1.26915 1.2691  1.26911 1.26913 1.26913 1.26914 1.26917 1.26914 1.26911
 1.26914 1.26916 1.26916 1.26914 1.26915 1.26917 1.26916 1.26916 1.26913
 1.26913 1.26915 1.26916 1.26917 1.26911 1.2691  1.26911 1.2691  1.26913
 1.26914][1.26387 1.26388 1.26391 1.26392 1.26393 1.26397 1.26395 1.26395 1.26395
 1.2639  1.26387 1.26387 1.26384 1.26381 1.26381 1.26381 1.26383 1.26382
 1.2638  1.2638  1.26382 1.26384 1.26385 1.26386 1.26385 1.26386 1.26386
 1.26388 1.26388 1.26387 1.26386 1.26382 1.26386 1.26386 1.26385 1.26388
 1.2639  1.26388 1.26387 1.26387 1.26385 1.26383 1.26379 1.26378 1.26374
 1.26372 1.26371 1.26373 1.26371 1.26372 1.26374 1.26377 1.26379 1.26378
 1.26377 1.26377 1.26373 1.26374 1.26375 1.26376 1.26377 1.26378 1.26376
 1.26375 1.26376 1.26373 1.26375 1.26376 1.26377 1.26377 1.26378 1.26376
 1.26377 1.2638  1.26381 1.26381 1.26381 1.26381 1.26382 1.26379 1.26375
 1.26378 1.26375 1.26374 1.26371 1.26367 1.26369 1.26368 1.26367 1.26367
 1.26365 1.26369 1.26368 1.2637  1.2637  1.26366 1.26365 1.26364 1.26362
 1.26361][1.26021 1.26022 1.2602  1.26023 1.26023 1.26026 1.26027 1.26028 1.26025
 1.26025 1.26023 1.26022 1.26026 1.26025 1.26027 1.26027 1.26026 1.26027
 1.26028 1.26026 1.26023 1.26023 1.26025 1.26024 1.26024 1.26025 1.26025
 1.26026 1.26025 1.26025 1.26027 1.26024 1.26026 1.26027 1.26026 1.26024
 1.26026 1.26028 1.26031 1.26031 1.2603  1.26026 1.26026 1.26027 1.26027
 1.26026 1.26026 1.26024 1.26023 1.26024 1.26021 1.2602  1.26021 1.26022
 1.26022 1.26021 1.2602  1.26019 1.26019 1.2602  1.26022 1.26022 1.26021
 1.26022 1.2602  1.26017 1.26016 1.26017 1.26017 1.26017 1.26014 1.26014
 1.26013 1.26013 1.26011 1.26012 1.26014 1.26015 1.26013 1.26013 1.26012
 1.26014 1.26013 1.26016 1.26018 1.2602  1.2602  1.26019 1.26021 1.2602
 1.26021 1.26021 1.26015 1.26015 1.26015 1.26013 1.26012 1.26009 1.2601
 1.2601 ][1.25566 1.25564 1.25565 1.25568 1.25568 1.25571 1.25572 1.25573 1.25572
 1.25572 1.25572 1.25575 1.25573 1.25574 1.25571 1.25572 1.25575 1.25575
 1.25575 1.25577 1.2558  1.25581 1.25584 1.25587 1.25586 1.25584 1.25587
 1.25588 1.2559  1.25592 1.25592 1.2559  1.25591 1.25591 1.2559  1.25592
 1.25593 1.25589 1.25588 1.25589 1.25587 1.2559  1.25592 1.25592 1.25592
 1.25594 1.25594 1.25591 1.25597 1.25594 1.25594 1.25592 1.25592 1.25591
 1.25591 1.25589 1.25589 1.2559  1.25589 1.2559  1.25586 1.25584 1.25584
 1.25582 1.25585 1.25585 1.25582 1.25581 1.2558  1.25577 1.2558  1.25576
 1.25575 1.25573 1.25572 1.25573 1.25574 1.25574 1.25572 1.25575 1.25573
 1.25572 1.25571 1.25572 1.25569 1.25571 1.25571 1.25569 1.25566 1.25562
 1.25562 1.2556  1.25556 1.25556 1.25554 1.25551 1.25553 1.25555 1.25551
 1.25551][1.25007 1.25008 1.25009 1.25011 1.25013 1.25016 1.25014 1.25015 1.25016
 1.25018 1.25017 1.25014 1.25014 1.25015 1.25016 1.25011 1.2501  1.25011
 1.25011 1.25013 1.25011 1.25011 1.25012 1.25015 1.25016 1.25017 1.25019
 1.25019 1.2502  1.25017 1.25018 1.2502  1.25019 1.2502  1.2502  1.25017
 1.25018 1.2502  1.25022 1.25025 1.25028 1.25024 1.25024 1.25026 1.25026
 1.25031 1.25026 1.25021 1.25024 1.25021 1.25023 1.25028 1.25027 1.25026
 1.25029 1.2503  1.25032 1.25029 1.2503  1.25032 1.25032 1.25028 1.25025
 1.25025 1.25025 1.25025 1.25024 1.25022 1.2502  1.25016 1.2501  1.2501
 1.25008 1.25009 1.25008 1.25007 1.25011 1.25013 1.25014 1.25011 1.2501
 1.25006 1.25008 1.25006 1.25006 1.25005 1.25003 1.25004 1.25001 1.25
 1.25    1.25001 1.25    1.25002 1.25004 1.25005 1.25006 1.25009 1.25012
 1.25013][1.26118 1.26119 1.26115 1.26115 1.26113 1.26114 1.26113 1.26115 1.26115
 1.26116 1.26116 1.26115 1.26117 1.26119 1.26122 1.26122 1.2612  1.26119
 1.2612  1.26119 1.26121 1.26121 1.26121 1.26122 1.26123 1.26128 1.26127
 1.2613  1.26129 1.26129 1.26127 1.26125 1.26124 1.26127 1.26128 1.2613
 1.26131 1.26131 1.26131 1.26134 1.26129 1.26127 1.26128 1.26128 1.26129
 1.26129 1.2613  1.26134 1.26136 1.26135 1.26135 1.26135 1.26133 1.2613
 1.26126 1.26126 1.26128 1.26126 1.26128 1.26128 1.2613  1.26126 1.26122
 1.26124 1.26125 1.26121 1.2612  1.26119 1.26117 1.26117 1.26116 1.26119
 1.26119 1.26113 1.26112 1.26117 1.26119 1.2612  1.26117 1.26116 1.26118
 1.26116 1.26116 1.26117 1.26118 1.26118 1.26113 1.26111 1.26109 1.26109
 1.26108 1.2611  1.26112 1.26112 1.26113 1.26111 1.26108 1.26109 1.26108
 1.26108][1.25523 1.25524 1.25525 1.25525 1.25523 1.25523 1.25523 1.25525 1.25525
 1.25529 1.25529 1.25529 1.25524 1.25525 1.25526 1.25521 1.25522 1.2552
 1.25522 1.25525 1.25528 1.2553  1.25528 1.25531 1.25529 1.25528 1.25529
 1.25531 1.25534 1.25532 1.2553  1.25532 1.25533 1.25532 1.25531 1.25532
 1.25537 1.25539 1.25538 1.25537 1.25534 1.25534 1.25534 1.25537 1.25537
 1.25536 1.25537 1.2554  1.25543 1.25544 1.25544 1.25545 1.25548 1.25548
 1.25549 1.2555  1.25553 1.25553 1.25557 1.25558 1.25552 1.25551 1.2555
 1.2555  1.2555  1.2555  1.25551 1.2555  1.25547 1.25547 1.2555  1.25547
 1.25549 1.25545 1.25546 1.25548 1.25547 1.25551 1.25551 1.25552 1.25556
 1.25554 1.25553 1.25549 1.25548 1.25548 1.25547 1.2555  1.2555  1.2555
 1.25549 1.25548 1.25548 1.2555  1.25547 1.25546 1.25547 1.25546 1.25543
 1.25544][1.26445 1.26447 1.26447 1.26446 1.26448 1.26448 1.26449 1.26449 1.26447
 1.26449 1.26443 1.26446 1.26442 1.26443 1.26445 1.26447 1.26449 1.26448
 1.26448 1.26447 1.26448 1.26448 1.26449 1.26451 1.26448 1.26444 1.26445
 1.2645  1.26451 1.26452 1.26454 1.26456 1.26458 1.26454 1.26455 1.26456
 1.26459 1.2646  1.26458 1.26459 1.2646  1.26459 1.2646  1.26463 1.26466
 1.26468 1.26468 1.26469 1.26467 1.26468 1.26468 1.26467 1.26467 1.26466
 1.26465 1.26465 1.26467 1.26471 1.26476 1.26475 1.26477 1.2648  1.26482
 1.26484 1.26481 1.2648  1.26477 1.2648  1.26481 1.26483 1.26483 1.26482
 1.26484 1.26482 1.26479 1.26479 1.26478 1.26481 1.26478 1.26479 1.26482
 1.26483 1.26484 1.2648  1.26481 1.26482 1.26478 1.26478 1.26476 1.26475
 1.26472 1.26473 1.26474 1.26475 1.26473 1.2647  1.26472 1.26471 1.26473
 1.26472][1.25522 1.25521 1.25521 1.25522 1.25523 1.25525 1.25528 1.25527 1.25527
 1.25527 1.25531 1.2553  1.25533 1.25532 1.2553  1.25533 1.25532 1.25531
 1.25533 1.25533 1.25536 1.2554  1.25541 1.25539 1.25538 1.25542 1.25544
 1.25547 1.25546 1.25549 1.2555  1.25551 1.25546 1.25548 1.25548 1.25549
 1.25553 1.25555 1.25552 1.25547 1.2555  1.25549 1.25549 1.25551 1.25552
 1.25554 1.25556 1.25554 1.25559 1.25561 1.25563 1.25562 1.25561 1.25564
 1.25565 1.25565 1.25564 1.25564 1.25563 1.25559 1.25559 1.25559 1.25557
 1.25557 1.2556  1.25559 1.25559 1.2556  1.25559 1.25561 1.25561 1.25559
 1.2556  1.25557 1.25554 1.25556 1.25556 1.25557 1.25555 1.25554 1.25553
 1.25552 1.25553 1.25551 1.2555  1.25551 1.25548 1.25549 1.2555  1.25549
 1.2555  1.25552 1.25551 1.2555  1.25548 1.25546 1.25546 1.25547 1.25549
 1.25548][1.25434 1.25434 1.25437 1.2544  1.25442 1.25441 1.25442 1.25444 1.25443
 1.25445 1.25448 1.25445 1.25448 1.25449 1.25449 1.25452 1.25453 1.25454
 1.25453 1.25452 1.25455 1.25452 1.25453 1.25453 1.25453 1.25452 1.25452
 1.25452 1.25449 1.25447 1.25449 1.2545  1.25451 1.25453 1.25452 1.25452
 1.25451 1.2545  1.25449 1.25447 1.25447 1.25448 1.25448 1.25449 1.25449
 1.25449 1.2545  1.25449 1.25446 1.25447 1.25448 1.25447 1.25448 1.25447
 1.25444 1.25445 1.25442 1.2544  1.25438 1.25438 1.25438 1.25437 1.25434
 1.25435 1.25434 1.25432 1.25433 1.25435 1.25437 1.2544  1.25441 1.25443
 1.25444 1.25441 1.25441 1.25444 1.25445 1.25443 1.25444 1.25445 1.25442
 1.25441 1.25443 1.25441 1.2544  1.2544  1.2544  1.25443 1.25445 1.25445
 1.25442 1.25443 1.25445 1.25445 1.25443 1.25441 1.25442 1.25437 1.25436
 1.25433]