[1.89666 1.89657 1.89667 1.8966  1.89654 1.89655 1.89651 1.89646 1.89644
 1.89643 1.8964  1.89638 1.89634 1.89625 1.89623 1.89622 1.89615 1.89607
 1.89608 1.89616 1.89613 1.89618 1.89617 1.89619 1.89617 1.89615 1.8961
 1.89614 1.89615 1.8961  1.89615 1.89609 1.89606 1.896   1.89597 1.89599
 1.89593 1.89594 1.89593 1.89596 1.89588 1.89583 1.89584 1.89583 1.89582
 1.89578 1.89572 1.89571 1.89569 1.89569 1.89565 1.89564 1.89571 1.89563
 1.89561 1.89562 1.8956  1.8956  1.89562 1.8956  1.89551 1.89546 1.89542
 1.89539 1.89545 1.89545 1.89545 1.89548 1.89545 1.89543 1.89541 1.8954
 1.89541 1.89536 1.89529 1.89525 1.89525 1.89519 1.89513 1.89513 1.89519
 1.89514 1.89511 1.89511 1.89508 1.89505 1.89499 1.89494 1.89486 1.89484
 1.8949  1.89483 1.89485 1.89483 1.89475 1.89474 1.89478 1.89475 1.89481
 1.89482][1.89274 1.89278 1.89288 1.89285 1.89294 1.89298 1.89302 1.89306 1.89315
 1.89314 1.89314 1.89312 1.89299 1.89303 1.89293 1.89291 1.89286 1.89284
 1.89284 1.89278 1.89288 1.89288 1.8929  1.8928  1.89279 1.89277 1.89275
 1.89267 1.89274 1.89279 1.89287 1.89286 1.89281 1.89277 1.89269 1.89262
 1.89273 1.89273 1.89268 1.89265 1.89264 1.89255 1.89247 1.89243 1.89239
 1.89235 1.89236 1.8923  1.89223 1.89221 1.89222 1.89219 1.89212 1.89213
 1.89217 1.89209 1.89214 1.89205 1.89199 1.89192 1.89192 1.89194 1.89193
 1.8919  1.8918  1.89184 1.89179 1.89171 1.89164 1.89162 1.89171 1.89165
 1.89161 1.89158 1.89152 1.89149 1.89142 1.89142 1.89135 1.89138 1.89134
 1.89128 1.89131 1.89121 1.89119 1.89115 1.89104 1.89099 1.89098 1.89089
 1.89084 1.89079 1.89071 1.89075 1.89077 1.89067 1.89073 1.89071 1.89062
 1.89061][1.77921 1.77925 1.77934 1.77937 1.77942 1.77943 1.77938 1.77936 1.7794
 1.77936 1.77935 1.77943 1.77944 1.77939 1.77945 1.77945 1.7795  1.77944
 1.77946 1.77958 1.77952 1.77949 1.77944 1.77943 1.77937 1.77934 1.7793
 1.77937 1.77929 1.77927 1.77918 1.77918 1.7792  1.77918 1.77921 1.77922
 1.77916 1.77917 1.77921 1.77921 1.77918 1.77915 1.77921 1.77921 1.77919
 1.77916 1.77913 1.77911 1.77905 1.77905 1.77904 1.77908 1.77912 1.77907
 1.77903 1.77903 1.77896 1.77895 1.77889 1.77902 1.77899 1.779   1.77906
 1.77902 1.77902 1.77899 1.77897 1.77895 1.7789  1.77892 1.77887 1.77883
 1.77877 1.77867 1.7787  1.7787  1.77861 1.77866 1.77866 1.77863 1.77857
 1.77857 1.77852 1.77846 1.77841 1.77839 1.77837 1.77834 1.7783  1.77831
 1.77836 1.77837 1.77832 1.77834 1.77836 1.77831 1.77832 1.77835 1.77834
 1.7783 ][1.80774 1.80782 1.8078  1.8078  1.80774 1.80782 1.80786 1.80787 1.80785
 1.80784 1.80791 1.80789 1.80786 1.80796 1.80791 1.80786 1.80793 1.80799
 1.80798 1.8081  1.80809 1.80817 1.8082  1.80823 1.80819 1.80829 1.80829
 1.80838 1.80836 1.80843 1.80841 1.8084  1.8083  1.80829 1.80831 1.80831
 1.80831 1.80829 1.80825 1.80821 1.80823 1.80815 1.80828 1.80827 1.80834
 1.80832 1.80837 1.80829 1.80821 1.80823 1.80821 1.80816 1.80818 1.80812
 1.80805 1.80812 1.80806 1.80804 1.80801 1.80796 1.80802 1.80798 1.80794
 1.80785 1.80779 1.8078  1.80777 1.80776 1.80772 1.80774 1.80781 1.80785
 1.80786 1.80781 1.8078  1.80773 1.80772 1.80769 1.80769 1.8077  1.80764
 1.80759 1.80756 1.80755 1.80745 1.80741 1.80738 1.80727 1.80721 1.80721
 1.80728 1.80724 1.80728 1.80725 1.80722 1.80716 1.80719 1.80718 1.80714
 1.80712][1.97551 1.97558 1.97561 1.9756  1.97557 1.97562 1.97572 1.97565 1.97575
 1.97571 1.97567 1.97568 1.97573 1.97573 1.97575 1.97588 1.976   1.97608
 1.9761  1.97625 1.97627 1.97621 1.97614 1.9762  1.97617 1.9762  1.97629
 1.97631 1.97637 1.97639 1.97639 1.97649 1.97654 1.97657 1.97662 1.97667
 1.97677 1.97682 1.97689 1.97694 1.97694 1.9769  1.97686 1.97681 1.97681
 1.97675 1.97668 1.97666 1.97662 1.97663 1.97661 1.97663 1.9766  1.97668
 1.97668 1.97656 1.97648 1.9764  1.97648 1.97637 1.97644 1.97651 1.97644
 1.97645 1.97635 1.97631 1.97626 1.97628 1.97628 1.97624 1.97617 1.97625
 1.97626 1.97621 1.97623 1.97619 1.97612 1.97607 1.97607 1.97606 1.97606
 1.97605 1.97606 1.97609 1.97607 1.97604 1.97598 1.97599 1.97591 1.97586
 1.97588 1.97578 1.97574 1.9757  1.97566 1.97566 1.97569 1.97568 1.97568
 1.97567][1.79679 1.79675 1.79678 1.7968  1.79679 1.79681 1.79685 1.79689 1.79685
 1.79689 1.79693 1.79692 1.79692 1.79698 1.79702 1.79694 1.7969  1.79683
 1.79681 1.79683 1.79683 1.79682 1.79677 1.79683 1.79683 1.79686 1.79687
 1.79689 1.797   1.7971  1.79713 1.79711 1.79706 1.79705 1.79704 1.7971
 1.79708 1.79706 1.79714 1.79718 1.7972  1.79719 1.79723 1.79728 1.79727
 1.79725 1.79729 1.79733 1.79739 1.79735 1.79737 1.7974  1.79735 1.79733
 1.79727 1.79728 1.79722 1.79714 1.79714 1.7971  1.79704 1.797   1.79704
 1.79698 1.79692 1.79686 1.7969  1.79685 1.79679 1.79677 1.79677 1.79681
 1.79678 1.79676 1.79672 1.79679 1.79676 1.79676 1.79676 1.79671 1.79664
 1.7967  1.79668 1.79671 1.79667 1.7967  1.79673 1.79674 1.79677 1.79672
 1.79674 1.79672 1.79673 1.79681 1.79675 1.79669 1.7967  1.79665 1.79662
 1.79664][1.74236 1.74235 1.74239 1.7424  1.74239 1.74242 1.74242 1.74238 1.74236
 1.74241 1.74244 1.74237 1.74235 1.74239 1.7424  1.74241 1.74244 1.74246
 1.74257 1.74252 1.74252 1.74254 1.74252 1.74259 1.74259 1.7426  1.74262
 1.74265 1.74267 1.7428  1.7428  1.74281 1.74278 1.74272 1.74272 1.74268
 1.74267 1.74272 1.74272 1.74266 1.74265 1.74261 1.74258 1.74265 1.74265
 1.7426  1.74268 1.74266 1.7427  1.74268 1.74266 1.74264 1.74271 1.74269
 1.74264 1.74265 1.74261 1.74262 1.74259 1.74264 1.74259 1.74257 1.74256
 1.74265 1.74267 1.74264 1.74266 1.74261 1.74262 1.74257 1.74252 1.74254
 1.74264 1.74258 1.74262 1.7426  1.7426  1.74261 1.74262 1.74263 1.74262
 1.74267 1.74267 1.74266 1.74258 1.74251 1.74252 1.7425  1.74251 1.74247
 1.74256 1.74254 1.7426  1.74257 1.74256 1.74258 1.74258 1.7426  1.74255
 1.74257][1.82465 1.82472 1.82478 1.82478 1.82481 1.82477 1.82481 1.8248  1.82477
 1.82479 1.82481 1.82483 1.82484 1.82493 1.82485 1.82482 1.82483 1.82495
 1.82496 1.8249  1.8249  1.82494 1.82498 1.82502 1.82506 1.82504 1.8251
 1.82524 1.82529 1.8253  1.82524 1.82522 1.82526 1.82526 1.82526 1.82524
 1.82526 1.82531 1.82536 1.82539 1.82542 1.82536 1.82537 1.82544 1.82543
 1.82544 1.82547 1.82544 1.8255  1.82556 1.82558 1.82556 1.82567 1.82567
 1.82569 1.82564 1.82565 1.82568 1.82567 1.82566 1.82577 1.82575 1.82585
 1.82584 1.82582 1.82587 1.82581 1.82584 1.82585 1.82591 1.82588 1.82587
 1.82582 1.82577 1.82573 1.82574 1.82568 1.82566 1.82563 1.82563 1.8256
 1.82563 1.82569 1.82574 1.82571 1.82574 1.82579 1.82571 1.82573 1.82573
 1.82575 1.82578 1.8258  1.82579 1.82578 1.82577 1.82571 1.82563 1.82562
 1.82559][1.89947 1.89949 1.89956 1.89956 1.89954 1.89954 1.89951 1.89955 1.89966
 1.89964 1.89965 1.89969 1.89978 1.89978 1.89987 1.8999  1.89988 1.89993
 1.89998 1.89998 1.89997 1.89998 1.89998 1.90001 1.90005 1.9     1.89999
 1.90006 1.90006 1.89997 1.89997 1.90002 1.9     1.90008 1.90005 1.90013
 1.90013 1.90012 1.90011 1.90012 1.90018 1.90015 1.90022 1.90019 1.90018
 1.9002  1.90022 1.90031 1.90028 1.90022 1.90021 1.90013 1.90015 1.9002
 1.90019 1.90015 1.90024 1.90017 1.90027 1.90032 1.90032 1.9004  1.90045
 1.90043 1.90046 1.90047 1.90055 1.90054 1.90055 1.90065 1.90065 1.90074
 1.90079 1.90082 1.90079 1.90072 1.90079 1.90083 1.90088 1.90084 1.90081
 1.90078 1.90077 1.90074 1.90077 1.90079 1.90076 1.90083 1.90084 1.90088
 1.90081 1.90077 1.90077 1.90083 1.90078 1.90073 1.90069 1.90071 1.90069
 1.90068][1.80116 1.80118 1.80117 1.80121 1.80125 1.80135 1.80138 1.80138 1.80128
 1.80129 1.8013  1.80133 1.80146 1.80144 1.80141 1.80135 1.80138 1.80136
 1.80138 1.80142 1.80152 1.80152 1.80163 1.80167 1.80171 1.80163 1.80155
 1.80153 1.80154 1.80157 1.80157 1.80159 1.80158 1.8016  1.80156 1.80157
 1.80152 1.80149 1.80147 1.8015  1.80161 1.80163 1.80167 1.8017  1.80171
 1.80173 1.80172 1.80178 1.80186 1.80184 1.80186 1.80194 1.8019  1.80192
 1.80192 1.80188 1.80183 1.80186 1.80179 1.80189 1.80196 1.80198 1.80195
 1.80202 1.80203 1.80199 1.80197 1.80198 1.80195 1.80198 1.80199 1.80219
 1.80216 1.80212 1.80216 1.80217 1.80218 1.80213 1.80214 1.80216 1.8022
 1.80228 1.80227 1.80227 1.80226 1.80232 1.8024  1.80238 1.80237 1.80235
 1.80233 1.80232 1.8023  1.80234 1.80228 1.8023  1.8022  1.80227 1.80224
 1.80219]