[1.37549 1.37541 1.37536 1.37536 1.37529 1.37519 1.37512 1.37508 1.37512
 1.37505 1.37501 1.37498 1.37489 1.37489 1.37484 1.3748  1.37483 1.37483
 1.37481 1.37478 1.37465 1.37465 1.37463 1.37462 1.37454 1.37452 1.37451
 1.37446 1.37445 1.37442 1.37436 1.37436 1.37434 1.37436 1.37442 1.37436
 1.37433 1.37425 1.37423 1.37421 1.37426 1.37422 1.37419 1.37406 1.37402
 1.37403 1.374   1.37402 1.37399 1.37398 1.37398 1.37392 1.37394 1.37394
 1.37393 1.37392 1.37386 1.37383 1.37378 1.37381 1.37381 1.3737  1.37364
 1.3736  1.37357 1.37353 1.37353 1.37347 1.37342 1.37337 1.37335 1.37335
 1.37332 1.37335 1.37335 1.37329 1.37325 1.37316 1.37319 1.37313 1.37305
 1.37307 1.37297 1.37294 1.37296 1.37297 1.37293 1.37289 1.37288 1.3729
 1.37289 1.3729  1.37289 1.37279 1.37282 1.37284 1.37287 1.37285 1.37285
 1.37281][1.39522 1.39522 1.39523 1.39523 1.39529 1.3953  1.39531 1.39536 1.39538
 1.39529 1.39524 1.39521 1.39521 1.39515 1.39512 1.39516 1.39511 1.39507
 1.3951  1.39508 1.39513 1.39506 1.39503 1.39497 1.395   1.39497 1.39494
 1.39494 1.39489 1.39491 1.39484 1.39479 1.39475 1.39472 1.39473 1.39472
 1.39472 1.39464 1.39466 1.39463 1.39457 1.39449 1.39449 1.3945  1.39447
 1.39437 1.39428 1.39437 1.3943  1.39429 1.39422 1.39417 1.39412 1.39414
 1.39407 1.39403 1.39402 1.39403 1.39397 1.39402 1.39401 1.39403 1.39396
 1.3939  1.39393 1.39394 1.39383 1.39375 1.39372 1.39373 1.39364 1.39358
 1.39358 1.39353 1.39354 1.39348 1.39348 1.39347 1.39335 1.39333 1.39334
 1.3933  1.39334 1.39333 1.39325 1.39325 1.39323 1.39326 1.39319 1.39314
 1.39316 1.39321 1.39317 1.39312 1.39311 1.39308 1.3931  1.39303 1.39297
 1.3929 ][1.36763 1.36759 1.36767 1.36763 1.36763 1.36753 1.36761 1.36764 1.36768
 1.36771 1.36767 1.36777 1.36786 1.36786 1.36792 1.3679  1.36792 1.36795
 1.36792 1.368   1.36797 1.36791 1.36785 1.36784 1.36779 1.36774 1.36776
 1.36775 1.36775 1.36775 1.36775 1.3677  1.3677  1.36766 1.36756 1.36757
 1.36762 1.3676  1.36757 1.36749 1.36754 1.36755 1.36754 1.36756 1.3675
 1.36746 1.36744 1.36743 1.36739 1.36737 1.36734 1.36728 1.36721 1.36716
 1.36711 1.36711 1.36711 1.36708 1.36708 1.36709 1.36714 1.36711 1.36705
 1.36695 1.36698 1.36692 1.36691 1.36692 1.36685 1.36679 1.36679 1.36682
 1.36678 1.36677 1.36678 1.36671 1.36664 1.36667 1.36666 1.36656 1.36647
 1.36642 1.36635 1.36633 1.36628 1.36626 1.36621 1.36615 1.3661  1.36603
 1.36597 1.36594 1.36596 1.36593 1.36591 1.36578 1.36573 1.36579 1.36565
 1.36563][1.416   1.41606 1.41611 1.41608 1.41604 1.41601 1.4161  1.41607 1.41605
 1.41618 1.41616 1.4162  1.4164  1.41651 1.41645 1.4165  1.41666 1.41677
 1.41683 1.41683 1.41677 1.41664 1.41667 1.41674 1.41676 1.41674 1.41677
 1.41682 1.41688 1.41696 1.41699 1.41698 1.41695 1.41695 1.41693 1.41693
 1.4169  1.41691 1.41692 1.41688 1.41681 1.4168  1.41678 1.41676 1.41674
 1.41678 1.41679 1.41675 1.41663 1.4166  1.41647 1.41637 1.41632 1.41629
 1.41629 1.41629 1.41625 1.41617 1.41614 1.41613 1.41607 1.41603 1.41605
 1.41594 1.41588 1.41586 1.41581 1.41574 1.41564 1.41561 1.41559 1.41555
 1.41563 1.41562 1.41568 1.41562 1.4156  1.41559 1.41561 1.41558 1.4155
 1.41544 1.41539 1.4153  1.41522 1.41521 1.41513 1.41511 1.4151  1.41501
 1.415   1.41494 1.41501 1.41493 1.41495 1.41491 1.41498 1.41493 1.41489
 1.41486][1.40035 1.40036 1.40042 1.40046 1.40046 1.40048 1.4005  1.40052 1.40048
 1.40055 1.4006  1.40055 1.40058 1.40058 1.40053 1.40056 1.40058 1.40059
 1.4006  1.40068 1.40069 1.40067 1.40069 1.40065 1.40069 1.40071 1.40075
 1.40076 1.40101 1.40103 1.40113 1.40112 1.40119 1.40123 1.40136 1.40134
 1.40142 1.4014  1.4014  1.40142 1.40138 1.40138 1.40127 1.40128 1.40124
 1.40117 1.40121 1.40118 1.40112 1.40112 1.4011  1.40109 1.4011  1.40115
 1.40117 1.40121 1.40116 1.4011  1.40102 1.40101 1.40095 1.40094 1.40094
 1.40087 1.40089 1.40088 1.40082 1.40078 1.40071 1.40073 1.40059 1.40058
 1.4005  1.4005  1.40058 1.4005  1.40045 1.4005  1.4005  1.40041 1.40033
 1.40022 1.40018 1.40019 1.40018 1.40013 1.40008 1.4001  1.40011 1.40014
 1.40004 1.39997 1.39999 1.4     1.39994 1.39988 1.39982 1.3998  1.39985
 1.3999 ][1.40197 1.40195 1.40192 1.40196 1.402   1.40205 1.40208 1.40213 1.40218
 1.40232 1.40233 1.4023  1.40235 1.40243 1.4025  1.40248 1.40251 1.40251
 1.4025  1.40259 1.40254 1.40246 1.40236 1.40244 1.40251 1.40248 1.40253
 1.40256 1.40255 1.40264 1.40256 1.40258 1.40264 1.40272 1.4027  1.4027
 1.40263 1.40266 1.40266 1.40269 1.40279 1.40289 1.4029  1.40296 1.403
 1.40303 1.40309 1.40311 1.40311 1.40319 1.40313 1.4032  1.40318 1.40311
 1.4031  1.40306 1.40305 1.40301 1.40297 1.40298 1.40285 1.40279 1.40275
 1.40273 1.40268 1.40275 1.40273 1.40263 1.4026  1.40256 1.40261 1.40268
 1.40267 1.40259 1.40255 1.40251 1.40242 1.40241 1.40237 1.40244 1.40242
 1.4024  1.40241 1.40236 1.40232 1.40231 1.4023  1.40223 1.40219 1.40221
 1.40223 1.40217 1.4021  1.40209 1.40204 1.40203 1.40208 1.40211 1.40203
 1.40203][1.41148 1.41156 1.41161 1.41161 1.41166 1.41168 1.41164 1.41164 1.41168
 1.41169 1.41173 1.41174 1.4118  1.41177 1.4118  1.41192 1.41207 1.41205
 1.41213 1.4122  1.41222 1.41227 1.41228 1.41229 1.41234 1.41233 1.41232
 1.41231 1.41233 1.41232 1.41233 1.41234 1.41238 1.4124  1.4124  1.41243
 1.41232 1.41229 1.4123  1.41224 1.41229 1.41241 1.4124  1.41248 1.41248
 1.41249 1.41247 1.41252 1.41255 1.41252 1.41268 1.41282 1.41284 1.41284
 1.41285 1.41285 1.41292 1.41297 1.41312 1.4131  1.41309 1.41304 1.41304
 1.41306 1.41297 1.41299 1.41297 1.41296 1.41298 1.41285 1.41285 1.41282
 1.41283 1.41283 1.41278 1.41278 1.41273 1.41265 1.41259 1.41249 1.41247
 1.41239 1.41244 1.41244 1.41246 1.41253 1.41248 1.41243 1.41233 1.41231
 1.41228 1.41222 1.41216 1.41218 1.41218 1.41217 1.41215 1.41219 1.41219
 1.41217][1.40355 1.40352 1.40358 1.40356 1.40353 1.40361 1.4036  1.4037  1.4038
 1.40388 1.40389 1.40395 1.4039  1.40397 1.4039  1.40396 1.40403 1.40405
 1.4041  1.40413 1.40423 1.40428 1.40428 1.40432 1.40451 1.40449 1.40452
 1.40457 1.40459 1.40458 1.40467 1.40476 1.40481 1.40485 1.40478 1.40477
 1.40476 1.40481 1.40477 1.4048  1.40487 1.40492 1.40493 1.40495 1.40489
 1.40488 1.40489 1.40498 1.4051  1.40524 1.4053  1.4053  1.40533 1.40532
 1.40544 1.4055  1.40545 1.40538 1.40539 1.40539 1.40543 1.4055  1.40561
 1.40552 1.40543 1.4054  1.40532 1.40538 1.40538 1.40541 1.40534 1.4052
 1.40514 1.40522 1.40521 1.40521 1.4051  1.4051  1.40514 1.40512 1.40509
 1.40504 1.405   1.40502 1.40499 1.405   1.40499 1.40491 1.40485 1.40479
 1.40477 1.40474 1.40471 1.40468 1.40465 1.40463 1.40469 1.40463 1.40463
 1.40459][1.40287 1.40292 1.40295 1.40297 1.40298 1.40303 1.40312 1.40316 1.40315
 1.40333 1.40338 1.40344 1.40349 1.40354 1.40353 1.40358 1.40376 1.40384
 1.40384 1.40378 1.40383 1.40376 1.4037  1.40366 1.40367 1.40361 1.40366
 1.40375 1.40372 1.40377 1.40382 1.4038  1.40383 1.40389 1.40387 1.40389
 1.40398 1.404   1.40398 1.40401 1.40397 1.40399 1.404   1.40401 1.40405
 1.40409 1.40409 1.4041  1.40425 1.40431 1.40432 1.4043  1.40427 1.40435
 1.40438 1.40441 1.40446 1.40444 1.40444 1.40443 1.40445 1.40453 1.40453
 1.40455 1.40457 1.4046  1.40462 1.40467 1.40466 1.40483 1.40481 1.40486
 1.40486 1.40482 1.40498 1.405   1.40505 1.40504 1.4051  1.40506 1.40507
 1.4051  1.40512 1.40507 1.40505 1.40503 1.40497 1.40494 1.40486 1.40487
 1.40491 1.40485 1.40475 1.40469 1.40461 1.4046  1.40462 1.40459 1.40459
 1.40453][1.4254  1.42548 1.42553 1.42562 1.4256  1.42563 1.42565 1.42561 1.42559
 1.42569 1.42571 1.42582 1.42596 1.42607 1.42612 1.42615 1.42616 1.42617
 1.42617 1.42611 1.42627 1.42632 1.42629 1.42636 1.42633 1.42639 1.42647
 1.42649 1.42658 1.42661 1.42659 1.4267  1.42668 1.4267  1.42664 1.42669
 1.42664 1.42673 1.42674 1.42674 1.42681 1.4268  1.42688 1.4268  1.42681
 1.42684 1.42685 1.42686 1.42693 1.4269  1.42684 1.42691 1.42686 1.42684
 1.42676 1.42664 1.42668 1.42669 1.42675 1.42678 1.42684 1.42683 1.4269
 1.42694 1.42708 1.42722 1.42725 1.42728 1.4272  1.42724 1.42733 1.42735
 1.42742 1.42736 1.42742 1.42747 1.4275  1.42748 1.42751 1.42758 1.42755
 1.42757 1.42755 1.42756 1.42754 1.42756 1.42761 1.4276  1.42764 1.42765
 1.42754 1.42758 1.42761 1.42754 1.42754 1.42751 1.42746 1.42744 1.42744
 1.42742]