[4.23487 4.23406 4.23438 4.23382 4.23377 4.23325 4.23406 4.23351 4.23265
 4.23198 4.23142 4.23108 4.23071 4.23048 4.23026 4.2298  4.2292  4.22885
 4.22871 4.22807 4.22738 4.22708 4.2267  4.22607 4.22583 4.2251  4.22473
 4.22454 4.22433 4.22467 4.22426 4.22377 4.2238  4.22338 4.22299 4.22299
 4.22279 4.22221 4.22247 4.22166 4.2209  4.2207  4.21983 4.21916 4.21847
 4.21795 4.21727 4.21643 4.21556 4.21524 4.21514 4.21465 4.2148  4.2147
 4.21476 4.21441 4.21477 4.21491 4.21472 4.21448 4.2139  4.21304 4.21248
 4.21233 4.21204 4.21153 4.21163 4.21109 4.21009 4.20933 4.20901 4.20846
 4.20763 4.20733 4.20656 4.20643 4.20573 4.20533 4.20546 4.20537 4.20529
 4.20476 4.20402 4.20345 4.20325 4.20258 4.20194 4.20169 4.20164 4.20073
 4.20111 4.2007  4.20017 4.19999 4.19982 4.19906 4.19867 4.19813 4.19798
 4.19754][4.54342 4.54426 4.54524 4.54645 4.54747 4.54778 4.54947 4.54937 4.55052
 4.55095 4.55176 4.55153 4.55068 4.54976 4.54864 4.54829 4.54792 4.54709
 4.54599 4.54609 4.54521 4.54447 4.5439  4.54353 4.54316 4.54332 4.54275
 4.54288 4.54288 4.54276 4.54336 4.54296 4.5425  4.54241 4.542   4.54155
 4.54116 4.54075 4.54043 4.53997 4.53939 4.53919 4.53871 4.53793 4.53767
 4.53707 4.53607 4.53525 4.53492 4.53426 4.53361 4.53233 4.53187 4.53186
 4.53164 4.53175 4.53133 4.53056 4.53043 4.53055 4.52991 4.53024 4.53033
 4.52973 4.52885 4.52827 4.52802 4.5277  4.52696 4.52639 4.52553 4.52464
 4.52466 4.52468 4.52418 4.52341 4.52303 4.52251 4.52263 4.5218  4.52104
 4.52061 4.52048 4.51986 4.51898 4.5187  4.51858 4.51746 4.5177  4.51716
 4.51721 4.5167  4.51635 4.51569 4.51507 4.51435 4.51379 4.51363 4.5133
 4.5129 ][3.67292 3.67278 3.6728  3.67299 3.67332 3.67379 3.67424 3.67454 3.67521
 3.67512 3.67506 3.67507 3.67556 3.67549 3.67565 3.67595 3.67663 3.67692
 3.67711 3.67766 3.67722 3.67658 3.67595 3.67586 3.67547 3.67604 3.67531
 3.67494 3.67491 3.67434 3.67421 3.67391 3.67376 3.67353 3.6729  3.67253
 3.67212 3.67177 3.67134 3.67105 3.67118 3.67109 3.67124 3.67092 3.67094
 3.67069 3.67018 3.66997 3.66978 3.66939 3.66894 3.66865 3.66802 3.66745
 3.66689 3.66683 3.66628 3.66609 3.66592 3.66554 3.66491 3.66493 3.66473
 3.66506 3.66461 3.66416 3.66431 3.66364 3.66367 3.66336 3.66325 3.66328
 3.66281 3.66232 3.66183 3.66177 3.66182 3.66143 3.66149 3.66135 3.66087
 3.66007 3.65992 3.65936 3.65896 3.65883 3.65911 3.65855 3.65833 3.65868
 3.6584  3.65771 3.65727 3.65691 3.65622 3.65581 3.65558 3.65527 3.65494
 3.65475][3.93446 3.93526 3.93539 3.93587 3.93645 3.93713 3.93811 3.93857 3.93901
 3.93918 3.93995 3.94051 3.94052 3.94058 3.94135 3.94177 3.94255 3.94332
 3.94363 3.94399 3.94473 3.94495 3.94549 3.94576 3.94658 3.94705 3.94794
 3.94808 3.94883 3.94959 3.94947 3.94927 3.94919 3.94833 3.94808 3.94766
 3.94727 3.94643 3.94605 3.94535 3.94506 3.94489 3.94463 3.94448 3.94389
 3.94313 3.94281 3.94243 3.94238 3.94203 3.94173 3.94165 3.94106 3.94075
 3.94052 3.94026 3.94023 3.93975 3.9398  3.93927 3.939   3.93828 3.93762
 3.93722 3.93648 3.93608 3.93555 3.93578 3.93542 3.93542 3.93468 3.93402
 3.93361 3.93379 3.93362 3.93334 3.93291 3.93257 3.93229 3.93209 3.93159
 3.93074 3.93045 3.93044 3.9302  3.92961 3.92888 3.9284  3.92843 3.92785
 3.92795 3.92735 3.92691 3.92686 3.92684 3.92642 3.92587 3.92579 3.92482
 3.92481][3.75856 3.75917 3.75966 3.75986 3.76007 3.76004 3.76037 3.76099 3.76081
 3.76072 3.76123 3.76193 3.76291 3.76297 3.76251 3.76281 3.76286 3.76303
 3.76387 3.76399 3.76434 3.76483 3.76608 3.76593 3.7663  3.76691 3.76736
 3.76778 3.76815 3.7682  3.76877 3.7695  3.77028 3.77021 3.76999 3.77054
 3.77088 3.77099 3.77115 3.77137 3.77106 3.77024 3.77012 3.76983 3.76944
 3.76921 3.76893 3.7688  3.76878 3.76846 3.76799 3.7675  3.76719 3.76686
 3.76688 3.76684 3.76707 3.76649 3.76601 3.76605 3.76572 3.76514 3.76443
 3.76463 3.7642  3.7636  3.76321 3.76246 3.76239 3.76176 3.7617  3.76121
 3.76085 3.76066 3.76033 3.76031 3.76004 3.75979 3.75926 3.75916 3.75835
 3.75785 3.75786 3.75763 3.75766 3.7576  3.75726 3.75688 3.75668 3.75614
 3.75611 3.75629 3.75579 3.75495 3.75512 3.75481 3.75439 3.75413 3.75371
 3.75352][3.53145 3.53145 3.53263 3.53321 3.53363 3.53328 3.53351 3.53415 3.53439
 3.53499 3.53537 3.53572 3.53625 3.53676 3.537   3.53717 3.53757 3.53824
 3.53834 3.53858 3.5387  3.53903 3.53958 3.53993 3.54038 3.54064 3.54143
 3.542   3.54217 3.54316 3.54359 3.54437 3.54452 3.54464 3.54475 3.54443
 3.54512 3.54562 3.5467  3.54686 3.54701 3.54706 3.54699 3.54676 3.5468
 3.54736 3.54776 3.54786 3.54843 3.54862 3.54849 3.54821 3.54825 3.54772
 3.54791 3.54749 3.54744 3.54678 3.54659 3.54622 3.54602 3.54551 3.54543
 3.54578 3.54539 3.54502 3.54456 3.54418 3.54393 3.54364 3.5436  3.54366
 3.54333 3.54333 3.54284 3.54243 3.54222 3.54191 3.54166 3.5415  3.54167
 3.54106 3.54081 3.54045 3.53972 3.53923 3.53885 3.53856 3.53822 3.53823
 3.53812 3.53753 3.53783 3.5378  3.53743 3.53712 3.53675 3.53621 3.53568
 3.53571][3.47839 3.47907 3.47947 3.47991 3.48018 3.48058 3.48039 3.48085 3.48179
 3.48263 3.4832  3.48413 3.4844  3.48442 3.48473 3.48536 3.48591 3.48605
 3.48629 3.48624 3.48627 3.48696 3.48744 3.48796 3.48779 3.48828 3.48824
 3.48898 3.48929 3.48964 3.48991 3.49076 3.49104 3.49132 3.49213 3.49263
 3.49281 3.49324 3.49349 3.49345 3.4942  3.49465 3.49511 3.49516 3.49527
 3.49578 3.49609 3.49644 3.497   3.49741 3.49827 3.49807 3.49813 3.49815
 3.49827 3.49834 3.49863 3.49904 3.49921 3.49965 3.49899 3.49887 3.49867
 3.49878 3.4983  3.4982  3.49791 3.49807 3.49805 3.49794 3.49798 3.49799
 3.49788 3.49765 3.49728 3.49691 3.49639 3.49618 3.49552 3.49492 3.49458
 3.49456 3.49436 3.49386 3.49356 3.49327 3.49282 3.49261 3.49285 3.49276
 3.49306 3.49315 3.49278 3.49272 3.49249 3.49226 3.4921  3.49199 3.49147
 3.49132][4.35043 4.35067 4.35111 4.35198 4.35246 4.35264 4.35271 4.35305 4.35415
 4.3548  4.35536 4.35614 4.35663 4.35649 4.35713 4.35833 4.35835 4.35929
 4.36028 4.36029 4.36135 4.36136 4.36181 4.36222 4.36292 4.36318 4.36436
 4.36434 4.36492 4.36466 4.36521 4.36582 4.36585 4.36584 4.3665  4.36785
 4.36778 4.36773 4.368   4.3683  4.36893 4.36962 4.36973 4.37017 4.37089
 4.37148 4.37201 4.37288 4.37273 4.37321 4.37354 4.37482 4.3753  4.37603
 4.37669 4.37685 4.37675 4.37722 4.3775  4.37868 4.3794  4.38039 4.38054
 4.3807  4.38145 4.38162 4.38218 4.38273 4.38333 4.38373 4.38365 4.3824
 4.38168 4.38082 4.38086 4.3807  4.38074 4.3805  4.38034 4.38022 4.38041
 4.37982 4.38005 4.37961 4.37917 4.37886 4.37786 4.37786 4.37773 4.37706
 4.3765  4.37602 4.37642 4.37573 4.37505 4.37475 4.37386 4.37344 4.37319
 4.37266][3.72465 3.72457 3.72467 3.72474 3.72473 3.72531 3.72565 3.72574 3.72586
 3.72641 3.72734 3.72784 3.72758 3.72774 3.72853 3.72901 3.72925 3.72958
 3.73055 3.73059 3.731   3.73083 3.73094 3.73153 3.73213 3.73232 3.73274
 3.73297 3.73389 3.73433 3.73449 3.73518 3.73558 3.7359  3.73594 3.73598
 3.7365  3.73681 3.73709 3.73687 3.73691 3.73658 3.73694 3.73711 3.73777
 3.73796 3.7381  3.73818 3.73876 3.73929 3.74027 3.74054 3.74084 3.74106
 3.74135 3.74203 3.74264 3.743   3.7441  3.74421 3.74493 3.7458  3.74648
 3.74679 3.74692 3.74688 3.74781 3.74836 3.74861 3.74854 3.74937 3.74985
 3.75091 3.75101 3.75138 3.75213 3.75299 3.75328 3.75345 3.75355 3.75339
 3.75296 3.75308 3.75332 3.75308 3.75252 3.75218 3.75186 3.75161 3.75108
 3.75072 3.75066 3.75033 3.75042 3.75    3.74993 3.74927 3.74913 3.74892
 3.74882][4.20788 4.20838 4.20837 4.20948 4.21003 4.21027 4.2104  4.21109 4.21127
 4.21171 4.21221 4.21301 4.21297 4.2133  4.21345 4.21323 4.21406 4.21426
 4.21493 4.21498 4.21542 4.21551 4.21584 4.21585 4.21606 4.21663 4.21647
 4.21643 4.21651 4.21688 4.21689 4.2179  4.2179  4.21773 4.2188  4.21945
 4.22042 4.22101 4.22165 4.22206 4.22249 4.22322 4.22385 4.22483 4.2256
 4.22598 4.22663 4.2268  4.22791 4.22868 4.22919 4.23005 4.23046 4.2312
 4.23165 4.23241 4.23234 4.23249 4.23324 4.23363 4.23445 4.23516 4.23609
 4.23685 4.23665 4.23705 4.23742 4.2372  4.23756 4.23783 4.23787 4.23818
 4.23858 4.23861 4.23885 4.24002 4.24014 4.24052 4.24186 4.24229 4.24345
 4.24408 4.24502 4.24583 4.24555 4.24588 4.24602 4.24684 4.24724 4.24748
 4.24747 4.24714 4.24662 4.24608 4.24594 4.24536 4.24492 4.24422 4.24409
 4.2438 ]