[1.15946 1.15933 1.15936 1.15964 1.16018 1.16046 1.16018 1.16027 1.16029
 1.16056 1.16011 1.16014 1.15987 1.15979 1.15992 1.15938 1.15969 1.15956
 1.15921 1.15909 1.15886 1.15885 1.15834 1.15819 1.15817 1.15756 1.15807
 1.15784 1.15792 1.15755 1.15775 1.15719 1.15704 1.1572  1.1578  1.15763
 1.15783 1.15771 1.15789 1.1575  1.15711 1.15687 1.15671 1.15636 1.15574
 1.15567 1.15552 1.15559 1.15537 1.15568 1.15572 1.1558  1.15542 1.15533
 1.15473 1.15436 1.15415 1.15381 1.15398 1.15428 1.15388 1.1534  1.1533
 1.15282 1.15234 1.1523  1.15178 1.15149 1.15116 1.15094 1.15067 1.15097
 1.15093 1.15056 1.15068 1.15063 1.15085 1.15115 1.15071 1.15057 1.15023
 1.14995 1.14949 1.1495  1.14915 1.14897 1.14899 1.14902 1.14904 1.14874
 1.14853 1.1485  1.14827 1.14823 1.14793 1.14753 1.14737 1.14722 1.14697
 1.1467 ][1.14746 1.14775 1.14764 1.1474  1.14741 1.14717 1.14739 1.147   1.14678
 1.1473  1.14732 1.14743 1.14758 1.14825 1.148   1.14795 1.14837 1.14858
 1.14918 1.14954 1.14908 1.14843 1.14841 1.14823 1.14833 1.14798 1.14784
 1.14746 1.1469  1.14689 1.14626 1.14573 1.14517 1.14462 1.14453 1.14454
 1.14417 1.14391 1.14398 1.14359 1.14304 1.14321 1.14249 1.14212 1.1426
 1.14243 1.14249 1.14198 1.14184 1.14141 1.141   1.14095 1.14047 1.14008
 1.1397  1.13956 1.13934 1.13926 1.13922 1.13887 1.13908 1.13866 1.1385
 1.13788 1.13769 1.13794 1.1375  1.13701 1.1368  1.13678 1.13742 1.13718
 1.13697 1.13688 1.13666 1.13711 1.13702 1.1369  1.13703 1.13635 1.1362
 1.1356  1.13555 1.13526 1.13565 1.13568 1.13526 1.13545 1.13486 1.13429
 1.13411 1.13384 1.13374 1.13369 1.13379 1.13342 1.13301 1.13328 1.13335
 1.13336][1.24163 1.24136 1.24117 1.24156 1.24174 1.24132 1.24165 1.24153 1.24185
 1.24254 1.24289 1.2434  1.24374 1.24456 1.24481 1.24467 1.2441  1.24398
 1.2446  1.24507 1.24466 1.24507 1.24514 1.24509 1.24541 1.24599 1.24697
 1.2467  1.24765 1.24799 1.2474  1.24763 1.24725 1.247   1.24732 1.24737
 1.2474  1.24707 1.24672 1.24647 1.24625 1.24632 1.24678 1.24663 1.24664
 1.24621 1.24617 1.24634 1.24612 1.24548 1.24489 1.24479 1.24458 1.2444
 1.24472 1.24457 1.24534 1.24508 1.24466 1.24434 1.24443 1.24384 1.24329
 1.24321 1.24255 1.24323 1.24378 1.24364 1.24372 1.24323 1.24325 1.24257
 1.24256 1.243   1.24271 1.24246 1.24281 1.24275 1.24288 1.24271 1.24242
 1.24262 1.2429  1.24229 1.24206 1.24168 1.24159 1.24148 1.24114 1.24103
 1.24099 1.24113 1.24081 1.24129 1.24149 1.24184 1.24155 1.24196 1.24196
 1.2416 ][1.22898 1.22891 1.22887 1.22888 1.22918 1.22961 1.22942 1.22997 1.22985
 1.22986 1.22999 1.23044 1.23106 1.23115 1.23113 1.23163 1.23124 1.23124
 1.23199 1.23278 1.2331  1.23368 1.2336  1.23341 1.23383 1.2334  1.23369
 1.23395 1.23428 1.23431 1.23443 1.23476 1.23514 1.23522 1.23589 1.23576
 1.23582 1.23581 1.23653 1.23675 1.23672 1.23647 1.23638 1.23662 1.23667
 1.23631 1.23621 1.2357  1.23581 1.23568 1.23527 1.23471 1.23394 1.23441
 1.23368 1.2337  1.23291 1.2329  1.23268 1.23271 1.23198 1.23191 1.2322
 1.23225 1.23187 1.23144 1.23191 1.23136 1.23087 1.23081 1.23108 1.23049
 1.23089 1.23095 1.23031 1.22998 1.22988 1.22987 1.22981 1.22954 1.22946
 1.22923 1.2287  1.22857 1.22905 1.22859 1.2283  1.2286  1.22823 1.22765
 1.2276  1.22739 1.22699 1.227   1.22729 1.2268  1.22645 1.22646 1.22636
 1.22592][1.24413 1.24398 1.24423 1.24423 1.24439 1.24402 1.24418 1.24411 1.244
 1.24384 1.24405 1.24438 1.24501 1.24471 1.24463 1.24509 1.24507 1.24573
 1.24575 1.24532 1.24515 1.246   1.24601 1.24622 1.2466  1.24709 1.24702
 1.24791 1.24825 1.2486  1.24854 1.24901 1.24879 1.24875 1.24914 1.24962
 1.24941 1.24898 1.24998 1.24995 1.24986 1.25083 1.25025 1.25073 1.2506
 1.25113 1.25135 1.25082 1.25053 1.25068 1.25134 1.25148 1.25089 1.25084
 1.25113 1.25161 1.25151 1.25153 1.25188 1.25168 1.25131 1.2509  1.25062
 1.25064 1.25115 1.25165 1.25173 1.2514  1.25182 1.25177 1.2508  1.25043
 1.25059 1.2502  1.25    1.2497  1.24888 1.24842 1.2485  1.24822 1.24759
 1.24727 1.24635 1.24583 1.24617 1.24559 1.24594 1.2462  1.24568 1.24602
 1.24571 1.24579 1.24598 1.24572 1.24506 1.24487 1.2446  1.24422 1.24432
 1.24397][1.26479 1.26446 1.26486 1.26511 1.26502 1.26543 1.26613 1.26584 1.26621
 1.26654 1.26644 1.26677 1.26689 1.26719 1.26719 1.26712 1.26726 1.26745
 1.26772 1.26763 1.26746 1.26719 1.26685 1.26702 1.26664 1.26642 1.26708
 1.267   1.2672  1.26717 1.26711 1.26693 1.2673  1.26731 1.26773 1.26837
 1.26837 1.26871 1.26944 1.27022 1.27006 1.2703  1.27001 1.27048 1.27106
 1.2719  1.27237 1.27297 1.27299 1.27271 1.27291 1.27334 1.27369 1.27409
 1.27407 1.27468 1.27433 1.27426 1.27485 1.2748  1.27464 1.27487 1.27441
 1.27428 1.27424 1.27419 1.27393 1.27313 1.27304 1.27294 1.27268 1.27234
 1.27204 1.27179 1.27252 1.27245 1.27265 1.27267 1.27222 1.27189 1.27174
 1.27116 1.27113 1.27072 1.27101 1.27098 1.27037 1.27018 1.27023 1.27024
 1.26944 1.26909 1.26943 1.26959 1.26986 1.26934 1.26928 1.26948 1.26921
 1.26947][1.27792 1.27788 1.27782 1.27809 1.27832 1.27845 1.27868 1.27878 1.27879
 1.27931 1.27931 1.27947 1.27975 1.2802  1.2801  1.28028 1.28052 1.28109
 1.28172 1.28188 1.28244 1.28285 1.28337 1.28385 1.28388 1.28419 1.2842
 1.2847  1.28449 1.28439 1.2848  1.28437 1.28438 1.28397 1.28485 1.28479
 1.28555 1.28567 1.28558 1.28533 1.28541 1.28569 1.28497 1.28514 1.28504
 1.28549 1.28582 1.28617 1.28633 1.28642 1.28702 1.28702 1.28621 1.28647
 1.28776 1.28835 1.2886  1.28878 1.28907 1.28926 1.28965 1.28941 1.2898
 1.28965 1.28932 1.28931 1.28932 1.28907 1.28927 1.29017 1.29092 1.29005
 1.28909 1.28917 1.28858 1.28831 1.28786 1.28769 1.28778 1.28799 1.28847
 1.28833 1.28778 1.28729 1.28643 1.28596 1.28497 1.28516 1.28546 1.2853
 1.28562 1.28469 1.28388 1.28374 1.28354 1.28416 1.28457 1.28526 1.28509
 1.28498][1.32156 1.32172 1.32167 1.32202 1.32284 1.32231 1.32224 1.32321 1.32321
 1.32311 1.32335 1.32341 1.32329 1.32336 1.32412 1.32433 1.32454 1.32574
 1.32594 1.32566 1.32628 1.32612 1.32584 1.32651 1.32601 1.32585 1.32639
 1.32709 1.32734 1.32778 1.32742 1.32794 1.32741 1.32728 1.32826 1.32838
 1.32913 1.32966 1.33032 1.33009 1.33066 1.33213 1.33148 1.33157 1.33084
 1.33007 1.3298  1.32943 1.33042 1.3311  1.3309  1.33148 1.33213 1.33259
 1.33277 1.33409 1.33449 1.33494 1.3354  1.33499 1.33543 1.33561 1.33536
 1.33639 1.33726 1.33775 1.33825 1.33863 1.33998 1.34027 1.34073 1.34066
 1.34042 1.34131 1.34215 1.34173 1.34208 1.34195 1.34255 1.34268 1.34254
 1.34261 1.34162 1.34107 1.34052 1.3403  1.33998 1.34009 1.33949 1.33937
 1.33912 1.33879 1.33848 1.33822 1.33785 1.33807 1.33853 1.33812 1.33827
 1.33826][1.30884 1.30905 1.30939 1.31009 1.30995 1.31014 1.30966 1.30987 1.30985
 1.3101  1.31034 1.31005 1.31073 1.31119 1.31167 1.31129 1.31101 1.31116
 1.31101 1.31103 1.311   1.3114  1.31164 1.31242 1.31185 1.31192 1.31212
 1.31263 1.31306 1.31368 1.31407 1.31447 1.31432 1.31454 1.31445 1.3156
 1.3159  1.31579 1.31663 1.31642 1.31605 1.31625 1.31622 1.31599 1.31577
 1.31678 1.3166  1.31733 1.31712 1.31763 1.31849 1.31859 1.31898 1.31911
 1.31917 1.31947 1.32006 1.32005 1.31991 1.31976 1.32    1.31888 1.31947
 1.31968 1.32069 1.32218 1.32226 1.32277 1.32344 1.3234  1.32352 1.32434
 1.325   1.32459 1.32453 1.32469 1.32477 1.3242  1.32379 1.32338 1.32287
 1.32401 1.32444 1.32484 1.32429 1.32516 1.32517 1.32587 1.32626 1.32665
 1.32574 1.32519 1.32494 1.32459 1.32466 1.32397 1.32371 1.32413 1.32348
 1.32353][1.326   1.32605 1.32598 1.3261  1.32635 1.32635 1.32641 1.32713 1.3275
 1.32735 1.32783 1.32784 1.32802 1.32755 1.32758 1.32779 1.32812 1.32811
 1.32849 1.32858 1.32858 1.3285  1.32815 1.32877 1.32954 1.32897 1.32901
 1.32849 1.32927 1.32902 1.32898 1.3296  1.32938 1.32944 1.32994 1.33058
 1.33024 1.3312  1.33153 1.33187 1.33314 1.33345 1.33393 1.33372 1.3336
 1.33359 1.33423 1.33417 1.33397 1.33401 1.33546 1.33511 1.33485 1.33628
 1.33638 1.33621 1.33642 1.33653 1.33724 1.33627 1.33645 1.33699 1.33742
 1.33788 1.33879 1.33995 1.34032 1.34006 1.33967 1.33954 1.33998 1.3411
 1.34133 1.34109 1.34103 1.341   1.34176 1.34156 1.34218 1.34219 1.34236
 1.34352 1.3438  1.34368 1.34356 1.34325 1.34329 1.34317 1.34354 1.34304
 1.34351 1.34318 1.34278 1.34329 1.34289 1.34287 1.34295 1.34261 1.34327
 1.34349]