[1.2473  1.24735 1.24722 1.24707 1.2471  1.2474  1.2472  1.24715 1.24706
 1.24776 1.24703 1.24717 1.24689 1.24686 1.2471  1.24695 1.24698 1.24665
 1.24567 1.24506 1.24537 1.24598 1.2452  1.24461 1.24437 1.24431 1.24457
 1.2446  1.24431 1.24357 1.24375 1.24389 1.24344 1.24309 1.24267 1.24209
 1.24138 1.24086 1.24131 1.24111 1.24094 1.24035 1.24052 1.24048 1.24065
 1.24112 1.24042 1.23993 1.23983 1.23957 1.23985 1.2394  1.23965 1.24027
 1.23981 1.2398  1.23926 1.2387  1.23812 1.23768 1.23758 1.23723 1.23689
 1.23647 1.23605 1.23603 1.23616 1.23611 1.23556 1.23562 1.23588 1.236
 1.23601 1.23644 1.2363  1.23629 1.236   1.2357  1.23567 1.23507 1.23534
 1.23605 1.2364  1.23688 1.23612 1.23579 1.23512 1.23455 1.23428 1.23361
 1.23364 1.23408 1.23373 1.23416 1.23399 1.23401 1.23435 1.23406 1.23376
 1.23382][1.27351 1.27375 1.27377 1.27411 1.27447 1.2742  1.2746  1.27513 1.2752
 1.27526 1.27563 1.27592 1.27632 1.27719 1.27823 1.2787  1.27871 1.2784
 1.27854 1.27835 1.27888 1.27759 1.27644 1.27693 1.27675 1.27663 1.27636
 1.27595 1.27565 1.27547 1.27564 1.27503 1.27502 1.27452 1.27401 1.27381
 1.2736  1.2731  1.27272 1.27265 1.27317 1.27274 1.27277 1.27195 1.27092
 1.271   1.27157 1.2713  1.27084 1.27042 1.27029 1.26998 1.26916 1.26904
 1.2689  1.26916 1.26913 1.26849 1.26818 1.26866 1.26866 1.26835 1.26807
 1.26744 1.26678 1.26668 1.26692 1.26635 1.26607 1.26584 1.26538 1.26527
 1.26502 1.26464 1.26448 1.26423 1.26418 1.26399 1.26463 1.26453 1.26396
 1.26367 1.26322 1.26288 1.26272 1.26197 1.26109 1.26046 1.26027 1.25985
 1.25932 1.25928 1.25826 1.25722 1.25672 1.2567  1.25667 1.25579 1.25586
 1.25578][1.37461 1.37479 1.37477 1.37503 1.37598 1.37633 1.37635 1.37662 1.37673
 1.37709 1.37762 1.3777  1.37752 1.37769 1.37851 1.3784  1.37836 1.37833
 1.37909 1.37921 1.37923 1.37992 1.37969 1.38088 1.38113 1.38155 1.38177
 1.38211 1.38144 1.38169 1.38197 1.38239 1.38251 1.38322 1.38308 1.38321
 1.38251 1.38182 1.38206 1.38185 1.38113 1.38181 1.38243 1.38301 1.3833
 1.38254 1.38227 1.38251 1.38172 1.38121 1.38043 1.38081 1.38102 1.3813
 1.38051 1.38063 1.37999 1.3803  1.38141 1.38154 1.38134 1.381   1.38056
 1.37993 1.37933 1.37894 1.37894 1.37923 1.37897 1.37881 1.3789  1.37877
 1.37828 1.37851 1.37843 1.37733 1.37804 1.37788 1.37815 1.37758 1.37721
 1.37638 1.37639 1.37617 1.37581 1.37578 1.37547 1.37574 1.37571 1.37562
 1.37501 1.3748  1.3757  1.37506 1.37465 1.37383 1.37281 1.37341 1.37354
 1.37306][1.35401 1.3541  1.35443 1.35426 1.35446 1.35424 1.35482 1.35509 1.35507
 1.35483 1.35483 1.35564 1.3566  1.35698 1.35754 1.35691 1.35719 1.35812
 1.35815 1.35823 1.35875 1.35835 1.35857 1.359   1.35959 1.35981 1.35989
 1.35973 1.35968 1.36041 1.36035 1.36005 1.35922 1.35951 1.36051 1.36077
 1.36121 1.36167 1.36208 1.36176 1.36183 1.36185 1.36202 1.3621  1.36227
 1.36236 1.36189 1.36079 1.3608  1.36079 1.36102 1.36124 1.36072 1.3601
 1.36016 1.35967 1.35922 1.35992 1.35964 1.35982 1.35892 1.35821 1.35804
 1.35799 1.35769 1.35816 1.35801 1.3588  1.35841 1.3578  1.35774 1.35758
 1.35698 1.35719 1.35699 1.35709 1.35612 1.35584 1.35556 1.35521 1.35525
 1.35456 1.35367 1.35377 1.35427 1.35288 1.35257 1.3516  1.35172 1.3517
 1.35093 1.35093 1.35027 1.3495  1.35021 1.34962 1.34952 1.34925 1.34887
 1.34901][1.4463  1.44645 1.44684 1.44694 1.44709 1.44776 1.44775 1.44946 1.4502
 1.4508  1.45129 1.451   1.45157 1.45162 1.45206 1.45139 1.45197 1.45206
 1.4513  1.4515  1.4518  1.45259 1.4533  1.45414 1.45494 1.45567 1.45577
 1.45575 1.45713 1.45717 1.45811 1.45786 1.45856 1.45904 1.45957 1.45992
 1.46031 1.46046 1.46091 1.46003 1.46065 1.46098 1.46084 1.46007 1.4601
 1.46071 1.46108 1.46166 1.46223 1.46212 1.46237 1.4621  1.46173 1.46186
 1.46115 1.46077 1.46022 1.45901 1.45932 1.45825 1.45811 1.4584  1.45883
 1.45921 1.45835 1.4577  1.4577  1.45835 1.45829 1.45835 1.45844 1.45732
 1.45648 1.45661 1.45591 1.45583 1.45528 1.45483 1.4558  1.45574 1.45524
 1.45456 1.45449 1.45403 1.45385 1.453   1.453   1.45272 1.45252 1.45222
 1.4521  1.45131 1.45195 1.45118 1.45135 1.45185 1.45175 1.45163 1.45142
 1.45069][1.37677 1.3764  1.37623 1.37625 1.37649 1.37702 1.37692 1.37724 1.37742
 1.37731 1.3768  1.37685 1.37686 1.37724 1.37753 1.37761 1.37763 1.37716
 1.3773  1.37763 1.37765 1.3778  1.37796 1.37849 1.37859 1.37961 1.37926
 1.37982 1.37978 1.38126 1.38163 1.38201 1.38198 1.38174 1.3811  1.38172
 1.38226 1.38189 1.38188 1.38249 1.38313 1.38296 1.38294 1.38348 1.38384
 1.38476 1.3845  1.38583 1.38552 1.38559 1.38584 1.38585 1.38547 1.38585
 1.38556 1.38546 1.38666 1.387   1.38658 1.38629 1.38561 1.38612 1.38659
 1.38613 1.3861  1.38647 1.38563 1.38513 1.38463 1.38502 1.38491 1.38469
 1.38442 1.38363 1.38294 1.38317 1.38312 1.38396 1.3841  1.38372 1.38271
 1.38167 1.38162 1.38166 1.38184 1.38093 1.38032 1.38124 1.38038 1.38047
 1.38115 1.38163 1.38187 1.38196 1.3813  1.38079 1.38043 1.38026 1.37966
 1.37977][1.44112 1.44096 1.44098 1.44077 1.44037 1.44072 1.4411  1.44157 1.44192
 1.4421  1.4424  1.44222 1.44175 1.44161 1.44214 1.44275 1.44303 1.44301
 1.44298 1.44308 1.44376 1.44428 1.44495 1.4445  1.44449 1.44493 1.44454
 1.445   1.44531 1.44602 1.44646 1.44667 1.44768 1.44763 1.44844 1.44855
 1.44933 1.44904 1.44926 1.44982 1.44979 1.45025 1.45044 1.45088 1.45114
 1.45188 1.45246 1.45174 1.45139 1.45131 1.45188 1.45191 1.45223 1.45272
 1.45296 1.45375 1.45474 1.45614 1.45647 1.45701 1.4578  1.45856 1.45964
 1.46065 1.46147 1.462   1.46171 1.46275 1.46305 1.46381 1.46341 1.46359
 1.46309 1.46278 1.46223 1.46129 1.46145 1.46045 1.46058 1.45974 1.4591
 1.45852 1.45753 1.45758 1.45818 1.45896 1.45876 1.45898 1.45817 1.45777
 1.45746 1.45655 1.45646 1.45618 1.45542 1.45432 1.45446 1.45447 1.4539
 1.45359][1.48916 1.48958 1.49013 1.49016 1.49045 1.49015 1.49065 1.49183 1.49245
 1.49354 1.49392 1.49451 1.49417 1.49503 1.49534 1.49586 1.49676 1.49629
 1.49618 1.4967  1.49701 1.49633 1.49595 1.49555 1.4957  1.49562 1.49587
 1.49588 1.49626 1.49685 1.49725 1.49673 1.49644 1.49663 1.49652 1.4969
 1.49751 1.49807 1.49945 1.49979 1.5013  1.50082 1.50129 1.5009  1.50111
 1.50186 1.50102 1.50131 1.50118 1.50161 1.50203 1.50242 1.50324 1.50352
 1.5039  1.50484 1.50539 1.50654 1.50661 1.50797 1.50804 1.5081  1.50796
 1.50861 1.50906 1.50951 1.51002 1.50925 1.50937 1.50981 1.50909 1.50839
 1.50812 1.50764 1.50642 1.5068  1.50739 1.50785 1.50882 1.5104  1.51001
 1.50948 1.50874 1.50831 1.50787 1.50789 1.50719 1.50713 1.50643 1.50664
 1.50601 1.50482 1.50422 1.50352 1.50376 1.50319 1.50306 1.50291 1.50231
 1.50216][1.43766 1.43758 1.43751 1.43734 1.43744 1.43795 1.43808 1.43844 1.43825
 1.43835 1.43756 1.43828 1.43875 1.43882 1.44    1.44024 1.44041 1.44118
 1.44073 1.44109 1.44131 1.44219 1.44273 1.44249 1.44245 1.44164 1.44133
 1.44138 1.4416  1.44201 1.44231 1.44289 1.44296 1.44316 1.44354 1.44339
 1.44333 1.44329 1.44315 1.44338 1.44389 1.44474 1.44526 1.44519 1.44478
 1.44502 1.44668 1.44743 1.44776 1.4487  1.44782 1.4478  1.44783 1.44836
 1.4481  1.44856 1.44907 1.44851 1.44925 1.44934 1.44969 1.45048 1.45136
 1.45168 1.45165 1.45206 1.45209 1.45203 1.45291 1.45404 1.45321 1.4528
 1.45235 1.4528  1.45254 1.45219 1.45185 1.45067 1.45091 1.45054 1.44979
 1.44994 1.44966 1.44974 1.45035 1.45101 1.45174 1.45164 1.45215 1.45226
 1.45282 1.45212 1.45211 1.45076 1.45092 1.45086 1.451   1.45031 1.4492
 1.44914][1.5303  1.53063 1.53119 1.53038 1.53093 1.53076 1.53075 1.53111 1.5306
 1.53034 1.53003 1.53067 1.53162 1.5323  1.53224 1.53292 1.53365 1.53378
 1.53381 1.53516 1.53559 1.536   1.5362  1.53749 1.53752 1.53799 1.53763
 1.53825 1.53924 1.53974 1.53972 1.54054 1.54002 1.54064 1.54061 1.54209
 1.54189 1.5426  1.54374 1.54287 1.54363 1.54379 1.54382 1.54312 1.5427
 1.54313 1.54318 1.54311 1.54226 1.54213 1.54232 1.54241 1.5418  1.54307
 1.54337 1.54391 1.54415 1.54446 1.54565 1.54676 1.54698 1.54663 1.54644
 1.54628 1.54687 1.54605 1.54751 1.54808 1.54904 1.54945 1.55012 1.54989
 1.55019 1.54983 1.54995 1.55057 1.55122 1.55318 1.55275 1.55257 1.55248
 1.5532  1.55326 1.5542  1.55507 1.55577 1.55615 1.5565  1.55816 1.55899
 1.55952 1.5597  1.56014 1.56003 1.56057 1.56103 1.56056 1.56078 1.56002
 1.56021]