[1.26501 1.26501 1.26496 1.26496 1.26495 1.26495 1.26494 1.26494 1.26495
 1.26497 1.26495 1.26496 1.26494 1.26492 1.2649  1.26487 1.26486 1.26487
 1.26484 1.26482 1.26479 1.26477 1.26473 1.26473 1.26468 1.26469 1.26465
 1.26468 1.26466 1.26467 1.26463 1.26464 1.26466 1.26468 1.26469 1.26468
 1.26469 1.26469 1.26466 1.26468 1.26467 1.26463 1.26465 1.2646  1.26459
 1.26463 1.26461 1.26462 1.2646  1.2646  1.26463 1.26461 1.2646  1.2646
 1.26458 1.26459 1.26459 1.26455 1.26451 1.26453 1.26454 1.26455 1.26458
 1.26456 1.26458 1.26458 1.26458 1.26461 1.26463 1.26464 1.26464 1.26466
 1.26465 1.26465 1.26462 1.26461 1.26462 1.26458 1.26457 1.26455 1.26452
 1.26453 1.26451 1.2645  1.26448 1.26449 1.26448 1.26449 1.26448 1.26449
 1.26451 1.2645  1.26448 1.26449 1.26446 1.26448 1.26449 1.26446 1.26447
 1.26447][1.26825 1.26825 1.26825 1.26826 1.26823 1.26825 1.26825 1.26827 1.26826
 1.26827 1.26826 1.26828 1.26829 1.26828 1.26831 1.26832 1.26831 1.2683
 1.26831 1.26834 1.26832 1.26832 1.26832 1.26828 1.2683  1.26828 1.26832
 1.26832 1.26832 1.26835 1.26836 1.26836 1.26838 1.26839 1.26842 1.26841
 1.26841 1.26839 1.2684  1.26842 1.26843 1.26846 1.26845 1.26848 1.26845
 1.26845 1.26846 1.26847 1.26847 1.26844 1.26845 1.26843 1.26839 1.26837
 1.26835 1.26839 1.2684  1.26838 1.26834 1.2683  1.26829 1.26832 1.26834
 1.26835 1.2683  1.26828 1.26827 1.26825 1.26826 1.26824 1.26823 1.26823
 1.26819 1.26818 1.26814 1.26814 1.26815 1.26815 1.26811 1.26811 1.26811
 1.26807 1.26807 1.26804 1.26802 1.26799 1.26798 1.26799 1.26797 1.26798
 1.26797 1.26799 1.268   1.26797 1.26801 1.26804 1.26801 1.26803 1.26804
 1.26803][1.26471 1.2647  1.26469 1.26469 1.26468 1.26471 1.26467 1.26467 1.26467
 1.26469 1.2647  1.26469 1.26471 1.26473 1.26473 1.26472 1.26468 1.26467
 1.26469 1.26469 1.26468 1.26471 1.26471 1.26469 1.26469 1.26468 1.26468
 1.26462 1.2646  1.26461 1.26459 1.2646  1.26457 1.26457 1.26454 1.26452
 1.26452 1.26449 1.26446 1.26444 1.26442 1.2644  1.26438 1.26436 1.26436
 1.26436 1.26438 1.26436 1.26439 1.26439 1.26439 1.26436 1.26434 1.26435
 1.26434 1.26433 1.26435 1.26434 1.26433 1.26433 1.26435 1.26435 1.26435
 1.26437 1.26439 1.2644  1.26438 1.2644  1.26438 1.26436 1.26439 1.26438
 1.26439 1.2644  1.26438 1.26438 1.26438 1.26438 1.26438 1.26438 1.26438
 1.26437 1.26436 1.26436 1.26434 1.26428 1.26424 1.26424 1.26425 1.26424
 1.26426 1.26423 1.26424 1.26426 1.26424 1.26423 1.26418 1.26415 1.26413
 1.26413][1.26134 1.26134 1.26138 1.26141 1.26146 1.26146 1.26149 1.26149 1.2615
 1.26152 1.26155 1.2615  1.2615  1.26149 1.26146 1.26147 1.26151 1.26152
 1.2615  1.26152 1.26152 1.26158 1.26155 1.26153 1.26154 1.26154 1.26158
 1.26157 1.2616  1.26162 1.26163 1.2616  1.26158 1.26158 1.26159 1.26155
 1.26157 1.26159 1.26154 1.26151 1.26151 1.2615  1.26151 1.26153 1.26148
 1.26148 1.26145 1.26147 1.26148 1.2615  1.26146 1.26147 1.26146 1.26144
 1.26143 1.26145 1.26146 1.26143 1.26144 1.26141 1.26136 1.26137 1.26138
 1.2614  1.26141 1.26136 1.26137 1.26139 1.26136 1.26137 1.2614  1.26141
 1.26145 1.26141 1.26141 1.2614  1.26142 1.26144 1.26141 1.26142 1.26143
 1.26145 1.26144 1.26142 1.26141 1.2614  1.26139 1.26138 1.26134 1.26133
 1.26133 1.26132 1.26129 1.26125 1.26127 1.26127 1.26126 1.26128 1.26126
 1.26126][1.25085 1.25082 1.25082 1.25082 1.25078 1.25076 1.25074 1.25073 1.25073
 1.25076 1.25078 1.25076 1.25077 1.25077 1.25078 1.2508  1.25079 1.2508
 1.25081 1.2508  1.25082 1.25083 1.25083 1.25084 1.25085 1.25087 1.25086
 1.25089 1.25089 1.25087 1.25086 1.25085 1.25086 1.25088 1.25088 1.25089
 1.2509  1.25088 1.25091 1.25093 1.25089 1.2509  1.25088 1.25088 1.25088
 1.25089 1.25088 1.25092 1.25096 1.25096 1.25095 1.25095 1.25095 1.25096
 1.25098 1.25096 1.25093 1.25093 1.25095 1.25094 1.25094 1.25092 1.25091
 1.25089 1.25084 1.25083 1.25084 1.25082 1.25077 1.25078 1.25074 1.25071
 1.25075 1.25076 1.25076 1.25075 1.25076 1.25077 1.25075 1.25075 1.25072
 1.25073 1.25073 1.25073 1.25068 1.25068 1.25062 1.25063 1.25064 1.25063
 1.25064 1.2506  1.25059 1.25058 1.25054 1.25056 1.25056 1.25055 1.25055
 1.25054][1.26774 1.26772 1.26776 1.26776 1.26776 1.26779 1.26777 1.26782 1.26784
 1.26782 1.26786 1.26783 1.26782 1.26782 1.26784 1.26786 1.26786 1.26788
 1.2679  1.26787 1.26788 1.26788 1.26791 1.26794 1.26794 1.26795 1.26797
 1.268   1.26803 1.26806 1.26809 1.26813 1.26815 1.26813 1.26817 1.26818
 1.26819 1.26818 1.26817 1.26817 1.26819 1.2682  1.26826 1.26825 1.26828
 1.26831 1.26831 1.26833 1.26831 1.26831 1.26832 1.26831 1.2683  1.26831
 1.2683  1.26829 1.26828 1.26828 1.26828 1.26827 1.26828 1.26828 1.2683
 1.26827 1.26825 1.26824 1.26819 1.26817 1.26818 1.26819 1.26817 1.2682
 1.26818 1.26815 1.26817 1.26817 1.26816 1.26814 1.26815 1.26812 1.26811
 1.26813 1.26816 1.26816 1.26818 1.26817 1.26817 1.26818 1.26818 1.2682
 1.26823 1.26821 1.26822 1.26817 1.26814 1.26815 1.26816 1.26816 1.26817
 1.26815][1.24644 1.24642 1.24645 1.24648 1.24647 1.24649 1.24651 1.24654 1.24658
 1.24662 1.24658 1.24663 1.24661 1.24664 1.24664 1.24665 1.24667 1.24668
 1.24671 1.24671 1.24671 1.24673 1.24675 1.24677 1.24677 1.2468  1.24679
 1.24678 1.24676 1.24677 1.24677 1.2468  1.24679 1.2468  1.24682 1.24681
 1.24685 1.24683 1.24686 1.24689 1.2469  1.24694 1.24695 1.24695 1.24697
 1.247   1.24701 1.24704 1.24707 1.2471  1.24712 1.24712 1.24711 1.24711
 1.24711 1.24709 1.2471  1.24711 1.24714 1.24716 1.24717 1.24717 1.24717
 1.24716 1.24717 1.24716 1.24718 1.24716 1.24719 1.24714 1.24711 1.24713
 1.24712 1.24712 1.24706 1.24705 1.24708 1.24706 1.24708 1.24706 1.24705
 1.24704 1.24708 1.24708 1.24711 1.24712 1.2471  1.24711 1.24713 1.24713
 1.24711 1.2471  1.24706 1.24703 1.24704 1.24708 1.24706 1.24707 1.24706
 1.24706][1.2596  1.25963 1.25967 1.2597  1.25971 1.25971 1.25972 1.25974 1.25974
 1.25975 1.25979 1.25977 1.25975 1.25977 1.2598  1.25981 1.25979 1.25981
 1.25984 1.25982 1.25984 1.25982 1.25981 1.2598  1.25979 1.2598  1.25982
 1.25983 1.25984 1.25984 1.25985 1.25986 1.25988 1.25985 1.25986 1.25988
 1.25985 1.25986 1.25984 1.25984 1.25985 1.25987 1.25985 1.25985 1.25984
 1.25983 1.2598  1.25979 1.25981 1.25976 1.25976 1.2598  1.2598  1.25982
 1.25982 1.25984 1.25985 1.25986 1.25983 1.25982 1.25981 1.25979 1.25982
 1.25981 1.25981 1.25982 1.25981 1.25979 1.25983 1.25982 1.2598  1.2598
 1.2598  1.25979 1.25975 1.25974 1.25972 1.25969 1.25968 1.25968 1.25968
 1.25968 1.25965 1.25962 1.2596  1.25958 1.25956 1.25958 1.25958 1.2596
 1.25962 1.25956 1.25953 1.25955 1.25957 1.25955 1.25952 1.25956 1.25957
 1.25956][1.26828 1.26829 1.26833 1.26834 1.26837 1.2684  1.26837 1.26834 1.26838
 1.26839 1.2684  1.26839 1.26841 1.26838 1.26837 1.26838 1.26838 1.26839
 1.26839 1.26841 1.26841 1.26842 1.26841 1.2684  1.26842 1.26841 1.26843
 1.26844 1.26846 1.26848 1.26851 1.26852 1.26851 1.26848 1.26846 1.26846
 1.26846 1.26849 1.26844 1.26845 1.26847 1.26847 1.26848 1.26849 1.26847
 1.26848 1.26849 1.26849 1.26853 1.26855 1.26856 1.26853 1.26854 1.26856
 1.26857 1.26856 1.26856 1.26855 1.26854 1.26854 1.26855 1.26854 1.26857
 1.26857 1.26862 1.26861 1.26861 1.26861 1.26861 1.2686  1.26859 1.26856
 1.26854 1.26857 1.26855 1.26858 1.26858 1.2686  1.2686  1.26864 1.26862
 1.26866 1.26873 1.26871 1.26874 1.26873 1.26868 1.26866 1.26866 1.26867
 1.26868 1.26869 1.26872 1.2687  1.26864 1.26861 1.26861 1.26859 1.2686
 1.26859][1.24134 1.24134 1.24135 1.24136 1.24137 1.24136 1.24135 1.24134 1.24137
 1.24139 1.24142 1.24144 1.24144 1.24145 1.24146 1.2415  1.2415  1.24149
 1.24152 1.24152 1.24153 1.24156 1.24155 1.24156 1.24157 1.24158 1.2416
 1.24161 1.2416  1.24162 1.24159 1.24159 1.24162 1.24164 1.24165 1.24165
 1.24167 1.24168 1.2417  1.24173 1.2417  1.24173 1.24176 1.24175 1.24176
 1.24175 1.24174 1.24176 1.24176 1.24176 1.24175 1.24178 1.24178 1.24177
 1.24179 1.2418  1.24181 1.24182 1.24183 1.24183 1.24183 1.24183 1.24183
 1.24186 1.24188 1.24189 1.24187 1.24188 1.24185 1.24187 1.24188 1.24187
 1.24185 1.24186 1.24185 1.24183 1.24184 1.24183 1.24182 1.24185 1.24184
 1.24184 1.24186 1.24186 1.24185 1.24184 1.24183 1.24182 1.24181 1.24185
 1.24186 1.24185 1.24183 1.24183 1.24185 1.24182 1.24185 1.24183 1.24181
 1.24182]