[1.41681 1.4165  1.41621 1.41565 1.41542 1.41547 1.41534 1.41541 1.41599
 1.41673 1.41659 1.41652 1.41654 1.41682 1.41646 1.41612 1.41546 1.41473
 1.41454 1.41387 1.41432 1.41361 1.4131  1.41232 1.41256 1.41295 1.41125
 1.41129 1.41126 1.41097 1.41104 1.40998 1.40915 1.40835 1.40841 1.40774
 1.40673 1.40557 1.4054  1.40575 1.40531 1.40458 1.40432 1.40387 1.40326
 1.40233 1.40296 1.40253 1.4019  1.40208 1.40108 1.40151 1.4009  1.40067
 1.39996 1.3995  1.39946 1.3989  1.39851 1.39832 1.39798 1.39717 1.39651
 1.39613 1.39639 1.39534 1.39526 1.39445 1.39399 1.39365 1.3937  1.39377
 1.39356 1.39315 1.39322 1.39277 1.39258 1.3925  1.39152 1.39101 1.3901
 1.38874 1.3886  1.38817 1.38803 1.38844 1.38833 1.38784 1.38748 1.38691
 1.3869  1.38724 1.38595 1.38522 1.38488 1.38495 1.38449 1.38443 1.38481
 1.38405][1.32099 1.32101 1.32116 1.32118 1.32141 1.32127 1.32154 1.32195 1.32217
 1.32289 1.32315 1.32262 1.32295 1.32346 1.32369 1.32346 1.32263 1.32303
 1.32268 1.32298 1.32205 1.32167 1.32189 1.32212 1.3221  1.32154 1.32172
 1.32129 1.32077 1.32038 1.31959 1.31954 1.31979 1.31944 1.31867 1.31788
 1.31808 1.31806 1.31746 1.31724 1.31778 1.31757 1.31688 1.31623 1.31583
 1.31586 1.31622 1.31617 1.316   1.31559 1.31562 1.31617 1.31601 1.31456
 1.31478 1.31476 1.31478 1.31422 1.31353 1.31357 1.31381 1.31391 1.31375
 1.31363 1.31268 1.31222 1.3118  1.31144 1.3115  1.31159 1.31189 1.31144
 1.31139 1.31168 1.3107  1.31068 1.31089 1.31076 1.31065 1.30963 1.30869
 1.30745 1.30654 1.30574 1.3054  1.30581 1.30484 1.30426 1.30324 1.30339
 1.30385 1.30432 1.30404 1.30405 1.304   1.30285 1.30325 1.30331 1.30321
 1.30315][1.29655 1.29676 1.29695 1.29683 1.29629 1.29669 1.29652 1.29652 1.29653
 1.29656 1.2966  1.29637 1.29681 1.29689 1.29716 1.29746 1.29747 1.29727
 1.29732 1.29764 1.2975  1.2983  1.29773 1.29744 1.29723 1.29685 1.2973
 1.29717 1.29741 1.29766 1.29709 1.29696 1.2971  1.29671 1.29635 1.29639
 1.29713 1.29722 1.29748 1.29723 1.29698 1.29697 1.29697 1.29686 1.29632
 1.29605 1.29536 1.29547 1.29557 1.29553 1.29581 1.29539 1.29542 1.29477
 1.29457 1.29454 1.29396 1.29342 1.2931  1.29289 1.29222 1.2919  1.29132
 1.29099 1.29019 1.28932 1.28923 1.28842 1.28849 1.2884  1.28904 1.28885
 1.28946 1.28952 1.28945 1.28923 1.28878 1.2886  1.28861 1.28857 1.28813
 1.28731 1.28736 1.28712 1.28736 1.28689 1.28659 1.28637 1.28561 1.28486
 1.28478 1.28456 1.28426 1.28397 1.28339 1.28333 1.28264 1.28276 1.28188
 1.28154][1.25566 1.25577 1.2558  1.25564 1.25576 1.25553 1.25596 1.25624 1.2562
 1.257   1.25672 1.25665 1.25668 1.25686 1.25689 1.25637 1.25668 1.25745
 1.25784 1.25786 1.25815 1.25817 1.25812 1.2575  1.25792 1.25816 1.25799
 1.25826 1.25851 1.25831 1.25796 1.25844 1.25817 1.25868 1.25849 1.25924
 1.25955 1.25929 1.25954 1.2601  1.26007 1.25932 1.25841 1.2578  1.25813
 1.25788 1.25798 1.25725 1.25664 1.25648 1.25609 1.25638 1.2563  1.25576
 1.25513 1.25496 1.25502 1.25457 1.25466 1.25376 1.25387 1.25393 1.25401
 1.25391 1.25369 1.25331 1.25377 1.25404 1.25393 1.25376 1.2538  1.25371
 1.25341 1.25316 1.2528  1.25268 1.25232 1.25196 1.25177 1.25105 1.25095
 1.25096 1.25046 1.25061 1.25143 1.25118 1.25022 1.24955 1.24917 1.24911
 1.2492  1.24932 1.24921 1.24926 1.24889 1.24877 1.24834 1.24842 1.24834
 1.24788][1.24149 1.24186 1.24203 1.24213 1.24242 1.24245 1.24254 1.24241 1.2421
 1.2423  1.24191 1.24241 1.2429  1.24293 1.24304 1.24295 1.24354 1.24324
 1.24331 1.24326 1.24371 1.24364 1.24355 1.2433  1.24339 1.24352 1.24389
 1.24386 1.24401 1.24438 1.24373 1.24409 1.24406 1.24463 1.24452 1.24419
 1.24419 1.24302 1.24375 1.24374 1.24416 1.24434 1.24399 1.24425 1.24369
 1.24453 1.24472 1.24458 1.24457 1.24526 1.24505 1.24434 1.244   1.24413
 1.24339 1.24355 1.2426  1.24224 1.24192 1.24153 1.24188 1.24211 1.24258
 1.24289 1.24207 1.24184 1.24142 1.24105 1.24066 1.23998 1.23979 1.23976
 1.23993 1.24012 1.23971 1.23921 1.23914 1.2389  1.23911 1.23878 1.23801
 1.23865 1.23844 1.23799 1.23765 1.23755 1.23783 1.23739 1.23696 1.23691
 1.23675 1.23678 1.23661 1.23655 1.23676 1.23677 1.23618 1.23631 1.23582
 1.23548][1.18856 1.18876 1.18886 1.1894  1.18936 1.18957 1.19001 1.1902  1.19046
 1.19097 1.19092 1.19086 1.19096 1.1907  1.19117 1.19128 1.19108 1.19116
 1.19139 1.19142 1.19152 1.19186 1.19208 1.19232 1.19249 1.19245 1.19225
 1.19213 1.19207 1.19214 1.1925  1.19318 1.19306 1.19337 1.19351 1.19347
 1.19408 1.19414 1.19443 1.1949  1.19504 1.19539 1.19585 1.19624 1.19607
 1.19646 1.19722 1.19724 1.19714 1.19739 1.19769 1.1977  1.19779 1.19762
 1.19746 1.19775 1.19719 1.19741 1.19785 1.19844 1.19892 1.19877 1.19842
 1.19845 1.19819 1.19811 1.19806 1.19804 1.19787 1.19748 1.19714 1.19704
 1.19682 1.19654 1.19612 1.19503 1.19434 1.19466 1.19493 1.19469 1.19414
 1.19427 1.19335 1.1933  1.19326 1.19285 1.19258 1.19173 1.19171 1.19112
 1.19067 1.1906  1.19046 1.19032 1.19036 1.19025 1.19043 1.19045 1.19033
 1.19022][1.17589 1.17604 1.17593 1.17608 1.17584 1.17591 1.17589 1.17607 1.17574
 1.17548 1.17568 1.17579 1.17605 1.17655 1.17664 1.17695 1.17699 1.17689
 1.17711 1.17756 1.17744 1.17752 1.1775  1.17777 1.17817 1.17819 1.17824
 1.1783  1.17805 1.17773 1.178   1.17758 1.17775 1.17802 1.17848 1.17825
 1.17838 1.17855 1.17863 1.17892 1.1794  1.17976 1.17969 1.1804  1.18026
 1.18047 1.18019 1.1803  1.17999 1.18037 1.18024 1.18025 1.1798  1.18042
 1.18087 1.18045 1.18077 1.18113 1.18141 1.18199 1.18245 1.18254 1.18277
 1.183   1.18272 1.18319 1.18303 1.18378 1.18341 1.18351 1.18303 1.18298
 1.18279 1.18266 1.18267 1.18298 1.18291 1.18304 1.18347 1.18281 1.18306
 1.18336 1.18357 1.18301 1.18325 1.18269 1.18273 1.18273 1.18281 1.18283
 1.183   1.1831  1.18287 1.18321 1.18266 1.18292 1.18264 1.18274 1.18277
 1.18266][1.1533  1.15357 1.1539  1.15424 1.1542  1.15427 1.15449 1.15511 1.15489
 1.15503 1.15532 1.15528 1.15555 1.15588 1.15573 1.15585 1.156   1.15626
 1.15595 1.15584 1.15661 1.15674 1.15718 1.15724 1.1573  1.15789 1.15816
 1.15793 1.15757 1.15754 1.15775 1.15786 1.15801 1.15809 1.15794 1.15775
 1.15779 1.15833 1.15849 1.15875 1.15897 1.15939 1.15946 1.15989 1.16008
 1.16    1.15983 1.15965 1.15948 1.15926 1.15957 1.15974 1.16013 1.16037
 1.16047 1.16101 1.16151 1.16155 1.16162 1.16192 1.16169 1.16232 1.16237
 1.16277 1.16258 1.16287 1.1631  1.16345 1.16331 1.16354 1.16365 1.16406
 1.16421 1.16455 1.16424 1.1641  1.16406 1.16432 1.16486 1.16514 1.16558
 1.16543 1.16504 1.16527 1.16436 1.1641  1.16368 1.16352 1.16276 1.16247
 1.16248 1.16233 1.16204 1.16178 1.16164 1.16149 1.16114 1.16097 1.16063
 1.16055][1.14867 1.14899 1.14935 1.14947 1.14954 1.14945 1.14917 1.14927 1.14964
 1.14979 1.15014 1.15017 1.15015 1.15009 1.15043 1.15027 1.1508  1.15101
 1.15137 1.15128 1.15128 1.15162 1.15189 1.15254 1.15271 1.15296 1.1529
 1.15292 1.15362 1.15357 1.15385 1.15347 1.15395 1.15417 1.15469 1.15468
 1.15459 1.15445 1.15423 1.15414 1.154   1.15384 1.15377 1.15352 1.15365
 1.15411 1.15405 1.15363 1.15347 1.1532  1.1533  1.1536  1.15312 1.15296
 1.15309 1.15318 1.15374 1.15382 1.15405 1.15459 1.15491 1.15476 1.15503
 1.15535 1.15574 1.15613 1.1563  1.15617 1.15648 1.1568  1.15678 1.15682
 1.15735 1.15732 1.15728 1.15777 1.15848 1.15886 1.1593  1.15997 1.16018
 1.16057 1.16051 1.16008 1.15929 1.15957 1.15905 1.1597  1.1602  1.16071
 1.16087 1.16028 1.16    1.15979 1.15887 1.15911 1.15902 1.15909 1.15908
 1.15886][1.12929 1.12941 1.12949 1.12955 1.13    1.13011 1.13007 1.1298  1.12916
 1.12968 1.12989 1.13026 1.13085 1.13121 1.13089 1.13057 1.13088 1.13129
 1.13118 1.13099 1.13107 1.13121 1.13161 1.13196 1.13206 1.13228 1.13219
 1.1328  1.13301 1.13334 1.13379 1.13402 1.13392 1.13421 1.13407 1.13404
 1.13426 1.13474 1.13475 1.13532 1.13553 1.13572 1.13558 1.13524 1.13588
 1.13604 1.13644 1.13654 1.13596 1.13592 1.13572 1.13593 1.13659 1.13635
 1.13642 1.13641 1.13665 1.13696 1.13756 1.1372  1.13718 1.13718 1.13779
 1.13793 1.13784 1.13737 1.13758 1.13736 1.13788 1.13829 1.13851 1.13851
 1.13903 1.13887 1.13891 1.13905 1.13924 1.13945 1.13947 1.1393  1.13993
 1.14019 1.14057 1.1406  1.14109 1.14166 1.14157 1.14184 1.14229 1.14169
 1.14218 1.14211 1.142   1.14217 1.14232 1.14253 1.14214 1.14206 1.14197
 1.14203]