[1.18256 1.18256 1.18249 1.18246 1.1824  1.18236 1.18234 1.18232 1.1823
 1.18232 1.18229 1.1823  1.18225 1.18231 1.18229 1.18234 1.18235 1.18233
 1.18226 1.18227 1.18227 1.18224 1.1822  1.18217 1.18218 1.18215 1.18209
 1.18207 1.18207 1.18201 1.18203 1.18203 1.18203 1.18205 1.18204 1.18204
 1.18204 1.18198 1.18199 1.18196 1.182   1.18198 1.18196 1.18193 1.18195
 1.18195 1.18193 1.18197 1.1819  1.18186 1.18185 1.18178 1.18172 1.18173
 1.18174 1.18174 1.18169 1.18171 1.18173 1.18169 1.18168 1.18163 1.18158
 1.18163 1.18162 1.18162 1.1816  1.18152 1.18145 1.18142 1.18141 1.18142
 1.18149 1.18148 1.18142 1.18139 1.18131 1.18127 1.18126 1.18125 1.18119
 1.18117 1.1811  1.18116 1.18103 1.18104 1.18105 1.181   1.18104 1.18105
 1.18103 1.18099 1.18095 1.18096 1.18101 1.18094 1.18087 1.18085 1.1809
 1.18088][1.17101 1.17103 1.17102 1.171   1.17104 1.17113 1.17113 1.17115 1.17115
 1.17116 1.17115 1.17113 1.17111 1.17114 1.17115 1.1711  1.17108 1.17108
 1.17113 1.17114 1.17116 1.17115 1.17106 1.17104 1.17105 1.17105 1.17102
 1.171   1.17095 1.17097 1.17099 1.17091 1.17091 1.17088 1.17094 1.17094
 1.17088 1.1709  1.17088 1.17087 1.17086 1.17091 1.17094 1.17091 1.17099
 1.17096 1.17101 1.17106 1.17104 1.17095 1.17093 1.17091 1.17089 1.1709
 1.17088 1.17087 1.17088 1.17086 1.17078 1.17074 1.17073 1.1707  1.1707
 1.17066 1.17065 1.17067 1.17058 1.17057 1.17056 1.17054 1.1705  1.17053
 1.17056 1.1706  1.17056 1.17061 1.17061 1.17062 1.17057 1.17056 1.17057
 1.17056 1.17052 1.17052 1.17056 1.17053 1.17059 1.17063 1.17066 1.17063
 1.17066 1.17069 1.17066 1.17064 1.17066 1.17063 1.17062 1.17061 1.17058
 1.17061][1.16343 1.16343 1.1635  1.16348 1.1635  1.1635  1.16353 1.16355 1.16354
 1.16356 1.16361 1.16364 1.16367 1.1637  1.16366 1.16362 1.16355 1.16358
 1.16359 1.16362 1.16365 1.16366 1.16365 1.16366 1.16369 1.16368 1.1637
 1.16368 1.16361 1.16362 1.16365 1.16367 1.16362 1.16357 1.16357 1.16358
 1.16356 1.16351 1.16347 1.16346 1.16343 1.16342 1.16346 1.16346 1.16342
 1.16341 1.16343 1.16346 1.16343 1.16345 1.16344 1.1634  1.1634  1.1634
 1.16336 1.16339 1.16334 1.16332 1.16333 1.16337 1.16334 1.16332 1.1632
 1.16318 1.16314 1.16307 1.16303 1.16303 1.16297 1.16294 1.16291 1.16294
 1.1629  1.16288 1.16286 1.16286 1.16285 1.16286 1.16289 1.1629  1.16286
 1.16285 1.16286 1.16283 1.1628  1.16277 1.16279 1.16274 1.16272 1.1627
 1.16268 1.16266 1.16265 1.16267 1.1626  1.16255 1.16256 1.1625  1.16251
 1.16247][1.17408 1.17404 1.17404 1.17409 1.17414 1.17418 1.17424 1.17429 1.17434
 1.17433 1.17442 1.17445 1.17444 1.1744  1.17443 1.17451 1.17445 1.1745
 1.17452 1.17454 1.17458 1.17461 1.17467 1.1747  1.17476 1.1748  1.17486
 1.17486 1.17487 1.17492 1.17494 1.17497 1.17496 1.17502 1.175   1.17498
 1.17492 1.17494 1.17495 1.17495 1.17494 1.17499 1.17496 1.17492 1.17491
 1.17483 1.17478 1.17479 1.17479 1.17476 1.17477 1.17476 1.17479 1.17478
 1.17477 1.17472 1.1747  1.17466 1.17461 1.17455 1.17456 1.17453 1.17457
 1.17454 1.17447 1.17448 1.17448 1.17439 1.17433 1.17436 1.1743  1.17428
 1.17424 1.17421 1.17414 1.1741  1.17406 1.17405 1.17404 1.17403 1.17404
 1.17404 1.17402 1.17402 1.17403 1.17404 1.17404 1.174   1.174   1.17401
 1.17399 1.17394 1.17394 1.17395 1.17393 1.17392 1.17392 1.17394 1.17392
 1.1739 ][1.16965 1.16969 1.16968 1.16966 1.16964 1.16964 1.1697  1.16972 1.16971
 1.16975 1.1698  1.16975 1.16983 1.16981 1.16984 1.16986 1.16987 1.1699
 1.16989 1.16985 1.16983 1.16987 1.1699  1.16991 1.16997 1.17    1.16998
 1.17004 1.17003 1.1701  1.17017 1.1702  1.17026 1.17022 1.17023 1.17021
 1.17023 1.17031 1.17029 1.17032 1.17022 1.17016 1.17015 1.17014 1.17013
 1.17016 1.17016 1.17014 1.17018 1.17014 1.17008 1.17008 1.17005 1.17005
 1.17008 1.17002 1.16998 1.16999 1.16999 1.16994 1.16992 1.16993 1.16989
 1.16985 1.16987 1.1698  1.16977 1.16968 1.16958 1.1696  1.16959 1.16957
 1.16955 1.16952 1.16955 1.1695  1.16941 1.16933 1.1693  1.16932 1.16931
 1.16927 1.16923 1.16925 1.16924 1.16919 1.1692  1.16921 1.1692  1.16919
 1.1692  1.16926 1.16929 1.16927 1.16922 1.16922 1.16923 1.16923 1.1692
 1.16918][1.17601 1.176   1.17598 1.17604 1.17603 1.17606 1.17607 1.17609 1.17614
 1.17617 1.17624 1.17619 1.1762  1.17627 1.17627 1.17631 1.17632 1.17633
 1.17634 1.17637 1.17639 1.17645 1.17642 1.17644 1.1765  1.17652 1.17656
 1.17658 1.17661 1.17661 1.17664 1.1767  1.17671 1.17673 1.17676 1.1768
 1.17681 1.17685 1.17684 1.17687 1.17693 1.17691 1.17689 1.17694 1.17695
 1.17698 1.17691 1.17694 1.17698 1.17699 1.17698 1.1769  1.17688 1.17682
 1.17679 1.17672 1.17664 1.17665 1.17658 1.17654 1.1765  1.17651 1.17655
 1.17656 1.17653 1.17655 1.17657 1.17653 1.17651 1.1765  1.17655 1.17655
 1.17651 1.17647 1.17642 1.17645 1.17649 1.17649 1.17648 1.17645 1.17633
 1.17631 1.17631 1.17629 1.17633 1.17627 1.1763  1.1763  1.1763  1.1763
 1.17634 1.17632 1.17624 1.17618 1.17616 1.17612 1.17612 1.1761  1.17611
 1.17607][1.16673 1.16678 1.1668  1.16674 1.16667 1.16669 1.16668 1.16673 1.16675
 1.16678 1.16683 1.16688 1.16686 1.16692 1.16697 1.16699 1.167   1.16698
 1.16703 1.16707 1.16708 1.16712 1.16715 1.16716 1.16717 1.16717 1.16721
 1.16718 1.16714 1.16714 1.16713 1.16718 1.16725 1.16726 1.16727 1.16727
 1.1673  1.16731 1.16733 1.16733 1.16733 1.16733 1.16736 1.1674  1.1674
 1.16742 1.16744 1.16754 1.16752 1.16754 1.16752 1.16752 1.16754 1.16759
 1.16765 1.16758 1.16763 1.16759 1.16752 1.16753 1.16747 1.16748 1.16746
 1.16744 1.16746 1.16743 1.16739 1.16736 1.16739 1.16735 1.16735 1.16736
 1.16736 1.16735 1.16726 1.16724 1.16715 1.1671  1.16705 1.16703 1.16699
 1.16693 1.16694 1.16693 1.16687 1.16685 1.16679 1.16676 1.16672 1.16673
 1.16667 1.16667 1.16655 1.16654 1.16654 1.16653 1.16646 1.16644 1.16645
 1.16643][1.16104 1.16108 1.16109 1.1611  1.16105 1.16109 1.16106 1.1611  1.16113
 1.16119 1.16125 1.16123 1.16124 1.16126 1.16126 1.16127 1.16128 1.16137
 1.16141 1.16143 1.16144 1.16148 1.16154 1.16157 1.16153 1.16155 1.16153
 1.1616  1.16159 1.16163 1.16168 1.16169 1.16172 1.16174 1.16174 1.16176
 1.16175 1.16178 1.16182 1.16185 1.16182 1.16182 1.16183 1.16184 1.16186
 1.16184 1.16188 1.16188 1.16189 1.1619  1.1619  1.16189 1.16193 1.16195
 1.16199 1.16198 1.16204 1.162   1.16202 1.16205 1.16204 1.16205 1.16208
 1.16206 1.16209 1.16215 1.16218 1.16219 1.16219 1.16223 1.16219 1.16218
 1.16214 1.1621  1.16211 1.16214 1.16208 1.16201 1.162   1.162   1.16201
 1.16198 1.16203 1.16206 1.16199 1.16204 1.16202 1.16201 1.16197 1.16194
 1.1619  1.16185 1.16184 1.16183 1.16178 1.16174 1.16173 1.16175 1.16175
 1.16168][1.16446 1.16453 1.16456 1.16462 1.16467 1.16468 1.16472 1.16468 1.16471
 1.16474 1.16479 1.16481 1.16489 1.16488 1.16495 1.16499 1.165   1.16505
 1.16507 1.16515 1.16518 1.16522 1.16525 1.16523 1.16532 1.16538 1.16542
 1.16548 1.16555 1.16556 1.16552 1.16554 1.16554 1.1655  1.1655  1.16551
 1.16552 1.16555 1.16556 1.16559 1.1656  1.1656  1.16563 1.16564 1.16563
 1.1657  1.16572 1.16573 1.1657  1.16573 1.16572 1.16573 1.16573 1.16578
 1.16583 1.16585 1.16587 1.16594 1.16595 1.166   1.16596 1.16602 1.16606
 1.16611 1.16615 1.16617 1.16613 1.16613 1.16616 1.16618 1.16623 1.16618
 1.16623 1.16624 1.1663  1.16632 1.16634 1.16635 1.1664  1.16641 1.16645
 1.16647 1.16643 1.16638 1.16639 1.16641 1.16641 1.16643 1.16635 1.16637
 1.16633 1.1663  1.16632 1.16634 1.16631 1.16629 1.16627 1.16628 1.16628
 1.16629][1.15807 1.15808 1.15803 1.15806 1.15806 1.15806 1.15808 1.15809 1.15811
 1.15816 1.15823 1.15825 1.15829 1.15835 1.15839 1.15837 1.15839 1.15836
 1.15833 1.15835 1.15836 1.15837 1.15842 1.15847 1.15846 1.15848 1.15844
 1.15851 1.15853 1.15858 1.15857 1.15854 1.15853 1.1585  1.15853 1.15852
 1.15854 1.15856 1.15857 1.15863 1.15865 1.15865 1.15862 1.15866 1.15869
 1.15874 1.15877 1.15878 1.15879 1.15883 1.1589  1.15891 1.15898 1.15899
 1.15901 1.15902 1.159   1.159   1.15906 1.15909 1.15913 1.15915 1.15915
 1.15914 1.15913 1.15917 1.15918 1.15918 1.15919 1.15921 1.15922 1.15923
 1.15928 1.15931 1.15932 1.15935 1.1593  1.15927 1.15926 1.15931 1.15932
 1.15934 1.15933 1.15934 1.15936 1.15936 1.15938 1.15939 1.15938 1.15943
 1.1594  1.15938 1.15942 1.15943 1.15942 1.15944 1.15941 1.15943 1.15944
 1.15942]