[1.31726 1.31726 1.31725 1.31724 1.31724 1.31723 1.31721 1.31719 1.3172
 1.31721 1.3172  1.31721 1.31723 1.31722 1.31723 1.31723 1.31723 1.31723
 1.3172  1.31719 1.31721 1.31723 1.31724 1.31724 1.31722 1.31723 1.31723
 1.31723 1.31722 1.31721 1.31721 1.31722 1.31722 1.31722 1.31723 1.31723
 1.31721 1.31722 1.31722 1.31723 1.31723 1.31724 1.31723 1.31723 1.31722
 1.31721 1.31722 1.31721 1.31721 1.31721 1.31721 1.3172  1.31719 1.3172
 1.3172  1.31721 1.31722 1.31721 1.31718 1.31718 1.31718 1.31719 1.3172
 1.3172  1.3172  1.31722 1.31721 1.31721 1.3172  1.31719 1.31721 1.3172
 1.31719 1.31718 1.31721 1.3172  1.3172  1.3172  1.31719 1.31718 1.31718
 1.31719 1.31718 1.31716 1.31716 1.31714 1.31715 1.31716 1.31716 1.31717
 1.31716 1.31716 1.31716 1.31716 1.31718 1.31718 1.31715 1.31715 1.31716
 1.31716][1.32528 1.32528 1.32527 1.32529 1.32528 1.32529 1.32526 1.32524 1.32526
 1.32526 1.32526 1.32526 1.32527 1.32526 1.32526 1.32525 1.32524 1.32524
 1.3252  1.32521 1.32521 1.32522 1.32519 1.3252  1.3252  1.3252  1.32519
 1.3252  1.32519 1.32518 1.32516 1.32516 1.32515 1.32517 1.32517 1.32516
 1.32516 1.32515 1.32513 1.32513 1.32512 1.32513 1.32513 1.32512 1.32511
 1.3251  1.32509 1.32509 1.32508 1.32507 1.32507 1.32508 1.32508 1.32508
 1.32507 1.32505 1.32505 1.32505 1.32506 1.32505 1.32506 1.32504 1.32503
 1.32502 1.32502 1.32503 1.32503 1.32504 1.32506 1.32506 1.32505 1.32505
 1.32505 1.32506 1.32507 1.32508 1.32506 1.32507 1.32506 1.32505 1.32505
 1.32508 1.32507 1.32506 1.32504 1.32502 1.32503 1.32503 1.32501 1.325
 1.32499 1.32498 1.32498 1.32496 1.32496 1.32493 1.32495 1.32495 1.32494
 1.32493][1.29222 1.29224 1.29225 1.29225 1.29227 1.29226 1.29227 1.29227 1.29228
 1.29228 1.29227 1.29227 1.29226 1.29227 1.29227 1.29228 1.29225 1.29225
 1.29225 1.29225 1.29226 1.29226 1.29227 1.29225 1.29226 1.29227 1.29224
 1.29223 1.29223 1.29223 1.29223 1.29223 1.29224 1.29225 1.29227 1.29226
 1.29226 1.29225 1.29225 1.29226 1.29226 1.29226 1.29226 1.29226 1.29224
 1.29224 1.29225 1.29226 1.29224 1.29224 1.29226 1.29227 1.29225 1.29226
 1.29225 1.29223 1.29224 1.29223 1.29222 1.29221 1.29222 1.29222 1.29224
 1.29224 1.29223 1.29222 1.29222 1.29222 1.29223 1.29222 1.2922  1.29219
 1.29218 1.2922  1.29221 1.2922  1.2922  1.29219 1.29218 1.29216 1.29217
 1.29216 1.29216 1.29216 1.29215 1.29214 1.29212 1.29212 1.29212 1.29213
 1.29214 1.29213 1.29214 1.29215 1.29216 1.29217 1.29217 1.29217 1.29218
 1.29218][1.32432 1.32432 1.32432 1.32433 1.32434 1.32435 1.32436 1.32434 1.32435
 1.32435 1.32435 1.32435 1.32435 1.32436 1.32438 1.32439 1.32439 1.32439
 1.32439 1.32439 1.32441 1.32443 1.32442 1.32443 1.32443 1.32444 1.32445
 1.32445 1.32444 1.32444 1.32445 1.32444 1.32444 1.32445 1.32444 1.32442
 1.32442 1.3244  1.32441 1.3244  1.3244  1.32441 1.32442 1.32442 1.32443
 1.3244  1.3244  1.3244  1.32439 1.32439 1.3244  1.3244  1.32439 1.32439
 1.3244  1.32437 1.32437 1.32439 1.32439 1.32438 1.32439 1.32439 1.32439
 1.32438 1.32437 1.32435 1.32434 1.32436 1.32435 1.32435 1.32431 1.3243
 1.32431 1.32429 1.32429 1.3243  1.32429 1.32429 1.3243  1.32431 1.32433
 1.32431 1.3243  1.32429 1.32428 1.32428 1.32428 1.32428 1.32427 1.32426
 1.32426 1.32426 1.32427 1.32428 1.32428 1.32427 1.32428 1.32429 1.32426
 1.32426][1.31936 1.31937 1.31937 1.31935 1.31935 1.31936 1.31936 1.31937 1.31936
 1.31936 1.31935 1.31936 1.31936 1.31936 1.31938 1.31939 1.31938 1.31937
 1.31936 1.31936 1.31937 1.31937 1.31935 1.31937 1.31939 1.3194  1.31939
 1.31938 1.31939 1.31938 1.31938 1.31938 1.3194  1.3194  1.31942 1.31941
 1.31941 1.31943 1.31944 1.31943 1.31943 1.31944 1.31944 1.31944 1.31944
 1.31945 1.31944 1.31943 1.31943 1.31944 1.31945 1.31945 1.31947 1.31948
 1.31948 1.31947 1.31949 1.31948 1.31948 1.31946 1.31946 1.31946 1.31946
 1.31947 1.31947 1.31947 1.31945 1.31945 1.31944 1.31944 1.31943 1.31944
 1.31946 1.31946 1.31945 1.31943 1.31943 1.31942 1.31939 1.31938 1.31937
 1.31938 1.31938 1.31939 1.31938 1.31938 1.31938 1.31939 1.31937 1.31935
 1.31934 1.31936 1.31935 1.31935 1.31936 1.31938 1.31936 1.31937 1.31936
 1.31937][1.32319 1.3232  1.32321 1.32322 1.3232  1.3232  1.32319 1.32318 1.32322
 1.32323 1.32322 1.32321 1.3232  1.32319 1.3232  1.32319 1.32318 1.32319
 1.3232  1.3232  1.3232  1.32319 1.3232  1.32321 1.3232  1.3232  1.32322
 1.32322 1.32322 1.32323 1.32323 1.32323 1.32321 1.32322 1.32321 1.32321
 1.32323 1.32322 1.32325 1.32326 1.32327 1.32328 1.32329 1.32329 1.3233
 1.3233  1.3233  1.32332 1.32334 1.32333 1.32334 1.32333 1.32331 1.32332
 1.32332 1.32331 1.32329 1.32329 1.32328 1.32329 1.3233  1.32329 1.3233
 1.3233  1.3233  1.32329 1.32328 1.32329 1.32329 1.32329 1.3233  1.32331
 1.3233  1.32329 1.32329 1.32328 1.32327 1.32326 1.32326 1.32326 1.3233
 1.32329 1.32329 1.32327 1.32328 1.32325 1.32326 1.32326 1.32325 1.32326
 1.32324 1.32323 1.32324 1.32324 1.32324 1.32325 1.32325 1.32324 1.32323
 1.32323][1.3158  1.3158  1.31581 1.31581 1.31581 1.3158  1.31579 1.31579 1.3158
 1.31581 1.31582 1.31582 1.31582 1.31584 1.31585 1.31586 1.31584 1.31582
 1.31581 1.31582 1.31581 1.31583 1.31582 1.31583 1.31585 1.31586 1.31585
 1.31586 1.31585 1.31585 1.31585 1.31585 1.31584 1.31585 1.31585 1.31585
 1.31584 1.31584 1.31587 1.31588 1.31588 1.31588 1.31589 1.31588 1.3159
 1.31589 1.3159  1.3159  1.3159  1.31591 1.31592 1.31593 1.31592 1.3159
 1.3159  1.31591 1.31589 1.3159  1.3159  1.3159  1.31591 1.31591 1.3159
 1.31589 1.31588 1.31588 1.3159  1.3159  1.3159  1.31591 1.31592 1.3159
 1.3159  1.31589 1.3159  1.31591 1.31591 1.3159  1.3159  1.31589 1.31587
 1.31589 1.31587 1.31585 1.31585 1.31584 1.31584 1.31585 1.31583 1.31584
 1.31583 1.31584 1.31585 1.31584 1.31584 1.31583 1.31583 1.31584 1.31583
 1.31581][1.34308 1.34308 1.34307 1.34309 1.3431  1.34309 1.34308 1.34309 1.34307
 1.34306 1.34306 1.34306 1.34306 1.34307 1.34306 1.34307 1.34305 1.34305
 1.34307 1.34307 1.34307 1.34307 1.34307 1.34307 1.34308 1.34307 1.34307
 1.34307 1.34307 1.34307 1.34308 1.34307 1.34307 1.34307 1.34303 1.34302
 1.34303 1.34301 1.34301 1.34301 1.34301 1.34299 1.34299 1.343   1.34301
 1.34301 1.34302 1.34301 1.343   1.343   1.34302 1.34301 1.34302 1.34303
 1.34304 1.34304 1.34303 1.34301 1.34301 1.34301 1.34299 1.34299 1.34297
 1.34297 1.34297 1.34298 1.34298 1.34299 1.343   1.343   1.34301 1.34301
 1.34298 1.34298 1.34299 1.34298 1.34297 1.34296 1.34296 1.34297 1.34297
 1.34294 1.34294 1.34294 1.34292 1.34294 1.34293 1.34293 1.34292 1.34293
 1.34292 1.34292 1.34294 1.34292 1.34292 1.34291 1.34289 1.3429  1.3429
 1.34291][1.32624 1.32624 1.32625 1.32626 1.32627 1.32628 1.32629 1.32628 1.32628
 1.32626 1.32627 1.32627 1.32627 1.32629 1.32629 1.32631 1.3263  1.32629
 1.32631 1.32631 1.32632 1.32631 1.32632 1.32633 1.32632 1.32632 1.32633
 1.32634 1.32632 1.32628 1.32625 1.32622 1.32623 1.32624 1.32624 1.32626
 1.32627 1.32626 1.32625 1.32624 1.32626 1.32625 1.32624 1.32624 1.32625
 1.32624 1.32625 1.32625 1.32626 1.32627 1.32629 1.32628 1.32625 1.32625
 1.32625 1.32628 1.32626 1.32627 1.32629 1.32629 1.32628 1.32628 1.32627
 1.32626 1.32626 1.32626 1.32627 1.32629 1.32629 1.32629 1.32629 1.32628
 1.32629 1.32627 1.32626 1.32626 1.32626 1.32627 1.32628 1.32628 1.32631
 1.3263  1.3263  1.32628 1.32629 1.32628 1.32628 1.32627 1.32627 1.32626
 1.32627 1.32628 1.32627 1.32628 1.32628 1.32627 1.32626 1.32625 1.32624
 1.32625][1.31596 1.31597 1.31597 1.31598 1.31598 1.316   1.31597 1.31597 1.31598
 1.31597 1.31596 1.31596 1.31596 1.31596 1.31594 1.31595 1.31595 1.31592
 1.31591 1.31592 1.31592 1.31592 1.31592 1.3159  1.3159  1.31589 1.3159
 1.31591 1.31593 1.31593 1.31593 1.31592 1.31594 1.31595 1.31595 1.31595
 1.31594 1.31595 1.31595 1.31596 1.31596 1.31597 1.31595 1.31595 1.31597
 1.31596 1.31597 1.31597 1.31596 1.31596 1.31597 1.31597 1.31597 1.31598
 1.31597 1.31598 1.31598 1.31598 1.31599 1.316   1.31598 1.316   1.316
 1.316   1.316   1.31601 1.31603 1.31604 1.31605 1.31603 1.31604 1.31605
 1.31603 1.31602 1.31601 1.31603 1.31604 1.31605 1.31603 1.31603 1.31605
 1.31606 1.31607 1.31608 1.31609 1.3161  1.31609 1.3161  1.31611 1.31611
 1.31611 1.31611 1.31609 1.31608 1.31606 1.31608 1.31609 1.31607 1.31608
 1.31606]