[1.40006 1.40005 1.40006 1.40005 1.40005 1.40003 1.40002 1.40001 1.40002
 1.40002 1.40001 1.40001 1.4     1.40002 1.40002 1.40001 1.4     1.39999
 1.39996 1.39996 1.39996 1.39996 1.39997 1.39996 1.39996 1.39996 1.39995
 1.39995 1.39996 1.39996 1.39997 1.39996 1.39997 1.39999 1.39998 1.39997
 1.39997 1.39995 1.39996 1.39996 1.39996 1.39996 1.39997 1.39997 1.39998
 1.39998 1.39997 1.39996 1.39996 1.39994 1.39994 1.39996 1.39995 1.39994
 1.39995 1.39995 1.39995 1.39997 1.39997 1.39998 1.39998 1.39997 1.39995
 1.39992 1.39993 1.39991 1.39992 1.39991 1.39992 1.39991 1.3999  1.39989
 1.39989 1.39989 1.39988 1.39988 1.39989 1.39991 1.3999  1.3999  1.39989
 1.39991 1.3999  1.3999  1.39991 1.3999  1.3999  1.39987 1.39987 1.39987
 1.39985 1.39984 1.39985 1.39985 1.39983 1.39982 1.39984 1.39983 1.39985
 1.39984][1.39285 1.39285 1.39283 1.39286 1.39287 1.39286 1.39287 1.39288 1.3929
 1.39293 1.39295 1.39296 1.39296 1.39298 1.39297 1.39294 1.39295 1.39296
 1.39295 1.39296 1.39296 1.39297 1.39298 1.393   1.393   1.393   1.393
 1.39302 1.393   1.39299 1.39298 1.39298 1.39296 1.39296 1.39298 1.39298
 1.39298 1.39298 1.39298 1.39296 1.39294 1.39294 1.39295 1.39292 1.39293
 1.39295 1.39295 1.39294 1.39293 1.39291 1.39291 1.39291 1.3929  1.39289
 1.39287 1.39287 1.39287 1.39286 1.39286 1.39284 1.39284 1.39284 1.39284
 1.39284 1.39284 1.39284 1.39284 1.39283 1.39281 1.39279 1.3928  1.39279
 1.39282 1.39282 1.39282 1.39281 1.39281 1.39281 1.3928  1.39281 1.39277
 1.39276 1.39277 1.39278 1.39279 1.39278 1.39276 1.39277 1.39277 1.39279
 1.39276 1.39274 1.39277 1.39277 1.3928  1.39279 1.39278 1.39278 1.3928
 1.39278][1.40644 1.40644 1.40643 1.40643 1.40645 1.40645 1.40645 1.40645 1.40648
 1.40648 1.4065  1.40651 1.4065  1.4065  1.40649 1.4065  1.40649 1.40648
 1.40647 1.40648 1.40649 1.40649 1.40649 1.40647 1.40647 1.40647 1.40649
 1.40648 1.40649 1.40648 1.40649 1.40651 1.40651 1.4065  1.40648 1.40648
 1.40651 1.4065  1.40651 1.40651 1.40648 1.4065  1.40651 1.4065  1.40651
 1.40652 1.4065  1.4065  1.40648 1.40647 1.40649 1.40649 1.40649 1.40648
 1.40647 1.40648 1.4065  1.40648 1.40648 1.40648 1.40647 1.40649 1.40649
 1.4065  1.40649 1.40647 1.40648 1.40649 1.40649 1.4065  1.40652 1.40651
 1.4065  1.40648 1.40647 1.40645 1.40646 1.40646 1.40644 1.40646 1.40649
 1.4065  1.40654 1.40651 1.40652 1.40654 1.40652 1.4065  1.40648 1.40645
 1.40648 1.40647 1.4065  1.40647 1.40649 1.40647 1.40648 1.40649 1.40647
 1.40645][1.42048 1.4205  1.4205  1.42051 1.42051 1.42053 1.42053 1.42054 1.42055
 1.42055 1.42054 1.42056 1.42057 1.42056 1.42053 1.42053 1.42054 1.42054
 1.42053 1.42055 1.42054 1.42057 1.42057 1.42058 1.42062 1.42063 1.42062
 1.42063 1.42064 1.42065 1.42066 1.42065 1.42066 1.4207  1.4207  1.42071
 1.42069 1.42069 1.42069 1.42069 1.42068 1.42068 1.42067 1.42066 1.42069
 1.4207  1.42069 1.42071 1.42069 1.42072 1.42073 1.42071 1.4207  1.42069
 1.42069 1.42067 1.42067 1.42066 1.42066 1.42066 1.42067 1.42066 1.42065
 1.42064 1.42064 1.42064 1.42062 1.42064 1.42065 1.42064 1.42064 1.42063
 1.42065 1.42065 1.42065 1.42066 1.42065 1.42066 1.42063 1.42062 1.42062
 1.42062 1.42061 1.42058 1.42057 1.42058 1.42057 1.42057 1.42055 1.42054
 1.42055 1.42055 1.42053 1.42054 1.42057 1.42057 1.42057 1.42057 1.42057
 1.42057][1.43686 1.43686 1.43685 1.43687 1.43687 1.43688 1.43688 1.43688 1.43688
 1.43689 1.43689 1.43693 1.43694 1.43694 1.43695 1.43696 1.43697 1.43696
 1.43697 1.43698 1.43698 1.437   1.43698 1.43699 1.437   1.437   1.437
 1.437   1.43701 1.43702 1.43704 1.43704 1.43704 1.43705 1.43706 1.43705
 1.43707 1.43707 1.43709 1.43708 1.43709 1.43707 1.43707 1.43709 1.4371
 1.43708 1.43711 1.4371  1.43708 1.43708 1.43709 1.43709 1.4371  1.43711
 1.4371  1.43708 1.43708 1.43707 1.43707 1.43708 1.43709 1.43708 1.43706
 1.43707 1.43706 1.43708 1.43708 1.43706 1.43706 1.43706 1.43705 1.43705
 1.43703 1.43705 1.43705 1.43706 1.43705 1.43703 1.43703 1.43703 1.43701
 1.43697 1.43696 1.43696 1.43695 1.43696 1.43697 1.43695 1.43693 1.43691
 1.43692 1.43692 1.43691 1.4369  1.43691 1.4369  1.43689 1.43689 1.43689
 1.43688][1.41685 1.41686 1.41684 1.41685 1.41685 1.41686 1.41686 1.41687 1.41687
 1.41686 1.41687 1.41686 1.41684 1.41684 1.41685 1.41687 1.41688 1.41689
 1.41688 1.41687 1.41686 1.41686 1.41688 1.41688 1.41689 1.41691 1.41692
 1.4169  1.41693 1.41691 1.41694 1.41693 1.41691 1.41691 1.41689 1.41687
 1.41688 1.4169  1.41689 1.41689 1.41689 1.41689 1.41688 1.41689 1.41688
 1.41687 1.41686 1.41686 1.41688 1.41689 1.41687 1.41689 1.41689 1.41688
 1.41689 1.41689 1.41689 1.41687 1.41688 1.41688 1.41687 1.41688 1.41688
 1.41689 1.41688 1.41689 1.41687 1.41687 1.41686 1.41685 1.41686 1.41684
 1.41683 1.4168  1.4168  1.41677 1.41675 1.41673 1.41673 1.41674 1.41673
 1.41672 1.41675 1.41675 1.41673 1.41672 1.41673 1.41675 1.41675 1.41676
 1.41678 1.41678 1.41678 1.41678 1.41678 1.41681 1.41679 1.41677 1.41676
 1.41678][1.44285 1.44285 1.44287 1.44285 1.44285 1.44283 1.44282 1.44282 1.44281
 1.44282 1.44283 1.44282 1.44281 1.44281 1.44281 1.44281 1.4428  1.44279
 1.4428  1.44279 1.44281 1.4428  1.44285 1.44286 1.44287 1.44288 1.4429
 1.44288 1.44286 1.44286 1.44286 1.44285 1.44288 1.44291 1.44289 1.44291
 1.44291 1.44293 1.44293 1.44293 1.44293 1.44292 1.44294 1.44294 1.44296
 1.44297 1.44298 1.44297 1.44297 1.44298 1.443   1.44302 1.443   1.44301
 1.44299 1.443   1.44302 1.44303 1.44308 1.44309 1.44311 1.4431  1.44311
 1.4431  1.44309 1.44308 1.44308 1.44309 1.44309 1.4431  1.44312 1.44313
 1.44311 1.44311 1.4431  1.44306 1.44304 1.44305 1.44307 1.44305 1.44307
 1.44304 1.44304 1.44305 1.44306 1.44306 1.44305 1.44304 1.44305 1.44303
 1.44305 1.44306 1.44305 1.44303 1.44303 1.44304 1.44303 1.44302 1.44305
 1.44304][1.41583 1.41584 1.41582 1.41582 1.41583 1.41582 1.4158  1.4158  1.4158
 1.41579 1.41579 1.4158  1.41581 1.41581 1.41582 1.41585 1.41586 1.41584
 1.41585 1.41589 1.41591 1.41591 1.41589 1.41589 1.41588 1.41589 1.41587
 1.41586 1.41584 1.41584 1.41587 1.41586 1.41585 1.41585 1.41586 1.41584
 1.41584 1.41582 1.41582 1.41583 1.41582 1.41587 1.41587 1.41588 1.41589
 1.41591 1.41592 1.41592 1.41593 1.41595 1.41594 1.41595 1.41594 1.41592
 1.41593 1.41592 1.41593 1.41593 1.41592 1.41594 1.41595 1.41596 1.41597
 1.41598 1.416   1.416   1.41599 1.41597 1.41598 1.41598 1.41596 1.41595
 1.41595 1.41594 1.41593 1.4159  1.4159  1.4159  1.4159  1.4159  1.41591
 1.41589 1.4159  1.41589 1.41589 1.41589 1.4159  1.4159  1.4159  1.41589
 1.41587 1.41588 1.41587 1.41586 1.41584 1.41584 1.41584 1.41583 1.41586
 1.41587][1.40033 1.40033 1.40031 1.40032 1.40031 1.40032 1.40032 1.40033 1.40034
 1.40033 1.40034 1.40037 1.40037 1.40037 1.40039 1.4004  1.40039 1.40041
 1.40041 1.40042 1.40042 1.40041 1.40041 1.40041 1.40043 1.40044 1.40044
 1.40041 1.40041 1.40042 1.40042 1.40043 1.40044 1.40043 1.40045 1.40043
 1.40045 1.40047 1.40048 1.40048 1.4005  1.40049 1.40049 1.40047 1.40049
 1.40048 1.40049 1.40051 1.40051 1.40052 1.40051 1.40051 1.40054 1.40054
 1.40054 1.40054 1.40054 1.40052 1.40052 1.40051 1.40051 1.40053 1.40056
 1.40055 1.40055 1.40054 1.40058 1.40059 1.40059 1.40058 1.40056 1.40056
 1.40057 1.40057 1.40058 1.40056 1.40058 1.40058 1.40059 1.40058 1.40058
 1.40058 1.4006  1.40058 1.40059 1.40061 1.4006  1.40061 1.40059 1.4006
 1.4006  1.40058 1.40057 1.40055 1.40055 1.40053 1.40053 1.40052 1.40052
 1.40052][1.4321  1.43209 1.43209 1.43207 1.43206 1.43205 1.43205 1.43206 1.43205
 1.43205 1.43206 1.43206 1.43206 1.43206 1.43207 1.43206 1.43207 1.43207
 1.43206 1.43206 1.43206 1.43204 1.43205 1.43205 1.43205 1.43206 1.43204
 1.43205 1.43203 1.43204 1.43203 1.43203 1.43204 1.43205 1.43206 1.43208
 1.4321  1.4321  1.43213 1.43212 1.43213 1.43215 1.43217 1.43217 1.43216
 1.43216 1.43216 1.43215 1.43215 1.43216 1.43215 1.43216 1.43215 1.43216
 1.43215 1.43215 1.43213 1.43213 1.43211 1.43212 1.43212 1.43212 1.43213
 1.43214 1.43214 1.43215 1.43213 1.43213 1.43211 1.43209 1.43209 1.43208
 1.43209 1.43209 1.43208 1.43208 1.43206 1.43208 1.43206 1.43208 1.4321
 1.43211 1.43213 1.43213 1.43216 1.43215 1.43215 1.43215 1.43213 1.43213
 1.43214 1.43215 1.43212 1.43212 1.4321  1.43208 1.43206 1.43206 1.43208
 1.43207]