[1.29192 1.29184 1.29161 1.29177 1.29159 1.29144 1.29175 1.29185 1.29197
 1.29179 1.29181 1.29155 1.29141 1.29135 1.29135 1.29121 1.29116 1.29084
 1.29066 1.2906  1.29077 1.29082 1.2908  1.29063 1.29058 1.29065 1.29049
 1.29049 1.2905  1.29049 1.2903  1.29016 1.2901  1.28982 1.28947 1.28912
 1.28909 1.28928 1.2893  1.28892 1.28895 1.28899 1.28881 1.28868 1.2887
 1.2887  1.2887  1.28874 1.28849 1.28858 1.28857 1.28898 1.28899 1.28918
 1.289   1.28871 1.289   1.28857 1.28852 1.28857 1.28868 1.28829 1.28819
 1.28809 1.28808 1.28811 1.28802 1.28775 1.28798 1.28786 1.28779 1.28748
 1.28734 1.28736 1.28728 1.28705 1.28678 1.2868  1.28662 1.28678 1.28659
 1.28649 1.28617 1.28613 1.28594 1.28595 1.28577 1.28595 1.28573 1.28542
 1.28543 1.28567 1.28568 1.28544 1.28524 1.28526 1.28536 1.28521 1.28516
 1.28494][1.41418 1.41415 1.41419 1.41394 1.41423 1.41424 1.41445 1.41447 1.41454
 1.41425 1.41424 1.41436 1.41433 1.41409 1.41419 1.41448 1.41472 1.41476
 1.41479 1.415   1.41523 1.41563 1.41591 1.4161  1.41597 1.41616 1.41623
 1.41574 1.4155  1.41556 1.41523 1.41531 1.41498 1.41482 1.41515 1.41492
 1.41498 1.41482 1.41453 1.41453 1.41429 1.41399 1.41402 1.4137  1.41379
 1.41375 1.41343 1.41347 1.41311 1.41307 1.41272 1.41223 1.41205 1.41227
 1.41216 1.41225 1.41211 1.4125  1.41255 1.41237 1.4124  1.41247 1.41232
 1.4124  1.41266 1.41259 1.41258 1.4133  1.41291 1.4128  1.41274 1.41283
 1.41274 1.41254 1.4125  1.41277 1.41251 1.41237 1.41229 1.41203 1.4119
 1.41167 1.41161 1.41185 1.41197 1.41234 1.41224 1.41251 1.41237 1.41271
 1.41278 1.41242 1.41255 1.41264 1.41284 1.4128  1.41236 1.41231 1.41183
 1.41179][1.36233 1.36235 1.36223 1.36224 1.3621  1.36211 1.36215 1.36244 1.36248
 1.36238 1.36239 1.36247 1.36236 1.36256 1.36247 1.3626  1.36227 1.36225
 1.36241 1.36224 1.36193 1.3622  1.3625  1.36247 1.36217 1.36226 1.36228
 1.36223 1.36252 1.36251 1.36262 1.3626  1.36267 1.36255 1.36231 1.36235
 1.36231 1.36215 1.36209 1.36178 1.36165 1.36136 1.36114 1.36092 1.36094
 1.36059 1.36033 1.36073 1.36062 1.36121 1.36103 1.36108 1.36115 1.36121
 1.3612  1.36117 1.36084 1.36101 1.36071 1.3608  1.36059 1.36078 1.36043
 1.36014 1.36001 1.35985 1.3597  1.35968 1.35964 1.35943 1.35944 1.35944
 1.35967 1.3598  1.35943 1.35909 1.35915 1.35923 1.35937 1.35969 1.35965
 1.35968 1.36015 1.36026 1.36021 1.36026 1.35976 1.35949 1.35918 1.35898
 1.35871 1.35856 1.35811 1.35843 1.35867 1.35838 1.35871 1.3586  1.35856
 1.35831][1.46701 1.4672  1.46734 1.46734 1.46749 1.46752 1.46761 1.46773 1.46776
 1.46783 1.46794 1.46805 1.46814 1.46837 1.46857 1.46851 1.46901 1.46888
 1.46903 1.46914 1.46925 1.46914 1.46936 1.4698  1.47028 1.4704  1.47059
 1.47068 1.47072 1.4705  1.47007 1.46987 1.46978 1.46972 1.47011 1.47015
 1.4703  1.47018 1.47064 1.47138 1.47069 1.47086 1.47082 1.47025 1.47016
 1.47011 1.46968 1.46973 1.47001 1.46937 1.46926 1.46921 1.46907 1.46973
 1.46967 1.46966 1.46983 1.47    1.47017 1.47055 1.47036 1.47027 1.47005
 1.46967 1.46942 1.46947 1.46917 1.46892 1.46865 1.46857 1.46845 1.46856
 1.46873 1.46855 1.46816 1.46755 1.46694 1.46716 1.46677 1.46679 1.46668
 1.46626 1.46562 1.46518 1.46519 1.46561 1.46564 1.46584 1.46568 1.46621
 1.46626 1.46594 1.46565 1.46544 1.46494 1.46509 1.46541 1.46534 1.4656
 1.46533][1.54956 1.5496  1.54966 1.55002 1.55014 1.55036 1.5506  1.55061 1.55045
 1.55029 1.55035 1.55006 1.54989 1.54988 1.54972 1.54996 1.5503  1.55051
 1.55108 1.55128 1.55159 1.55164 1.55181 1.55211 1.55262 1.55279 1.55314
 1.5536  1.55382 1.55349 1.55349 1.55356 1.55392 1.55421 1.55459 1.55418
 1.55477 1.5542  1.55442 1.55488 1.55517 1.55502 1.55519 1.55549 1.5556
 1.55556 1.55563 1.55578 1.5553  1.55579 1.55589 1.55559 1.55545 1.55546
 1.5555  1.55559 1.55597 1.55575 1.5555  1.55547 1.55557 1.55561 1.55543
 1.55565 1.55583 1.55632 1.55617 1.55578 1.55606 1.55595 1.55572 1.55592
 1.55509 1.5557  1.55595 1.5559  1.55565 1.55499 1.55528 1.55555 1.55548
 1.55548 1.55511 1.55509 1.55513 1.55528 1.55494 1.55503 1.55483 1.55459
 1.55461 1.55394 1.55409 1.55407 1.55379 1.55303 1.55269 1.5526  1.55267
 1.55275][1.47356 1.4735  1.47349 1.4734  1.47352 1.47326 1.47335 1.47323 1.47334
 1.47343 1.47385 1.47402 1.47444 1.47472 1.47508 1.47499 1.47498 1.47558
 1.47588 1.47603 1.47638 1.47609 1.47574 1.47577 1.47573 1.47539 1.47533
 1.47544 1.47533 1.47523 1.47541 1.47598 1.47606 1.47588 1.47564 1.47554
 1.47558 1.47589 1.47623 1.4766  1.47668 1.47722 1.47787 1.47782 1.47813
 1.47802 1.4779  1.47785 1.47736 1.477   1.47772 1.47759 1.47775 1.47742
 1.47749 1.47732 1.47732 1.4773  1.47804 1.4781  1.47784 1.47769 1.47739
 1.47762 1.47795 1.47815 1.47801 1.47811 1.47794 1.47792 1.47788 1.47802
 1.47806 1.47823 1.47773 1.47709 1.47683 1.47634 1.47702 1.47724 1.47747
 1.47702 1.47664 1.47655 1.47656 1.47616 1.47581 1.47555 1.47515 1.47454
 1.47482 1.47476 1.47464 1.47441 1.4742  1.4746  1.47425 1.47428 1.47396
 1.47409][1.48329 1.48333 1.48328 1.48337 1.4835  1.48364 1.48363 1.48419 1.4841
 1.48421 1.48406 1.48412 1.48384 1.48395 1.48458 1.48475 1.48461 1.48467
 1.48491 1.48475 1.48467 1.48472 1.48459 1.48447 1.48458 1.4842  1.48407
 1.48396 1.48389 1.48394 1.48409 1.48455 1.48482 1.48456 1.48469 1.48453
 1.48478 1.48468 1.48472 1.48488 1.48449 1.48488 1.48568 1.48588 1.48607
 1.48637 1.48673 1.48616 1.48622 1.48613 1.48607 1.48599 1.48606 1.48599
 1.48651 1.48719 1.48739 1.48775 1.48783 1.48766 1.48835 1.48823 1.48809
 1.4876  1.48764 1.48757 1.48737 1.48759 1.4874  1.48744 1.48781 1.48775
 1.4881  1.48777 1.4877  1.48754 1.48769 1.48769 1.48734 1.48714 1.48695
 1.48654 1.48662 1.48652 1.48639 1.48644 1.48681 1.48621 1.48616 1.48612
 1.48596 1.48638 1.48628 1.4864  1.48611 1.48574 1.48525 1.48509 1.48475
 1.48461][1.48601 1.48598 1.48608 1.48619 1.4863  1.48624 1.48651 1.48632 1.48661
 1.48666 1.48645 1.48632 1.48692 1.48711 1.48671 1.48696 1.48747 1.48702
 1.48725 1.4878  1.48808 1.48779 1.48771 1.4882  1.48782 1.48748 1.4871
 1.48762 1.48781 1.48777 1.48767 1.48731 1.48715 1.48692 1.48675 1.48678
 1.48669 1.48651 1.48668 1.48753 1.48767 1.48798 1.4879  1.48839 1.48839
 1.48876 1.4889  1.48866 1.48848 1.48841 1.48851 1.48846 1.48819 1.48792
 1.4878  1.48819 1.4879  1.48796 1.48813 1.48808 1.48844 1.48812 1.48829
 1.48791 1.48801 1.489   1.48901 1.48917 1.48892 1.48915 1.48956 1.48962
 1.4895  1.48931 1.48935 1.48924 1.48952 1.49016 1.49035 1.49024 1.48984
 1.48978 1.48981 1.48999 1.48968 1.4893  1.48914 1.48911 1.48899 1.48904
 1.48885 1.48877 1.48847 1.48823 1.4881  1.48791 1.48835 1.4883  1.48794
 1.48794][1.68149 1.68156 1.68191 1.68185 1.68227 1.68236 1.68266 1.68307 1.68306
 1.68392 1.68451 1.68489 1.68558 1.68607 1.68582 1.68584 1.68599 1.68577
 1.68608 1.68719 1.68704 1.68737 1.68698 1.6869  1.68733 1.6863  1.68591
 1.68601 1.68645 1.68614 1.68619 1.68627 1.68663 1.68676 1.68661 1.68696
 1.68721 1.68731 1.68736 1.68743 1.68763 1.68741 1.68719 1.6872  1.68724
 1.6874  1.68789 1.68802 1.688   1.68846 1.6881  1.68814 1.68765 1.6882
 1.68864 1.68883 1.6893  1.68958 1.68919 1.68972 1.68914 1.68981 1.69012
 1.68984 1.69037 1.69126 1.69196 1.69153 1.69171 1.6928  1.69239 1.69192
 1.6919  1.69246 1.69301 1.69342 1.69375 1.6942  1.69437 1.69392 1.69452
 1.69474 1.69377 1.69407 1.69414 1.69437 1.69458 1.69455 1.69399 1.69425
 1.69398 1.69362 1.69412 1.69465 1.69384 1.694   1.69406 1.69424 1.69424
 1.69424][1.59536 1.59537 1.59534 1.59546 1.59541 1.59548 1.59543 1.5954  1.59544
 1.59524 1.59536 1.59557 1.59575 1.5959  1.59529 1.59535 1.59549 1.59556
 1.59559 1.59587 1.59564 1.59566 1.59616 1.59605 1.59615 1.59661 1.59716
 1.59754 1.59778 1.59823 1.59826 1.59857 1.59871 1.59843 1.59884 1.59904
 1.59909 1.5987  1.59823 1.5982  1.59827 1.59836 1.59834 1.59901 1.59946
 1.59998 1.60018 1.60041 1.6012  1.60152 1.60152 1.60155 1.60144 1.60164
 1.60187 1.60195 1.60212 1.60215 1.60241 1.60276 1.60302 1.60299 1.60313
 1.60315 1.60269 1.60234 1.60255 1.6029  1.60299 1.60289 1.60301 1.60315
 1.60329 1.60344 1.60398 1.60463 1.6048  1.60468 1.60465 1.60471 1.60434
 1.60389 1.60426 1.60458 1.60502 1.60489 1.60507 1.60537 1.60599 1.60585
 1.60585 1.60593 1.60615 1.60614 1.60666 1.60702 1.60729 1.60758 1.60782
 1.60781]