[1.39587 1.39589 1.39578 1.39588 1.39586 1.396   1.39622 1.39628 1.39639
 1.3968  1.39682 1.39672 1.39635 1.39647 1.39616 1.3963  1.39621 1.39622
 1.39638 1.39637 1.3963  1.39647 1.39656 1.39629 1.3966  1.39626 1.3964
 1.39626 1.39611 1.39606 1.39616 1.39575 1.3956  1.39516 1.39508 1.39483
 1.39453 1.39463 1.39528 1.39584 1.39573 1.39618 1.39595 1.396   1.39598
 1.39596 1.39604 1.39596 1.39584 1.39597 1.39562 1.39537 1.39531 1.39557
 1.39548 1.39552 1.39551 1.39505 1.39506 1.39486 1.39496 1.3954  1.39485
 1.39451 1.39472 1.39454 1.39423 1.39434 1.39441 1.3944  1.3945  1.39479
 1.39513 1.39551 1.39525 1.39553 1.39534 1.39503 1.39488 1.39442 1.39467
 1.39456 1.39479 1.39485 1.39498 1.39506 1.39475 1.39508 1.39484 1.39475
 1.39446 1.39404 1.39405 1.39391 1.39354 1.39348 1.39317 1.39323 1.39364
 1.39334][1.34238 1.34239 1.34222 1.34207 1.34216 1.34203 1.34174 1.3418  1.34173
 1.3419  1.34216 1.34194 1.34174 1.34182 1.34189 1.34181 1.34199 1.34183
 1.34157 1.34127 1.34129 1.34125 1.34125 1.34124 1.34126 1.34074 1.34066
 1.34077 1.34108 1.34094 1.34096 1.34126 1.34102 1.34105 1.34103 1.34072
 1.34073 1.34053 1.34046 1.3408  1.34065 1.34051 1.34044 1.3401  1.34023
 1.34008 1.34026 1.34012 1.3403  1.34023 1.34018 1.34032 1.34018 1.34022
 1.34031 1.33996 1.34002 1.33988 1.33962 1.3394  1.33955 1.33983 1.34014
 1.34045 1.34045 1.34075 1.3406  1.34051 1.34043 1.34065 1.34016 1.33998
 1.33994 1.33982 1.34006 1.33989 1.3402  1.33979 1.33966 1.3398  1.33968
 1.34007 1.34019 1.34039 1.34043 1.34081 1.34105 1.34113 1.34078 1.34058
 1.34025 1.34038 1.34021 1.33995 1.33989 1.33998 1.33992 1.33963 1.33941
 1.33941][1.3656  1.36537 1.36534 1.36536 1.36545 1.36534 1.36529 1.36536 1.36552
 1.36552 1.36583 1.36604 1.36584 1.36602 1.36609 1.36637 1.36602 1.36617
 1.36579 1.36578 1.36574 1.36591 1.36564 1.36573 1.36576 1.36585 1.36576
 1.36605 1.36623 1.3662  1.36646 1.36622 1.36628 1.3666  1.36635 1.36631
 1.36653 1.36655 1.36664 1.36636 1.36587 1.36576 1.36557 1.36529 1.36536
 1.36542 1.36528 1.36507 1.36515 1.36511 1.36478 1.3647  1.36485 1.36502
 1.3647  1.36477 1.36438 1.3642  1.36367 1.36344 1.36335 1.36339 1.36273
 1.36261 1.36302 1.36317 1.36369 1.36327 1.3629  1.36314 1.36313 1.36266
 1.36215 1.3621  1.36181 1.3617  1.36155 1.36148 1.36112 1.36069 1.36101
 1.36075 1.36112 1.36072 1.36046 1.36062 1.36081 1.36072 1.36037 1.36007
 1.36055 1.36058 1.36042 1.36011 1.36013 1.36002 1.36    1.35971 1.35964
 1.35956][1.38055 1.38037 1.38046 1.38028 1.38036 1.38037 1.3803  1.3801  1.38033
 1.38017 1.3802  1.38019 1.38021 1.38034 1.38058 1.38069 1.38063 1.38097
 1.3815  1.38173 1.38169 1.38143 1.38165 1.38169 1.38192 1.38213 1.38196
 1.38157 1.3819  1.38176 1.38185 1.38187 1.38161 1.38165 1.38195 1.38208
 1.38252 1.38257 1.38285 1.38253 1.38225 1.38202 1.38214 1.38207 1.38193
 1.38173 1.38132 1.38123 1.38108 1.38139 1.3811  1.38098 1.38067 1.38058
 1.38055 1.38046 1.38028 1.38011 1.38018 1.37986 1.37968 1.37955 1.37994
 1.38003 1.37966 1.37968 1.37948 1.37964 1.37958 1.3794  1.37952 1.37916
 1.37873 1.37862 1.37863 1.37839 1.37853 1.37881 1.37854 1.37869 1.37902
 1.37877 1.37861 1.37874 1.37905 1.37885 1.3792  1.37918 1.37891 1.37893
 1.37862 1.37889 1.3786  1.3785  1.37867 1.37856 1.37854 1.37823 1.37767
 1.37761][1.41239 1.41232 1.41219 1.41244 1.41266 1.41241 1.4124  1.41241 1.41233
 1.41219 1.41229 1.41228 1.41205 1.4122  1.41205 1.41184 1.412   1.41211
 1.41231 1.41246 1.41276 1.4127  1.41342 1.4137  1.41367 1.41373 1.41388
 1.41391 1.41426 1.41438 1.41426 1.41421 1.41433 1.41448 1.41469 1.4149
 1.41475 1.41466 1.41457 1.41444 1.41427 1.41411 1.41418 1.41388 1.41428
 1.41438 1.4141  1.41434 1.41451 1.41416 1.41392 1.41449 1.41447 1.41433
 1.41413 1.41384 1.41368 1.41375 1.41377 1.41414 1.41422 1.414   1.41392
 1.41389 1.41357 1.41392 1.41392 1.41347 1.41317 1.41292 1.41275 1.41327
 1.41348 1.41323 1.41302 1.4129  1.41223 1.41213 1.41229 1.41213 1.41202
 1.41188 1.41198 1.41145 1.41124 1.41099 1.41089 1.41038 1.41032 1.40999
 1.40998 1.40976 1.40953 1.40969 1.40912 1.40905 1.40903 1.40866 1.40842
 1.4085 ][1.52572 1.52559 1.52569 1.52587 1.52604 1.52625 1.52633 1.52631 1.52598
 1.52651 1.52664 1.5268  1.52638 1.52631 1.52598 1.52623 1.52662 1.52641
 1.52647 1.52646 1.52658 1.52701 1.52678 1.52665 1.52672 1.52675 1.5264
 1.52654 1.52649 1.52655 1.52665 1.52677 1.52693 1.52693 1.52718 1.52692
 1.52654 1.52706 1.52741 1.52712 1.52731 1.52776 1.52807 1.52838 1.52828
 1.5284  1.52935 1.52963 1.5297  1.5302  1.53037 1.53043 1.53087 1.53099
 1.53061 1.53052 1.53092 1.53106 1.53108 1.53129 1.53077 1.53076 1.53119
 1.5315  1.53147 1.53112 1.53098 1.53146 1.53152 1.53139 1.53137 1.53097
 1.53082 1.53115 1.53121 1.53129 1.53119 1.53098 1.53112 1.53063 1.53104
 1.53109 1.53142 1.53156 1.53143 1.53152 1.53207 1.53163 1.53121 1.5309
 1.53093 1.53068 1.53084 1.53124 1.53092 1.53113 1.53092 1.53084 1.53098
 1.53126][1.56716 1.56746 1.56775 1.56804 1.56791 1.56784 1.56794 1.56807 1.56809
 1.56824 1.56815 1.56815 1.56802 1.56795 1.56779 1.56821 1.5685  1.56842
 1.56906 1.56898 1.56909 1.56924 1.56918 1.56914 1.56956 1.56987 1.56976
 1.56923 1.56942 1.56951 1.56962 1.56979 1.57004 1.57064 1.57109 1.57143
 1.572   1.57195 1.57185 1.57216 1.57251 1.57245 1.57244 1.57258 1.57288
 1.57321 1.57361 1.57354 1.57362 1.57378 1.5746  1.57495 1.57495 1.57482
 1.57481 1.57469 1.57533 1.5752  1.57514 1.57575 1.5753  1.57529 1.57508
 1.57495 1.5748  1.57538 1.57569 1.57562 1.57549 1.57573 1.57502 1.57547
 1.57545 1.57547 1.57556 1.57572 1.57565 1.57548 1.57531 1.57559 1.57537
 1.57506 1.57451 1.57411 1.57422 1.57433 1.57394 1.57394 1.57358 1.57365
 1.57338 1.57347 1.57333 1.57318 1.57375 1.57355 1.5738  1.57354 1.57301
 1.57305][1.50595 1.50584 1.5059  1.50582 1.50595 1.50614 1.5061  1.50627 1.50671
 1.50654 1.50641 1.50632 1.50632 1.50652 1.50657 1.50673 1.50667 1.50636
 1.5066  1.50694 1.50697 1.50749 1.50767 1.50712 1.50721 1.50728 1.5071
 1.50742 1.50734 1.50745 1.50748 1.50764 1.50792 1.50823 1.50849 1.50855
 1.50811 1.50841 1.50873 1.50916 1.50907 1.50897 1.50895 1.5093  1.5093
 1.50955 1.50965 1.5093  1.50976 1.5095  1.50913 1.50932 1.50947 1.50931
 1.50944 1.5099  1.5096  1.50984 1.51002 1.51029 1.51004 1.50997 1.51023
 1.50996 1.51043 1.51059 1.51093 1.51073 1.51021 1.5102  1.51011 1.50986
 1.50983 1.50971 1.50923 1.50979 1.51007 1.51008 1.51068 1.51102 1.51053
 1.51037 1.51047 1.50999 1.50988 1.50997 1.51024 1.51    1.51033 1.51138
 1.5114  1.51134 1.51176 1.51152 1.51132 1.51096 1.51092 1.51059 1.51036
 1.51037][1.51769 1.51774 1.51791 1.51776 1.5178  1.51761 1.51739 1.51717 1.51691
 1.51712 1.51691 1.51759 1.51779 1.51758 1.51773 1.51792 1.51771 1.51754
 1.51744 1.51755 1.51754 1.51798 1.51822 1.51836 1.51817 1.51879 1.51842
 1.51845 1.51865 1.51881 1.51963 1.51971 1.51975 1.51993 1.5201  1.52009
 1.52027 1.52076 1.5203  1.52026 1.52006 1.52061 1.52068 1.52058 1.52029
 1.52033 1.52039 1.52049 1.5203  1.52038 1.52045 1.52041 1.52096 1.52086
 1.52143 1.52153 1.52208 1.5226  1.52307 1.52286 1.52285 1.52263 1.52309
 1.52348 1.52296 1.52259 1.52261 1.52262 1.52269 1.52303 1.52343 1.52309
 1.52276 1.52322 1.52348 1.52361 1.52383 1.52399 1.52399 1.52414 1.52447
 1.52481 1.5253  1.52555 1.52539 1.52553 1.52547 1.52549 1.5254  1.52472
 1.52456 1.52447 1.52468 1.52474 1.52493 1.52541 1.52521 1.52492 1.52508
 1.52521][1.55359 1.5537  1.55349 1.55368 1.55339 1.55318 1.55383 1.5539  1.55399
 1.55426 1.55396 1.55414 1.55375 1.554   1.55422 1.55434 1.55496 1.55477
 1.55444 1.55469 1.55486 1.55501 1.55489 1.55524 1.55529 1.55568 1.55584
 1.55567 1.55541 1.55548 1.55532 1.55619 1.55585 1.55599 1.5562  1.55618
 1.55645 1.5572  1.55727 1.55741 1.55747 1.55743 1.5576  1.55795 1.5578
 1.55796 1.55811 1.55782 1.55813 1.5585  1.55863 1.55835 1.55845 1.55854
 1.55838 1.55847 1.55916 1.55949 1.55997 1.55984 1.55974 1.55976 1.55958
 1.55957 1.56008 1.56039 1.56043 1.56046 1.56014 1.56047 1.56064 1.56097
 1.56107 1.56102 1.56132 1.56162 1.56098 1.56101 1.56049 1.56016 1.56026
 1.5601  1.56047 1.56026 1.56055 1.56002 1.56043 1.56066 1.56091 1.56077
 1.56117 1.56142 1.56153 1.56183 1.56201 1.56215 1.56215 1.56176 1.56158
 1.56141]