[1.90207 1.90249 1.90269 1.90306 1.9028  1.90352 1.90323 1.90207 1.90174
 1.902   1.90291 1.90206 1.90236 1.90224 1.90244 1.90235 1.90175 1.90257
 1.90084 1.9006  1.9001  1.8991  1.89901 1.89828 1.89698 1.89608 1.89579
 1.89584 1.89702 1.89713 1.89648 1.89529 1.8953  1.89563 1.89402 1.89315
 1.89189 1.89142 1.89059 1.88993 1.89014 1.88929 1.88879 1.88862 1.88874
 1.88922 1.88977 1.88862 1.88848 1.88763 1.88785 1.88705 1.88761 1.88782
 1.88688 1.88527 1.88326 1.88246 1.88202 1.88122 1.8803  1.87963 1.8784
 1.87717 1.87613 1.87601 1.87503 1.87401 1.87448 1.87404 1.87198 1.86994
 1.86936 1.86861 1.86732 1.86589 1.86558 1.86537 1.86466 1.86525 1.86411
 1.86386 1.86324 1.86366 1.86311 1.86196 1.86088 1.86006 1.85793 1.85608
 1.85474 1.85349 1.85266 1.85149 1.85143 1.85116 1.85044 1.84766 1.84886
 1.84897][1.82754 1.82769 1.82752 1.82768 1.82774 1.82815 1.82827 1.82831 1.82899
 1.82929 1.82943 1.82836 1.82929 1.82952 1.82889 1.82941 1.83057 1.83089
 1.83082 1.83064 1.83114 1.83128 1.83071 1.82953 1.83031 1.83172 1.83168
 1.82996 1.82926 1.82976 1.82856 1.82833 1.82791 1.82732 1.82661 1.82582
 1.8262  1.82604 1.82617 1.82627 1.82423 1.82381 1.82405 1.82219 1.82195
 1.82238 1.82124 1.82109 1.82095 1.82013 1.8188  1.81819 1.81757 1.81589
 1.81519 1.81469 1.81495 1.81491 1.81499 1.81368 1.81449 1.81288 1.81243
 1.81048 1.80786 1.80743 1.80559 1.80378 1.80319 1.8034  1.80247 1.80104
 1.79935 1.79818 1.79749 1.79727 1.79759 1.79651 1.79608 1.79562 1.79517
 1.79514 1.79345 1.79173 1.79167 1.7915  1.79173 1.79215 1.7902  1.78926
 1.78872 1.78599 1.78829 1.78658 1.78591 1.7851  1.78476 1.78441 1.78384
 1.78342][1.67712 1.67712 1.67692 1.67722 1.67693 1.67679 1.67713 1.67688 1.67737
 1.67767 1.67786 1.67802 1.67802 1.6777  1.67787 1.67797 1.67769 1.67826
 1.67865 1.67921 1.67971 1.67961 1.67991 1.68052 1.68045 1.68047 1.68099
 1.68113 1.68125 1.681   1.68171 1.68255 1.68187 1.68165 1.68175 1.68205
 1.68119 1.68074 1.68096 1.67899 1.67877 1.67891 1.67973 1.67973 1.67909
 1.67747 1.67674 1.67562 1.67584 1.67579 1.67591 1.6749  1.67438 1.67474
 1.67351 1.67279 1.67217 1.67268 1.67175 1.67111 1.67199 1.67256 1.67285
 1.67201 1.67199 1.67176 1.67031 1.67138 1.67125 1.67092 1.67074 1.67007
 1.66921 1.66944 1.66813 1.66772 1.66765 1.66607 1.66602 1.66611 1.66515
 1.66426 1.6647  1.66482 1.66485 1.66409 1.66365 1.66325 1.66237 1.66136
 1.66074 1.66021 1.65939 1.66026 1.65989 1.6596  1.65748 1.65507 1.65414
 1.65418][1.57431 1.57451 1.57508 1.57479 1.57462 1.57445 1.57543 1.57539 1.57514
 1.57567 1.57575 1.5768  1.57616 1.57635 1.57671 1.57773 1.57731 1.57666
 1.57598 1.57623 1.57636 1.57606 1.57609 1.57638 1.57723 1.57807 1.57807
 1.57779 1.57797 1.57842 1.5791  1.57962 1.58019 1.58029 1.58074 1.58137
 1.58182 1.5833  1.58318 1.58295 1.58264 1.58256 1.58177 1.58115 1.58168
 1.58228 1.58278 1.58264 1.58191 1.58282 1.58264 1.5823  1.58219 1.58151
 1.58116 1.58133 1.58209 1.58102 1.57966 1.57856 1.57721 1.57783 1.57851
 1.57852 1.57774 1.57767 1.57717 1.57788 1.57681 1.57644 1.57604 1.57606
 1.57527 1.57522 1.57454 1.57482 1.57337 1.5724  1.57276 1.57233 1.57144
 1.57028 1.56978 1.56817 1.56793 1.56747 1.56676 1.56584 1.56484 1.56403
 1.56394 1.56432 1.56345 1.56381 1.56325 1.56303 1.5626  1.56377 1.56361
 1.56282][1.45386 1.45393 1.45435 1.45444 1.45485 1.45526 1.45549 1.45557 1.45578
 1.45677 1.4577  1.45794 1.45811 1.45831 1.45768 1.45821 1.45828 1.45873
 1.45867 1.45921 1.45946 1.45942 1.45977 1.45986 1.4599  1.45929 1.45992
 1.46031 1.46029 1.46068 1.46137 1.46176 1.46223 1.46257 1.46244 1.46208
 1.46162 1.46216 1.46258 1.46295 1.46324 1.46311 1.46342 1.46387 1.46442
 1.46502 1.46513 1.46546 1.46537 1.46568 1.46536 1.46423 1.46427 1.46412
 1.46384 1.46361 1.46304 1.46306 1.46281 1.46211 1.46206 1.46182 1.46084
 1.46057 1.46014 1.46025 1.46028 1.45985 1.4596  1.45974 1.45876 1.45715
 1.45727 1.45675 1.45659 1.4564  1.45723 1.45766 1.45781 1.4583  1.45717
 1.45607 1.45615 1.45556 1.4553  1.45451 1.45428 1.4543  1.45356 1.45343
 1.4527  1.45275 1.45233 1.45217 1.45268 1.45228 1.45267 1.45212 1.45165
 1.45089][1.4127  1.4129  1.41284 1.41293 1.41272 1.4132  1.41318 1.41352 1.41375
 1.4139  1.41392 1.41427 1.41463 1.41488 1.41525 1.41555 1.41631 1.41638
 1.41674 1.41683 1.41712 1.41731 1.41797 1.41883 1.41876 1.41896 1.41923
 1.41953 1.41942 1.42018 1.4208  1.42041 1.42033 1.42105 1.4217  1.42111
 1.42138 1.42168 1.42213 1.42257 1.42323 1.42314 1.42338 1.42384 1.42338
 1.42404 1.42423 1.42541 1.42541 1.42556 1.42611 1.42708 1.42691 1.42716
 1.42717 1.42635 1.42665 1.42758 1.42838 1.42895 1.42866 1.42802 1.42729
 1.42606 1.42565 1.42536 1.42464 1.42506 1.42516 1.42445 1.42427 1.42348
 1.42261 1.42214 1.42233 1.42309 1.42227 1.42127 1.42178 1.42192 1.42124
 1.42058 1.41976 1.41913 1.41888 1.41857 1.41864 1.41907 1.41876 1.41815
 1.41823 1.41743 1.41691 1.4165  1.41702 1.41646 1.41614 1.41613 1.41738
 1.41737][1.46905 1.46883 1.46873 1.46865 1.46833 1.46873 1.46951 1.46962 1.46948
 1.46982 1.47033 1.47085 1.47093 1.47112 1.471   1.47077 1.47107 1.47167
 1.47224 1.47233 1.47332 1.47294 1.47202 1.47229 1.47188 1.47335 1.47317
 1.47381 1.47435 1.47444 1.47472 1.47506 1.47547 1.47534 1.47582 1.47591
 1.47622 1.47694 1.47753 1.47771 1.47807 1.47764 1.47787 1.47755 1.47705
 1.47634 1.47644 1.47703 1.47777 1.47692 1.47738 1.4774  1.47745 1.47734
 1.47776 1.47714 1.47799 1.47819 1.47879 1.47961 1.48049 1.48097 1.48096
 1.48016 1.48041 1.48065 1.47964 1.4795  1.47957 1.47976 1.47885 1.47869
 1.47831 1.4771  1.47695 1.47623 1.47609 1.476   1.47567 1.47488 1.47466
 1.47509 1.47474 1.47425 1.47523 1.47477 1.47426 1.47443 1.47422 1.47368
 1.47359 1.47361 1.47232 1.47237 1.47171 1.47143 1.47146 1.47183 1.47141
 1.47102][1.37378 1.37332 1.37294 1.37338 1.37346 1.37345 1.37358 1.37303 1.37329
 1.37339 1.37302 1.37281 1.37239 1.37241 1.37287 1.37347 1.37371 1.37415
 1.37491 1.3757  1.37566 1.37566 1.37589 1.37647 1.37646 1.37722 1.37775
 1.37797 1.37802 1.37943 1.37923 1.37941 1.37972 1.37927 1.37994 1.38024
 1.38086 1.38104 1.38098 1.38134 1.38172 1.3821  1.38243 1.38235 1.38325
 1.38316 1.38381 1.38334 1.38451 1.38509 1.38599 1.38667 1.3874  1.38749
 1.38763 1.3875  1.38888 1.38919 1.3894  1.38962 1.38967 1.39022 1.3908
 1.39087 1.39124 1.3915  1.39168 1.39201 1.39197 1.39143 1.3911  1.39172
 1.39231 1.39255 1.39227 1.39229 1.3927  1.39316 1.39387 1.39447 1.39471
 1.39494 1.39442 1.39398 1.39351 1.3921  1.39179 1.39191 1.39122 1.39124
 1.39133 1.39171 1.39172 1.39241 1.39189 1.3913  1.3912  1.39059 1.39062
 1.39059][1.40849 1.40868 1.4086  1.4088  1.40923 1.40884 1.40915 1.40957 1.40943
 1.40992 1.41005 1.41032 1.41029 1.41055 1.41078 1.41125 1.41128 1.41124
 1.41125 1.41104 1.41015 1.4104  1.41045 1.41109 1.41143 1.41158 1.41181
 1.41212 1.41263 1.41252 1.41259 1.41293 1.4132  1.41357 1.41367 1.41475
 1.41516 1.41484 1.41523 1.41476 1.41473 1.41502 1.41489 1.41522 1.41595
 1.4165  1.41653 1.41649 1.41685 1.41736 1.41745 1.41752 1.41659 1.41616
 1.41675 1.41611 1.41578 1.41533 1.41625 1.4168  1.41675 1.4171  1.41752
 1.41838 1.41851 1.41935 1.41944 1.41937 1.41955 1.41999 1.42057 1.42131
 1.42082 1.42104 1.42105 1.42074 1.42079 1.42068 1.42089 1.42021 1.41963
 1.41956 1.42009 1.42129 1.42105 1.42115 1.42187 1.42188 1.42273 1.42286
 1.42252 1.42212 1.4215  1.42061 1.42028 1.41999 1.41901 1.41891 1.41845
 1.41831][1.31901 1.3194  1.31929 1.31911 1.31876 1.31904 1.31938 1.32018 1.32055
 1.32096 1.32101 1.32106 1.32132 1.32148 1.32124 1.32122 1.3213  1.32105
 1.32086 1.32142 1.32203 1.32229 1.32265 1.32372 1.32424 1.32541 1.32526
 1.32535 1.32478 1.32491 1.3242  1.32354 1.3242  1.3239  1.3245  1.32458
 1.32484 1.32545 1.32576 1.32543 1.32574 1.32638 1.32629 1.32731 1.32679
 1.32681 1.32662 1.32684 1.32767 1.32757 1.32764 1.32789 1.32901 1.3287
 1.32898 1.329   1.3284  1.32814 1.32832 1.32869 1.32774 1.32804 1.32857
 1.32944 1.32976 1.33004 1.33013 1.33017 1.33037 1.33069 1.33163 1.33174
 1.33183 1.33176 1.33168 1.33176 1.33229 1.33329 1.33403 1.33404 1.33475
 1.33463 1.33558 1.33564 1.33536 1.33579 1.33634 1.33705 1.33675 1.33769
 1.33823 1.33831 1.33779 1.33805 1.33822 1.33841 1.33892 1.33852 1.33792
 1.33813]