[3.85823 3.86006 3.85993 3.86141 3.86351 3.86364 3.86402 3.86476 3.86634
 3.86636 3.86488 3.86587 3.86635 3.86709 3.86401 3.86271 3.86051 3.85913
 3.85819 3.85939 3.86042 3.86041 3.86094 3.86272 3.86206 3.86138 3.85911
 3.85516 3.85172 3.85191 3.84921 3.84787 3.84386 3.84295 3.84168 3.84012
 3.84173 3.83656 3.83066 3.82831 3.83072 3.82953 3.8265  3.82214 3.82246
 3.82106 3.82328 3.82489 3.82554 3.82989 3.83317 3.83478 3.83107 3.83045
 3.82819 3.82756 3.82822 3.82621 3.824   3.82331 3.82348 3.81665 3.81909
 3.81906 3.81788 3.81889 3.81759 3.81036 3.81066 3.80642 3.81052 3.80754
 3.80279 3.80285 3.80315 3.80236 3.80406 3.80326 3.80342 3.80244 3.8042
 3.80268 3.80385 3.80106 3.80392 3.80011 3.7998  3.79225 3.78886 3.78877
 3.78737 3.78581 3.7857  3.78177 3.77698 3.77151 3.76565 3.76314 3.76316
 3.76429][5.53447 5.53513 5.53962 5.54146 5.54266 5.54516 5.5449  5.5458  5.54748
 5.54931 5.55077 5.54726 5.55019 5.55328 5.55428 5.55851 5.55925 5.56526
 5.56582 5.5711  5.56565 5.56823 5.56768 5.56375 5.55873 5.54981 5.54318
 5.54246 5.54013 5.53701 5.53528 5.52917 5.52631 5.52578 5.52188 5.52265
 5.51851 5.5205  5.52311 5.51513 5.5121  5.51554 5.51396 5.51271 5.51384
 5.5071  5.50359 5.50505 5.49794 5.49593 5.49458 5.48857 5.4906  5.48438
 5.48015 5.47767 5.47714 5.47941 5.47428 5.46863 5.46808 5.46416 5.46605
 5.4638  5.45781 5.4571  5.45536 5.45393 5.45393 5.44883 5.44635 5.4445
 5.43818 5.43788 5.43298 5.43415 5.42967 5.42994 5.42448 5.43201 5.43009
 5.42498 5.41707 5.42286 5.42469 5.42035 5.41744 5.4111  5.41944 5.41447
 5.41908 5.41902 5.42139 5.42073 5.41441 5.41376 5.41174 5.4108  5.40933
 5.40583][6.96772 6.96862 6.97016 6.97226 6.97599 6.98235 6.98079 6.98178 6.98704
 6.99218 6.9918  6.99863 7.00439 7.01196 7.02156 7.0301  7.03657 7.04295
 7.05076 7.05405 7.05682 7.06803 7.07085 7.08511 7.09282 7.10187 7.11288
 7.12228 7.12417 7.12377 7.1258  7.11741 7.12055 7.12128 7.1235  7.11936
 7.12403 7.12261 7.12117 7.11778 7.12203 7.12044 7.12731 7.12095 7.12556
 7.1188  7.11891 7.11065 7.10838 7.10517 7.09622 7.09255 7.08706 7.08088
 7.08311 7.08293 7.08061 7.07463 7.06584 7.06578 7.05356 7.05856 7.0441
 7.04184 7.03141 7.03934 7.03161 7.03312 7.02973 7.01668 7.01371 7.02169
 7.01372 7.01313 7.00908 7.00858 6.99539 6.99178 6.9865  6.98735 6.98893
 6.98392 6.97698 6.97321 6.97519 6.97041 6.97776 6.97285 6.97502 6.97436
 6.97538 6.98074 6.98243 6.97539 6.98217 6.98036 6.99164 6.99083 6.98826
 6.99084][7.14706 7.14837 7.14898 7.14874 7.1493  7.15212 7.15629 7.15518 7.15588
 7.15624 7.16007 7.16764 7.16591 7.1716  7.17299 7.17206 7.1744  7.18203
 7.18582 7.19143 7.2     7.20416 7.21005 7.21087 7.21348 7.21581 7.22357
 7.22196 7.22847 7.237   7.235   7.24365 7.24653 7.25716 7.25493 7.26309
 7.26413 7.26042 7.26192 7.26212 7.25851 7.24794 7.23945 7.24647 7.244
 7.23682 7.22803 7.22611 7.23011 7.22566 7.21924 7.21322 7.21553 7.21041
 7.20206 7.20363 7.20268 7.19895 7.18015 7.17243 7.1774  7.18041 7.17699
 7.17404 7.16722 7.15571 7.14721 7.15039 7.14307 7.14381 7.13448 7.13829
 7.14409 7.14353 7.13433 7.12478 7.12315 7.11695 7.1156  7.1025  7.09733
 7.08057 7.0698  7.06909 7.05966 7.04128 7.03666 7.04098 7.03983 7.03004
 7.03246 7.0286  7.02329 7.0118  6.99837 6.9913  6.99289 6.98574 6.97706
 6.97623][7.57755 7.57811 7.5796  7.57833 7.58282 7.58452 7.58625 7.58839 7.59394
 7.59829 7.59726 7.60406 7.61112 7.61605 7.62422 7.62647 7.63103 7.62471
 7.62942 7.63642 7.63369 7.63878 7.6502  7.64973 7.66414 7.66989 7.67556
 7.68151 7.6829  7.68842 7.69689 7.70254 7.7027  7.70653 7.71319 7.72715
 7.73668 7.73846 7.7403  7.74138 7.74986 7.75749 7.76226 7.7726  7.78031
 7.79278 7.80005 7.81088 7.81972 7.83018 7.82678 7.82242 7.82022 7.81316
 7.80228 7.81096 7.80551 7.79528 7.78099 7.78085 7.78419 7.77834 7.77374
 7.76705 7.76186 7.76432 7.7465  7.73782 7.73025 7.72882 7.71461 7.71079
 7.71092 7.71135 7.70011 7.69607 7.69774 7.69524 7.6844  7.68283 7.67861
 7.6663  7.65669 7.66092 7.66214 7.67155 7.66959 7.66172 7.65802 7.66189
 7.65545 7.6558  7.6651  7.66862 7.66257 7.65235 7.65031 7.64291 7.63231
 7.63488][8.48136 8.4844  8.487   8.48591 8.48707 8.49115 8.49625 8.50049 8.5097
 8.51118 8.51508 8.5147  8.5128  8.51666 8.52252 8.52654 8.5369  8.54318
 8.54434 8.55107 8.54926 8.55331 8.55414 8.55654 8.56258 8.5663  8.56759
 8.57859 8.59283 8.5985  8.60244 8.61292 8.61469 8.62116 8.62067 8.62116
 8.62019 8.62312 8.62381 8.62823 8.62312 8.62193 8.63672 8.64872 8.66026
 8.6648  8.67129 8.68409 8.69395 8.68864 8.70365 8.70911 8.72253 8.74036
 8.75184 8.76533 8.78437 8.80256 8.80804 8.81987 8.81446 8.81384 8.81623
 8.81121 8.80414 8.79823 8.80043 8.79736 8.80138 8.80187 8.79561 8.78993
 8.77923 8.78208 8.77725 8.76336 8.75272 8.74163 8.73367 8.71936 8.70698
 8.71714 8.7276  8.7332  8.7304  8.733   8.73241 8.73309 8.72251 8.72398
 8.72577 8.72296 8.73766 8.71938 8.71186 8.71445 8.71402 8.71531 8.7156
 8.71835][10.08295 10.08611 10.08613 10.08599 10.08686 10.08583 10.09117 10.08905
 10.09502 10.09841 10.10203 10.10874 10.11468 10.11743 10.11805 10.11679
 10.12196 10.12779 10.13852 10.14818 10.15523 10.15383 10.15564 10.16923
 10.18414 10.19726 10.1991  10.20642 10.21489 10.21198 10.23742 10.24584
 10.25755 10.27148 10.26938 10.27599 10.28606 10.2925  10.31013 10.33363
 10.34932 10.36541 10.38729 10.39593 10.40855 10.42472 10.43908 10.44706
 10.45645 10.47802 10.48865 10.50561 10.52206 10.54493 10.55571 10.56689
 10.58386 10.58601 10.60183 10.60704 10.62508 10.63163 10.65072 10.65653
 10.68622 10.69923 10.7159  10.71698 10.71455 10.72195 10.71034 10.72359
 10.70236 10.71784 10.71594 10.71499 10.73245 10.73186 10.71362 10.71315
 10.69447 10.67421 10.67949 10.68177 10.69846 10.68606 10.67534 10.65969
 10.65267 10.6407  10.63348 10.62395 10.63635 10.62714 10.62422 10.62678
 10.61098 10.62434 10.63658 10.62844][9.31776 9.31724 9.32019 9.3229  9.32194 9.32058 9.3257  9.33085 9.332
 9.33474 9.3427  9.33978 9.33657 9.33034 9.33043 9.3298  9.33169 9.33423
 9.33889 9.34772 9.35529 9.36244 9.3737  9.38145 9.3903  9.38894 9.39497
 9.39649 9.40196 9.41353 9.42139 9.42876 9.43282 9.43638 9.43744 9.43101
 9.43461 9.449   9.45209 9.46463 9.46985 9.46845 9.47744 9.48823 9.49154
 9.49765 9.50654 9.50036 9.50023 9.51719 9.51969 9.531   9.53452 9.54419
 9.55218 9.56549 9.5757  9.5833  9.58958 9.60127 9.61365 9.61708 9.62645
 9.63641 9.65416 9.65997 9.66201 9.66501 9.67781 9.68212 9.68978 9.69444
 9.70523 9.71518 9.72507 9.72924 9.73595 9.74224 9.74416 9.74177 9.74287
 9.74052 9.72472 9.71052 9.70989 9.69903 9.70242 9.68936 9.67814 9.66219
 9.655   9.64406 9.62616 9.62426 9.61051 9.60239 9.60668 9.6009  9.59098
 9.58506][13.36375 13.36459 13.36956 13.36957 13.37218 13.37846 13.38699 13.4018
 13.40735 13.41198 13.41127 13.41322 13.42793 13.4349  13.44658 13.46008
 13.4674  13.48344 13.49403 13.49936 13.504   13.52022 13.53893 13.55491
 13.57201 13.58153 13.5752  13.58487 13.59662 13.61021 13.62348 13.64658
 13.66298 13.67197 13.69789 13.69372 13.69728 13.72347 13.74387 13.74904
 13.76809 13.76804 13.78632 13.79826 13.80749 13.82377 13.84905 13.86944
 13.8878  13.90554 13.91679 13.9166  13.93475 13.96141 13.98195 13.98467
 13.9793  13.98845 14.00961 14.02828 14.0427  14.05257 14.06405 14.07588
 14.08861 14.1015  14.12633 14.14439 14.16546 14.18631 14.19367 14.21346
 14.23842 14.24337 14.26504 14.27493 14.28534 14.29511 14.32747 14.34317
 14.36079 14.37886 14.41459 14.42861 14.45369 14.45068 14.47705 14.4746
 14.49185 14.50692 14.50458 14.50606 14.51557 14.52742 14.52014 14.5428
 14.56427 14.54197 14.52653 14.52722][19.6074  19.6181  19.63464 19.65003 19.65848 19.65799 19.66105 19.65559
 19.66483 19.67584 19.68327 19.71086 19.73807 19.76089 19.75263 19.77318
 19.78181 19.80058 19.82439 19.85623 19.87329 19.88349 19.90757 19.92546
 19.93007 19.94255 19.95816 19.95372 19.97297 20.01422 20.05585 20.06709
 20.06302 20.09613 20.10116 20.11482 20.15851 20.16701 20.18581 20.21251
 20.24138 20.28839 20.29908 20.31444 20.3401  20.36062 20.3951  20.43823
 20.44373 20.47828 20.51165 20.52592 20.54951 20.57322 20.62284 20.65714
 20.71357 20.7486  20.79229 20.83463 20.85677 20.90216 20.9267  20.96501
 21.00614 21.02315 21.05311 21.0652  21.07454 21.11249 21.15373 21.18995
 21.19944 21.21313 21.25643 21.30205 21.33338 21.36916 21.42261 21.43947
 21.50468 21.50624 21.57275 21.62233 21.64899 21.68818 21.72655 21.76939
 21.79807 21.85137 21.88323 21.88475 21.90411 21.93317 22.00604 22.05818
 22.1027  22.12705 22.14535 22.17658]