[1.16746 1.16742 1.16743 1.16739 1.16738 1.16742 1.16746 1.16747 1.16746
 1.16742 1.16741 1.1674  1.16742 1.16744 1.16744 1.16742 1.16739 1.16736
 1.16734 1.16731 1.16727 1.16724 1.16723 1.16719 1.16716 1.1672  1.1672
 1.16721 1.16721 1.16723 1.16723 1.16721 1.16721 1.16721 1.16719 1.16716
 1.16715 1.16704 1.16702 1.16704 1.16707 1.167   1.16702 1.16709 1.1671
 1.1671  1.1671  1.16708 1.16704 1.16701 1.16695 1.1669  1.16688 1.16685
 1.16682 1.16683 1.16683 1.16683 1.1668  1.16677 1.16677 1.16678 1.16675
 1.16677 1.16676 1.16672 1.16672 1.16668 1.16669 1.16671 1.16674 1.16676
 1.16675 1.16677 1.16669 1.16673 1.16672 1.16674 1.1667  1.1667  1.16667
 1.16667 1.16671 1.16665 1.16661 1.16656 1.16649 1.16645 1.16644 1.16644
 1.16648 1.1665  1.16645 1.16645 1.16645 1.16642 1.16642 1.1664  1.16637
 1.16635][1.17974 1.17974 1.17976 1.17979 1.17976 1.17982 1.17984 1.1799  1.17992
 1.1799  1.17993 1.1799  1.1799  1.17987 1.1799  1.17989 1.1799  1.17985
 1.17984 1.17984 1.17977 1.17971 1.17969 1.17966 1.17969 1.17963 1.17966
 1.17962 1.17954 1.17952 1.17957 1.17956 1.17954 1.17957 1.17958 1.1795
 1.17945 1.1795  1.17948 1.17946 1.17941 1.17942 1.17943 1.1794  1.17945
 1.17946 1.17941 1.17938 1.17938 1.17926 1.17928 1.17923 1.1792  1.17924
 1.17925 1.17926 1.17926 1.17918 1.17917 1.17918 1.17922 1.17919 1.17915
 1.17921 1.17921 1.17912 1.17908 1.17905 1.17905 1.17902 1.179   1.17903
 1.17897 1.17897 1.17895 1.17892 1.1789  1.17886 1.17884 1.17887 1.17887
 1.17884 1.17878 1.1788  1.17877 1.17877 1.17875 1.17873 1.1787  1.17864
 1.17865 1.1787  1.17872 1.17873 1.17864 1.17865 1.17864 1.17865 1.17869
 1.17873][1.17791 1.17789 1.17796 1.17799 1.17798 1.17798 1.17796 1.17798 1.17803
 1.17798 1.17802 1.17805 1.17807 1.17808 1.17809 1.17807 1.17803 1.17804
 1.17803 1.178   1.17796 1.17797 1.17797 1.17792 1.17786 1.17779 1.17778
 1.17775 1.17773 1.17767 1.17765 1.17765 1.17759 1.1776  1.17761 1.17756
 1.17751 1.17745 1.17753 1.17752 1.17753 1.17747 1.17746 1.17746 1.17746
 1.17749 1.1775  1.17746 1.17747 1.17745 1.17746 1.17744 1.17736 1.17735
 1.17741 1.17734 1.17732 1.17725 1.17729 1.17725 1.17718 1.17718 1.17714
 1.17714 1.17714 1.17708 1.17702 1.17702 1.17705 1.17713 1.17711 1.17708
 1.17711 1.17711 1.17712 1.17714 1.17714 1.17707 1.17706 1.17706 1.17702
 1.17701 1.17696 1.17687 1.17683 1.17681 1.17673 1.17679 1.17674 1.17673
 1.1767  1.17666 1.17667 1.17664 1.17658 1.17652 1.17651 1.17647 1.17646
 1.17644][1.17105 1.17104 1.17103 1.1711  1.17112 1.1711  1.17107 1.17109 1.17112
 1.17112 1.17118 1.17123 1.17127 1.17129 1.17127 1.17125 1.17129 1.1713
 1.17133 1.17137 1.17138 1.17144 1.17149 1.17149 1.1715  1.17151 1.17151
 1.17154 1.17158 1.17163 1.17163 1.17163 1.17164 1.17155 1.17159 1.17152
 1.17143 1.17142 1.17142 1.17133 1.17129 1.17126 1.17127 1.17127 1.17127
 1.17119 1.17121 1.17121 1.17122 1.17122 1.17122 1.17118 1.17116 1.17117
 1.17111 1.17108 1.17107 1.17106 1.171   1.17102 1.171   1.171   1.17092
 1.17092 1.17096 1.17095 1.17093 1.17094 1.17091 1.17091 1.17086 1.17084
 1.1708  1.17083 1.17081 1.17083 1.17082 1.17079 1.1708  1.17075 1.17078
 1.17075 1.17077 1.17073 1.17068 1.17063 1.17064 1.17063 1.17061 1.17065
 1.17059 1.17058 1.17051 1.17045 1.1704  1.17038 1.17041 1.17039 1.17037
 1.17038][1.17024 1.17024 1.17026 1.17026 1.17028 1.17029 1.17034 1.17039 1.1704
 1.17041 1.17046 1.17048 1.17048 1.1705  1.17055 1.17053 1.17055 1.17057
 1.17061 1.17062 1.17063 1.17066 1.17067 1.17064 1.17063 1.17066 1.17062
 1.17064 1.17063 1.17062 1.17061 1.17065 1.17067 1.17071 1.17074 1.17077
 1.17081 1.17083 1.17078 1.1708  1.17077 1.17079 1.17076 1.17071 1.17072
 1.17072 1.17067 1.17069 1.1707  1.17069 1.17067 1.17064 1.17064 1.17061
 1.1706  1.17062 1.17061 1.17059 1.17056 1.17054 1.17052 1.17049 1.17045
 1.17041 1.17035 1.17034 1.17033 1.1703  1.17027 1.17026 1.17032 1.17031
 1.17037 1.17038 1.17035 1.17034 1.17028 1.17027 1.17013 1.17011 1.17013
 1.17008 1.17005 1.17004 1.17004 1.17003 1.17004 1.17006 1.17003 1.17003
 1.17004 1.17007 1.17004 1.17    1.16999 1.16995 1.16995 1.16992 1.16987
 1.16986][1.16412 1.16412 1.16411 1.16414 1.16414 1.16409 1.16407 1.16411 1.16414
 1.16418 1.16423 1.16427 1.16425 1.1643  1.16431 1.16433 1.16433 1.16436
 1.16431 1.16439 1.16435 1.16432 1.16432 1.16429 1.16436 1.16439 1.16437
 1.16441 1.16445 1.16452 1.16448 1.16453 1.16454 1.16458 1.16457 1.16457
 1.16459 1.16458 1.16459 1.16458 1.1646  1.16464 1.16461 1.16461 1.16464
 1.16461 1.16463 1.16466 1.1647  1.16476 1.16474 1.16469 1.16465 1.16462
 1.16461 1.16464 1.16461 1.16461 1.16459 1.16456 1.16458 1.16454 1.16454
 1.16454 1.16449 1.16443 1.16445 1.16436 1.16432 1.16433 1.16435 1.16428
 1.16428 1.1643  1.16432 1.16429 1.16432 1.16433 1.16435 1.16432 1.16439
 1.16436 1.16432 1.16433 1.16432 1.16429 1.16427 1.16425 1.16424 1.16423
 1.16428 1.16422 1.16416 1.16412 1.16417 1.16421 1.16421 1.16417 1.16417
 1.16417][1.17276 1.17276 1.17281 1.17279 1.17281 1.17273 1.1728  1.1728  1.17281
 1.1728  1.1728  1.17282 1.17287 1.17292 1.17292 1.17293 1.17296 1.17295
 1.17293 1.17291 1.17296 1.17303 1.17306 1.17303 1.17311 1.17315 1.1732
 1.17324 1.17326 1.17335 1.1733  1.17328 1.17324 1.17327 1.1733  1.17329
 1.17333 1.17338 1.17339 1.1734  1.17339 1.17336 1.17337 1.17339 1.17338
 1.17337 1.17341 1.17345 1.17348 1.1735  1.17351 1.17351 1.17345 1.17346
 1.17349 1.1735  1.17349 1.17355 1.1736  1.17358 1.17361 1.17353 1.17351
 1.17349 1.17344 1.17345 1.17344 1.1734  1.17338 1.17344 1.17342 1.17343
 1.17345 1.17348 1.17343 1.17338 1.1733  1.17328 1.17331 1.17329 1.17326
 1.17322 1.17319 1.17317 1.17311 1.17313 1.17311 1.17309 1.17306 1.17305
 1.17306 1.17309 1.17304 1.17302 1.17301 1.17299 1.17294 1.17298 1.17296
 1.17297][1.16315 1.16318 1.16324 1.16326 1.16326 1.16329 1.16334 1.1633  1.16333
 1.16333 1.16339 1.16339 1.16341 1.16344 1.16344 1.16347 1.16346 1.16344
 1.16347 1.16352 1.16351 1.16349 1.16349 1.16352 1.16355 1.1636  1.16355
 1.16356 1.16358 1.16361 1.16364 1.16364 1.16364 1.16363 1.16366 1.16368
 1.16367 1.16371 1.16373 1.16374 1.16377 1.16376 1.16377 1.16373 1.16378
 1.16384 1.16387 1.1639  1.16387 1.16391 1.16397 1.16402 1.16402 1.16405
 1.16408 1.16413 1.16418 1.16415 1.16416 1.16421 1.16426 1.16428 1.16428
 1.1643  1.16435 1.16436 1.1644  1.1644  1.16434 1.16436 1.16436 1.16427
 1.16429 1.1643  1.16425 1.16423 1.16415 1.16416 1.16415 1.16417 1.16409
 1.16407 1.16403 1.16401 1.16399 1.16397 1.16395 1.16395 1.16394 1.16389
 1.16388 1.1639  1.16392 1.16393 1.16386 1.16381 1.16383 1.1638  1.16381
 1.16383][1.16744 1.16748 1.16756 1.16758 1.16761 1.16757 1.16754 1.16759 1.16766
 1.16768 1.16774 1.16778 1.16775 1.1678  1.16779 1.16779 1.16776 1.16777
 1.1677  1.16769 1.16767 1.16772 1.1677  1.16773 1.16779 1.16778 1.1678
 1.16786 1.16784 1.16779 1.16781 1.16783 1.16784 1.16784 1.16787 1.16792
 1.16794 1.16791 1.16793 1.16798 1.16801 1.16805 1.16806 1.16808 1.16808
 1.16813 1.16816 1.16822 1.16824 1.16822 1.16827 1.16834 1.16835 1.16835
 1.1684  1.16845 1.1685  1.16852 1.16846 1.16846 1.16843 1.16845 1.16841
 1.16844 1.16849 1.16858 1.16853 1.16855 1.16857 1.16854 1.16854 1.16859
 1.16856 1.16856 1.16853 1.16854 1.16855 1.16856 1.16853 1.16846 1.1685
 1.16851 1.1685  1.16847 1.16846 1.16841 1.1684  1.1683  1.16828 1.16825
 1.16823 1.16822 1.16818 1.16818 1.16817 1.16807 1.16806 1.168   1.168
 1.16801][1.17204 1.17208 1.17215 1.17212 1.17216 1.1722  1.17219 1.1722  1.17222
 1.17223 1.17223 1.17225 1.17228 1.17225 1.17224 1.1723  1.17232 1.17236
 1.1724  1.17241 1.17245 1.1724  1.17244 1.17245 1.17247 1.17252 1.17252
 1.17255 1.17254 1.17257 1.17256 1.1726  1.17257 1.17258 1.17256 1.17262
 1.17265 1.17265 1.17266 1.17268 1.17274 1.17275 1.17274 1.17277 1.17271
 1.17272 1.17272 1.17272 1.17272 1.1727  1.17277 1.17281 1.17282 1.17289
 1.17294 1.17293 1.17297 1.173   1.17294 1.173   1.17299 1.17301 1.17301
 1.17298 1.17298 1.17301 1.17305 1.17302 1.17306 1.17309 1.1731  1.17316
 1.17318 1.17314 1.17317 1.17313 1.17308 1.17307 1.17309 1.17312 1.17309
 1.17306 1.17314 1.17314 1.17315 1.17315 1.17315 1.17323 1.17327 1.17322
 1.17324 1.17326 1.17324 1.17322 1.17321 1.17322 1.1732  1.17319 1.17315
 1.17317]