[1.86842 1.86844 1.8688  1.86859 1.86896 1.86873 1.86897 1.8684  1.86764
 1.86856 1.86837 1.86812 1.86811 1.86745 1.86745 1.86722 1.86606 1.86516
 1.86407 1.86421 1.86352 1.86306 1.86297 1.86175 1.8619  1.86234 1.86257
 1.86163 1.86029 1.85928 1.85894 1.85979 1.86113 1.86015 1.85913 1.85828
 1.85801 1.85866 1.85838 1.85729 1.8568  1.85648 1.85609 1.8557  1.85525
 1.85461 1.85412 1.85482 1.85391 1.85389 1.8535  1.85247 1.85137 1.85063
 1.85033 1.85065 1.8508  1.85062 1.85035 1.84975 1.84929 1.84857 1.84767
 1.84678 1.84487 1.8454  1.84546 1.8441  1.84363 1.84245 1.84105 1.84129
 1.8418  1.84082 1.83923 1.83637 1.83447 1.83546 1.83563 1.83642 1.83596
 1.83404 1.83441 1.83415 1.83152 1.83124 1.83094 1.83022 1.83054 1.83102
 1.82986 1.83051 1.8298  1.8293  1.828   1.82811 1.82762 1.8275  1.82745
 1.82709][1.6713  1.6712  1.67074 1.67127 1.67158 1.67204 1.67264 1.67325 1.6735
 1.67472 1.67406 1.67411 1.67345 1.67352 1.67435 1.67513 1.6755  1.67595
 1.67612 1.67599 1.67552 1.67642 1.6759  1.67522 1.67436 1.67429 1.67303
 1.67334 1.67415 1.67279 1.6724  1.67242 1.67207 1.67187 1.67132 1.67197
 1.67151 1.67208 1.67228 1.67112 1.67068 1.67128 1.67012 1.6704  1.66951
 1.67003 1.6693  1.66977 1.67003 1.66849 1.66859 1.66899 1.66887 1.66833
 1.66923 1.66903 1.6696  1.66795 1.66767 1.66775 1.66816 1.66826 1.66724
 1.66686 1.66639 1.66654 1.66582 1.66419 1.66327 1.66252 1.66194 1.66159
 1.66101 1.66117 1.66066 1.66022 1.65975 1.65916 1.65869 1.65808 1.65864
 1.65843 1.65847 1.6578  1.65774 1.6575  1.65634 1.6557  1.65614 1.65456
 1.65251 1.65161 1.65084 1.65136 1.65153 1.65139 1.65172 1.65142 1.65055
 1.6506 ][1.61852 1.61856 1.6189  1.61889 1.61919 1.61958 1.61951 1.61922 1.61996
 1.62026 1.62008 1.62059 1.62079 1.61995 1.62003 1.62007 1.62023 1.62069
 1.62094 1.62091 1.62149 1.62113 1.62068 1.6201  1.61975 1.61965 1.61931
 1.61963 1.6207  1.62108 1.62107 1.6209  1.62133 1.62102 1.6206  1.62163
 1.62287 1.62304 1.62296 1.62283 1.6224  1.62147 1.61997 1.62029 1.61988
 1.61984 1.61817 1.61772 1.61761 1.61817 1.61777 1.61764 1.61742 1.61723
 1.61648 1.61772 1.618   1.61784 1.61691 1.61686 1.61548 1.6158  1.61599
 1.6154  1.61508 1.61499 1.61531 1.61539 1.61458 1.6141  1.61477 1.61428
 1.61477 1.6147  1.61464 1.61384 1.61267 1.61276 1.61193 1.61119 1.60992
 1.61051 1.6101  1.60915 1.60795 1.60828 1.60633 1.60692 1.60605 1.60551
 1.60525 1.60418 1.60317 1.60292 1.60158 1.60091 1.60006 1.60039 1.60087
 1.60141][1.52023 1.52001 1.51983 1.5196  1.51925 1.51953 1.5199  1.52067 1.52151
 1.52111 1.52092 1.52131 1.52153 1.52198 1.52217 1.52282 1.52303 1.524
 1.52441 1.52473 1.5244  1.52445 1.52519 1.52474 1.52481 1.52531 1.52568
 1.52591 1.5264  1.52638 1.52667 1.52768 1.52803 1.5289  1.52832 1.52911
 1.52931 1.53001 1.53017 1.53063 1.53141 1.53065 1.52933 1.52959 1.52955
 1.52922 1.52923 1.52955 1.52948 1.5298  1.53017 1.52903 1.52918 1.52914
 1.52939 1.52999 1.53126 1.52961 1.52885 1.52909 1.52846 1.52778 1.52797
 1.52762 1.52694 1.52588 1.5249  1.52428 1.52334 1.52305 1.52259 1.52304
 1.52195 1.5216  1.52085 1.52045 1.5206  1.52054 1.52043 1.51892 1.51818
 1.51805 1.51859 1.51836 1.5176  1.51713 1.51646 1.51708 1.51727 1.51664
 1.5167  1.51744 1.51682 1.51684 1.51637 1.51618 1.51657 1.51664 1.5164
 1.51585][1.58693 1.5871  1.58762 1.58837 1.5886  1.58872 1.58883 1.58868 1.58835
 1.58851 1.5884  1.58832 1.58808 1.58775 1.58803 1.58774 1.58804 1.58799
 1.58803 1.58841 1.58907 1.58923 1.59024 1.58933 1.5893  1.58883 1.58948
 1.58924 1.58901 1.5897  1.58964 1.58901 1.58981 1.5895  1.58996 1.59028
 1.59052 1.59054 1.59053 1.5914  1.59156 1.59217 1.59237 1.59261 1.59286
 1.5926  1.59258 1.59256 1.59261 1.59255 1.59185 1.59103 1.59085 1.59051
 1.59021 1.58969 1.58925 1.58907 1.58876 1.58727 1.58705 1.5866  1.58598
 1.5846  1.58425 1.58337 1.58326 1.58352 1.58266 1.58269 1.5831  1.58316
 1.58349 1.58291 1.58141 1.57952 1.57943 1.57896 1.57826 1.57794 1.57656
 1.57545 1.57548 1.57554 1.57475 1.57353 1.57367 1.57324 1.57371 1.57324
 1.57265 1.57241 1.57214 1.57226 1.57143 1.57175 1.57175 1.57189 1.5716
 1.57172][1.3716  1.3718  1.37214 1.37194 1.37224 1.37238 1.3722  1.37241 1.37255
 1.37307 1.37358 1.37352 1.3739  1.3735  1.37374 1.37366 1.37442 1.37511
 1.375   1.37552 1.37576 1.37631 1.37633 1.37604 1.37616 1.37608 1.37707
 1.37683 1.37665 1.37665 1.37712 1.37749 1.37811 1.3788  1.37953 1.37958
 1.37978 1.38072 1.38148 1.38222 1.38286 1.38357 1.38345 1.38396 1.38482
 1.38553 1.38605 1.38558 1.38601 1.38592 1.38584 1.38588 1.38619 1.3857
 1.38637 1.38662 1.38629 1.38676 1.38677 1.38625 1.38563 1.38626 1.38623
 1.3858  1.38534 1.38468 1.38474 1.38483 1.38443 1.38398 1.38457 1.38521
 1.38533 1.38449 1.38408 1.3839  1.384   1.38447 1.38428 1.38415 1.38417
 1.38442 1.38392 1.38365 1.38391 1.38455 1.38453 1.38432 1.38403 1.38384
 1.38317 1.38344 1.38308 1.38264 1.38215 1.38113 1.3805  1.3809  1.38083
 1.38028][1.4547  1.45459 1.4539  1.45411 1.45388 1.45411 1.45375 1.45407 1.45439
 1.45507 1.45485 1.45494 1.45455 1.45455 1.45468 1.45505 1.45535 1.45583
 1.45603 1.45581 1.45615 1.45733 1.4575  1.45944 1.45939 1.4593  1.45915
 1.45939 1.46016 1.45968 1.45972 1.45985 1.46036 1.46019 1.46055 1.46065
 1.46087 1.46078 1.46096 1.4613  1.46145 1.4624  1.46291 1.46345 1.46395
 1.4643  1.46438 1.46454 1.46488 1.46522 1.46567 1.46582 1.46554 1.4653
 1.46459 1.46492 1.46519 1.46615 1.46674 1.46681 1.4671  1.46728 1.46744
 1.46734 1.46769 1.46826 1.46845 1.46877 1.4693  1.46852 1.46837 1.4673
 1.46674 1.46695 1.46686 1.4665  1.46617 1.46537 1.46588 1.46536 1.46356
 1.46374 1.46504 1.46545 1.465   1.46366 1.46331 1.46306 1.4624  1.46304
 1.46265 1.46176 1.46145 1.46067 1.46174 1.46173 1.46154 1.46161 1.46138
 1.46131][1.39645 1.39633 1.3965  1.39669 1.39669 1.3967  1.3966  1.39707 1.39728
 1.39732 1.39755 1.39764 1.39751 1.39838 1.39793 1.39856 1.39859 1.39912
 1.39893 1.39806 1.39867 1.39919 1.39958 1.39959 1.39988 1.39997 1.40015
 1.40002 1.3995  1.39924 1.39897 1.39899 1.39948 1.39984 1.40015 1.40116
 1.4008  1.40186 1.40201 1.402   1.40256 1.40312 1.40374 1.4041  1.4044
 1.40426 1.40484 1.4054  1.40606 1.40674 1.40775 1.40864 1.40908 1.40958
 1.40966 1.40971 1.40994 1.41025 1.41019 1.41077 1.41074 1.41064 1.41011
 1.41092 1.41094 1.41118 1.41239 1.41209 1.41172 1.41273 1.41276 1.4122
 1.41254 1.41323 1.4136  1.4139  1.41395 1.41496 1.41542 1.41584 1.4145
 1.41345 1.4125  1.41294 1.41336 1.4124  1.41206 1.4122  1.4121  1.41158
 1.41085 1.41011 1.4091  1.40863 1.40898 1.40829 1.40829 1.40846 1.40845
 1.40782][1.3976  1.39784 1.39808 1.39846 1.39873 1.39851 1.39849 1.39898 1.39845
 1.39872 1.39839 1.39871 1.39823 1.39818 1.39805 1.39827 1.39814 1.39776
 1.39797 1.39763 1.39791 1.3985  1.39862 1.39892 1.39788 1.39852 1.39821
 1.39848 1.39853 1.3993  1.39873 1.39926 1.39915 1.3997  1.40022 1.40053
 1.40073 1.39994 1.40058 1.40051 1.40093 1.40088 1.40031 1.40066 1.40031
 1.39974 1.39909 1.39912 1.3996  1.39979 1.40054 1.40157 1.40214 1.40283
 1.40361 1.40522 1.40626 1.40665 1.4062  1.40685 1.40678 1.40672 1.40664
 1.40735 1.40765 1.40789 1.4086  1.40931 1.4101  1.41017 1.41063 1.40999
 1.4101  1.41006 1.40974 1.4103  1.411   1.41145 1.41208 1.41305 1.41368
 1.41325 1.41428 1.41414 1.41517 1.41627 1.41556 1.41471 1.41568 1.41488
 1.41492 1.41501 1.4144  1.41344 1.41351 1.41312 1.41157 1.41066 1.41137
 1.41121][1.31779 1.31791 1.31848 1.31811 1.31843 1.3186  1.31903 1.31889 1.31857
 1.31907 1.31883 1.31847 1.31946 1.31914 1.31914 1.31888 1.31923 1.31967
 1.31964 1.31951 1.32028 1.32047 1.32064 1.32054 1.32063 1.32086 1.32043
 1.3206  1.32119 1.32105 1.32085 1.32123 1.32158 1.32111 1.3209  1.32102
 1.32187 1.32245 1.32232 1.32327 1.32363 1.32379 1.324   1.32343 1.32409
 1.32406 1.32498 1.32511 1.32512 1.32584 1.32627 1.3268  1.32714 1.32763
 1.32799 1.32766 1.32786 1.32794 1.32827 1.32837 1.32859 1.32888 1.32927
 1.32849 1.32829 1.32816 1.32876 1.32992 1.32958 1.32949 1.33007 1.33033
 1.3303  1.33076 1.3308  1.33161 1.33228 1.33252 1.33281 1.33413 1.33366
 1.33432 1.33462 1.33484 1.33513 1.3358  1.3359  1.33651 1.3376  1.33755
 1.3378  1.33758 1.33714 1.33773 1.33797 1.3381  1.3388  1.33967 1.34038
 1.34073]