[1.25037 1.2504  1.25038 1.25039 1.25035 1.25034 1.25038 1.25038 1.25038
 1.25038 1.25034 1.25035 1.25036 1.25033 1.25033 1.25032 1.25031 1.25031
 1.25027 1.25026 1.25027 1.25024 1.25021 1.25023 1.25026 1.25026 1.25026
 1.2503  1.25029 1.25028 1.25027 1.25023 1.2502  1.25019 1.25019 1.25016
 1.25019 1.2502  1.25023 1.25019 1.25017 1.25016 1.25015 1.25012 1.25013
 1.25009 1.25007 1.25007 1.25006 1.25004 1.25002 1.25002 1.25003 1.25002
 1.25004 1.25002 1.25    1.25    1.25    1.25    1.25003 1.25002 1.25004
 1.25004 1.25002 1.25003 1.25001 1.24999 1.24997 1.24996 1.2499  1.24992
 1.24992 1.24993 1.24995 1.24995 1.24991 1.24992 1.24991 1.24992 1.24994
 1.24996 1.24997 1.24995 1.24994 1.24992 1.24994 1.24996 1.24992 1.24991
 1.2499  1.2499  1.24991 1.24989 1.24991 1.24993 1.24994 1.24994 1.24992
 1.24992][1.25895 1.25899 1.25901 1.25902 1.25905 1.25906 1.25906 1.25904 1.25906
 1.25905 1.25904 1.25903 1.25899 1.25899 1.259   1.25898 1.25898 1.25899
 1.25897 1.25895 1.25896 1.25894 1.25894 1.25893 1.25893 1.25891 1.25889
 1.2589  1.25891 1.25891 1.2589  1.25895 1.25895 1.25894 1.25891 1.25895
 1.25896 1.25893 1.25892 1.25892 1.25892 1.25895 1.25893 1.25893 1.25888
 1.25886 1.25882 1.25883 1.25883 1.25883 1.25885 1.25884 1.25884 1.25879
 1.25886 1.25883 1.25881 1.25879 1.25878 1.25877 1.2587  1.25871 1.25871
 1.2587  1.25871 1.25869 1.25871 1.2587  1.25872 1.25871 1.25873 1.25872
 1.25871 1.25867 1.25865 1.25867 1.25869 1.25871 1.2587  1.25866 1.25866
 1.25864 1.25863 1.25859 1.25862 1.25862 1.25864 1.25868 1.25866 1.25863
 1.25862 1.2586  1.25858 1.25855 1.25858 1.2586  1.2586  1.2586  1.25861
 1.2586 ][1.25182 1.2518  1.25182 1.25183 1.25183 1.25184 1.25186 1.25186 1.25185
 1.25187 1.25185 1.25183 1.25184 1.25182 1.25182 1.25185 1.25186 1.25185
 1.25185 1.25184 1.25183 1.25181 1.25182 1.25179 1.25177 1.25176 1.25177
 1.25174 1.25175 1.25171 1.2517  1.2517  1.2517  1.2517  1.25171 1.25172
 1.25173 1.25173 1.25173 1.25173 1.25175 1.25174 1.25173 1.25171 1.25171
 1.2517  1.25169 1.25167 1.25168 1.2517  1.25169 1.25169 1.25169 1.25166
 1.25168 1.25166 1.25167 1.25165 1.2516  1.2516  1.2516  1.2516  1.25159
 1.25156 1.25159 1.25162 1.25162 1.25161 1.25163 1.25164 1.25167 1.25168
 1.25166 1.25166 1.25168 1.25166 1.25163 1.25166 1.25163 1.25161 1.25162
 1.2516  1.25159 1.25159 1.25156 1.25156 1.25157 1.25158 1.25159 1.25156
 1.25159 1.25159 1.25158 1.25156 1.25154 1.2515  1.25148 1.25148 1.25149
 1.25148][1.26847 1.26851 1.26851 1.26852 1.26851 1.2685  1.26852 1.26853 1.26851
 1.26855 1.26858 1.26861 1.26862 1.26865 1.26863 1.26863 1.2686  1.2686
 1.2686  1.26861 1.26862 1.26865 1.26865 1.26864 1.26864 1.26865 1.26864
 1.26866 1.26867 1.2687  1.26868 1.26867 1.26862 1.26863 1.26862 1.26862
 1.26862 1.2686  1.26855 1.26852 1.26853 1.26852 1.26855 1.26855 1.26859
 1.26861 1.2686  1.26857 1.26852 1.26852 1.26856 1.26853 1.26853 1.26851
 1.26851 1.2685  1.26849 1.26848 1.26852 1.26854 1.26852 1.2685  1.26843
 1.2684  1.26837 1.26837 1.26836 1.26837 1.26839 1.2684  1.26837 1.2684
 1.26838 1.26838 1.26837 1.26835 1.2683  1.2683  1.26834 1.26836 1.26833
 1.2683  1.26832 1.26832 1.26831 1.26832 1.26832 1.26833 1.26834 1.26831
 1.26832 1.26832 1.26831 1.2683  1.26828 1.26825 1.26826 1.26825 1.26828
 1.26829][1.25386 1.25385 1.25387 1.25391 1.25391 1.25393 1.25397 1.25399 1.25399
 1.25399 1.254   1.25399 1.25397 1.25394 1.25395 1.25396 1.25398 1.25398
 1.25398 1.25397 1.25396 1.25398 1.254   1.25398 1.25398 1.254   1.25403
 1.25403 1.25405 1.25407 1.25406 1.25409 1.25406 1.25408 1.25409 1.25406
 1.25408 1.25408 1.25408 1.25408 1.25409 1.25404 1.25403 1.25404 1.25402
 1.254   1.25403 1.254   1.25399 1.25401 1.254   1.25396 1.25396 1.25396
 1.25398 1.25398 1.25395 1.25395 1.25396 1.25396 1.25392 1.25392 1.25393
 1.25393 1.25389 1.25383 1.25383 1.25382 1.25383 1.25379 1.25379 1.25382
 1.25382 1.2538  1.2538  1.25379 1.25377 1.25375 1.25374 1.25373 1.25368
 1.25365 1.25364 1.25361 1.25356 1.25357 1.25357 1.25361 1.25363 1.25361
 1.25362 1.25363 1.25364 1.25363 1.25363 1.25362 1.25364 1.25363 1.25361
 1.25361][1.2519  1.25188 1.2519  1.25191 1.25193 1.25194 1.2519  1.25192 1.25191
 1.25192 1.25193 1.25191 1.25191 1.25191 1.25193 1.25191 1.25191 1.25191
 1.25188 1.25191 1.25193 1.25198 1.252   1.25198 1.25199 1.25199 1.25202
 1.25204 1.25205 1.25206 1.25207 1.25207 1.25208 1.25208 1.25205 1.25208
 1.25209 1.25208 1.25211 1.25208 1.25207 1.25206 1.25205 1.25206 1.25209
 1.25211 1.25212 1.25211 1.2521  1.25212 1.25211 1.25215 1.25215 1.25212
 1.25212 1.25212 1.25214 1.25213 1.25214 1.25213 1.25209 1.25205 1.25205
 1.25205 1.25204 1.25205 1.25205 1.25206 1.25208 1.25209 1.25209 1.25203
 1.25204 1.252   1.252   1.252   1.25194 1.25196 1.25193 1.25193 1.25197
 1.25199 1.25203 1.25201 1.252   1.25199 1.252   1.25201 1.252   1.252
 1.25204 1.25204 1.25202 1.25202 1.25203 1.25204 1.25202 1.25203 1.25203
 1.25204][1.24764 1.24764 1.24763 1.24761 1.24762 1.24761 1.2476  1.24756 1.24753
 1.24755 1.24753 1.24753 1.24752 1.24752 1.24752 1.24753 1.24755 1.24754
 1.24757 1.24757 1.24756 1.24757 1.24759 1.2476  1.24761 1.24762 1.2476
 1.24764 1.24765 1.24764 1.24762 1.24761 1.24763 1.24761 1.24759 1.24761
 1.2476  1.24759 1.24762 1.24764 1.24767 1.24769 1.2477  1.2477  1.24773
 1.24775 1.24777 1.24776 1.24776 1.24776 1.24778 1.24777 1.24778 1.24779
 1.24775 1.24776 1.24776 1.24777 1.24777 1.24774 1.24772 1.24772 1.2477
 1.24771 1.24767 1.24766 1.24767 1.24764 1.24761 1.24762 1.24764 1.24763
 1.24761 1.24759 1.24755 1.24751 1.24752 1.2475  1.24745 1.24742 1.24742
 1.2474  1.24743 1.24741 1.2474  1.2474  1.24741 1.24739 1.24735 1.24739
 1.2474  1.24741 1.24742 1.24742 1.24741 1.2474  1.24737 1.24738 1.24736
 1.24737][1.25768 1.25769 1.25772 1.2577  1.25768 1.25768 1.25767 1.25769 1.25768
 1.25767 1.2577  1.2577  1.2577  1.25773 1.25775 1.25775 1.25772 1.25774
 1.25774 1.25774 1.25772 1.25771 1.25772 1.25772 1.25771 1.25771 1.25773
 1.25774 1.25775 1.25779 1.25783 1.25783 1.25783 1.25784 1.25785 1.25788
 1.2579  1.25788 1.2579  1.25792 1.25789 1.25793 1.25793 1.25791 1.25792
 1.2579  1.2579  1.25793 1.25795 1.25795 1.25797 1.25794 1.25796 1.25796
 1.25796 1.25794 1.25797 1.25798 1.25798 1.25799 1.258   1.25799 1.25801
 1.25802 1.25802 1.25807 1.25804 1.25806 1.25807 1.25808 1.25805 1.25805
 1.25804 1.25801 1.25799 1.25799 1.25798 1.25799 1.25798 1.25798 1.25798
 1.25799 1.25795 1.25795 1.25796 1.25794 1.25788 1.25787 1.25787 1.25785
 1.25784 1.25784 1.25783 1.25781 1.25785 1.25786 1.25783 1.25781 1.2578
 1.25779][1.25516 1.25514 1.25514 1.25516 1.25516 1.25517 1.2552  1.25519 1.25517
 1.25516 1.25519 1.25521 1.25524 1.25525 1.25526 1.25526 1.25528 1.25529
 1.25528 1.25528 1.25527 1.25525 1.25524 1.25524 1.25524 1.25522 1.25523
 1.25525 1.25527 1.25528 1.25529 1.25532 1.25535 1.25535 1.25535 1.25537
 1.25539 1.25538 1.25539 1.2554  1.25538 1.25539 1.25534 1.25532 1.25535
 1.25536 1.25535 1.25534 1.25534 1.25533 1.25532 1.25535 1.25535 1.25538
 1.2554  1.25541 1.25539 1.25539 1.25536 1.25536 1.25537 1.25536 1.25536
 1.25534 1.25536 1.25538 1.25539 1.25535 1.25528 1.2553  1.25531 1.25532
 1.25534 1.25537 1.2554  1.2554  1.25542 1.25542 1.25545 1.25545 1.25545
 1.25548 1.25545 1.25544 1.25544 1.25537 1.25537 1.25537 1.25539 1.25539
 1.25539 1.25537 1.25536 1.25533 1.25531 1.25527 1.25528 1.25528 1.25527
 1.25526][1.25857 1.25857 1.25858 1.25859 1.25858 1.25862 1.2586  1.25859 1.25861
 1.25863 1.2586  1.2586  1.25862 1.25863 1.25865 1.25864 1.25868 1.25866
 1.25869 1.25869 1.25873 1.25867 1.25867 1.25867 1.25869 1.25867 1.2587
 1.25867 1.25867 1.25869 1.25869 1.25867 1.25864 1.25864 1.25865 1.25862
 1.25862 1.25862 1.25862 1.25862 1.25864 1.25868 1.25869 1.25872 1.25871
 1.25871 1.25873 1.25876 1.25876 1.25875 1.25875 1.25876 1.25877 1.25877
 1.25879 1.2588  1.25881 1.25882 1.2588  1.25882 1.25885 1.25887 1.25887
 1.25887 1.25887 1.25887 1.25885 1.25887 1.25889 1.2589  1.25892 1.25892
 1.25895 1.25896 1.25896 1.25894 1.25896 1.25899 1.25901 1.259   1.25901
 1.25899 1.25895 1.25895 1.25894 1.25897 1.25894 1.25894 1.25896 1.25896
 1.25898 1.25893 1.25895 1.25895 1.25895 1.25889 1.25892 1.25891 1.25892
 1.2589 ]