[3.37004 3.37017 3.36989 3.36935 3.36905 3.36915 3.36874 3.36847 3.36807
 3.36748 3.36747 3.36717 3.36704 3.36659 3.36631 3.36608 3.36591 3.36536
 3.36569 3.3652  3.36489 3.36478 3.36434 3.36416 3.36379 3.36312 3.36287
 3.36267 3.36235 3.3615  3.36091 3.36074 3.36074 3.36066 3.3607  3.36061
 3.36054 3.36045 3.3603  3.36005 3.35945 3.3591  3.35898 3.35856 3.35863
 3.35849 3.35836 3.35804 3.3577  3.35739 3.35694 3.3568  3.35664 3.35621
 3.35564 3.35561 3.35529 3.35452 3.35418 3.35377 3.35347 3.35344 3.35342
 3.3534  3.35303 3.35278 3.35246 3.35213 3.35177 3.35167 3.35162 3.35152
 3.35131 3.35144 3.35104 3.35105 3.35056 3.34999 3.34942 3.34948 3.34963
 3.34994 3.3494  3.34885 3.34851 3.34792 3.34773 3.34753 3.3471  3.3468
 3.34648 3.34675 3.34666 3.34618 3.34638 3.34611 3.34617 3.34537 3.34531
 3.34528][3.76984 3.76997 3.77022 3.77037 3.77041 3.77099 3.77122 3.77137 3.77176
 3.77239 3.77188 3.77205 3.77249 3.77269 3.77255 3.77271 3.77278 3.77264
 3.77222 3.77219 3.77184 3.77171 3.77149 3.77116 3.77087 3.77064 3.77007
 3.77027 3.77003 3.7699  3.76983 3.77005 3.7698  3.76995 3.76976 3.76932
 3.76914 3.76888 3.76904 3.76901 3.7685  3.76829 3.76801 3.76794 3.76767
 3.76733 3.76716 3.76743 3.76728 3.76671 3.76673 3.76621 3.76572 3.76514
 3.76432 3.76389 3.76434 3.76418 3.76356 3.76339 3.76319 3.76303 3.76271
 3.76248 3.76225 3.76184 3.76141 3.76106 3.76086 3.76061 3.76034 3.7601
 3.75969 3.7592  3.75866 3.75856 3.7588  3.75846 3.75841 3.75797 3.75762
 3.75722 3.75675 3.75646 3.75605 3.75531 3.75515 3.75477 3.75467 3.75414
 3.75388 3.75383 3.75353 3.75286 3.75265 3.7522  3.75178 3.75119 3.75138
 3.75173][4.03098 4.03125 4.03161 4.03187 4.03187 4.03216 4.03247 4.03227 4.03228
 4.03271 4.0336  4.03428 4.03439 4.03527 4.03659 4.03659 4.0368  4.0375
 4.03817 4.03851 4.0376  4.03727 4.03646 4.0363  4.03552 4.03466 4.03364
 4.03299 4.0323  4.03175 4.03159 4.03097 4.03036 4.02972 4.02896 4.0289
 4.02852 4.0285  4.02846 4.02823 4.02821 4.02757 4.0271  4.02697 4.02658
 4.02695 4.0266  4.0263  4.0259  4.02532 4.02491 4.02422 4.02405 4.02358
 4.02297 4.0226  4.02263 4.02196 4.02154 4.02164 4.02142 4.02102 4.02066
 4.02004 4.01978 4.0195  4.01908 4.01837 4.01829 4.01775 4.01801 4.01743
 4.01648 4.01593 4.01601 4.01561 4.01502 4.01477 4.01424 4.01419 4.01344
 4.01296 4.01213 4.01208 4.01226 4.01186 4.01161 4.01085 4.01057 4.01009
 4.00934 4.00854 4.0083  4.00772 4.00743 4.00722 4.00677 4.00614 4.00586
 4.00557][3.63855 3.6389  3.63939 3.63959 3.63985 3.6402  3.6403  3.64054 3.64059
 3.64137 3.6415  3.6421  3.64213 3.64234 3.64283 3.64294 3.64298 3.64309
 3.64353 3.6437  3.64395 3.6445  3.64453 3.64464 3.64517 3.64572 3.6458
 3.64591 3.64616 3.64665 3.64643 3.64583 3.64524 3.64502 3.64467 3.64428
 3.64383 3.64353 3.64315 3.64316 3.64259 3.6423  3.64168 3.64239 3.6416
 3.64143 3.64114 3.64067 3.64025 3.63979 3.63979 3.63978 3.6393  3.63908
 3.63914 3.63902 3.63924 3.63923 3.63902 3.63813 3.63808 3.63786 3.63775
 3.63771 3.63729 3.63713 3.63681 3.63655 3.63625 3.63624 3.63598 3.63574
 3.63551 3.6353  3.63492 3.63427 3.63392 3.63349 3.63327 3.63264 3.63224
 3.6318  3.63116 3.63091 3.63045 3.63033 3.63008 3.63034 3.62999 3.62943
 3.62885 3.62827 3.62857 3.62818 3.62764 3.62749 3.627   3.62605 3.62588
 3.62563][3.54776 3.54829 3.54887 3.54971 3.55018 3.5501  3.5501  3.55038 3.55051
 3.55101 3.55112 3.55115 3.55194 3.55264 3.55287 3.55324 3.554   3.5545
 3.55461 3.55442 3.55474 3.55499 3.55555 3.55615 3.55627 3.55626 3.55619
 3.55599 3.55599 3.55657 3.55698 3.55712 3.55732 3.55741 3.55752 3.55776
 3.55776 3.55788 3.55814 3.558   3.55828 3.55755 3.55709 3.557   3.55627
 3.55617 3.55557 3.55506 3.55521 3.55522 3.55531 3.55512 3.55493 3.55478
 3.55431 3.5539  3.55315 3.55294 3.55256 3.55228 3.5516  3.55129 3.55086
 3.55105 3.5505  3.55059 3.55011 3.54985 3.54922 3.5489  3.54858 3.54818
 3.54784 3.54798 3.54726 3.54698 3.54684 3.54634 3.54636 3.54584 3.54548
 3.54526 3.5449  3.54462 3.54449 3.5443  3.54362 3.54352 3.54343 3.54304
 3.54256 3.54188 3.54183 3.54138 3.54105 3.54071 3.5407  3.541   3.54076
 3.54042][3.22296 3.22319 3.22331 3.22296 3.22262 3.22299 3.22316 3.22363 3.22435
 3.22469 3.22507 3.22533 3.22547 3.22549 3.22598 3.22623 3.22661 3.22708
 3.2279  3.22847 3.22865 3.2286  3.22865 3.22873 3.22904 3.22941 3.22963
 3.23001 3.23003 3.23064 3.23084 3.23121 3.23131 3.23142 3.23147 3.23151
 3.23195 3.23208 3.23258 3.23228 3.23288 3.2332  3.23346 3.23383 3.23378
 3.2335  3.23423 3.23479 3.23533 3.23547 3.23514 3.23512 3.23497 3.23492
 3.23438 3.23396 3.23342 3.23317 3.23314 3.23288 3.23241 3.232   3.23174
 3.23152 3.23094 3.23037 3.22997 3.22978 3.22931 3.22901 3.22854 3.22835
 3.22827 3.22789 3.22736 3.22708 3.22673 3.22659 3.2262  3.22588 3.22565
 3.22551 3.22516 3.22508 3.22508 3.22474 3.22446 3.22396 3.22388 3.22351
 3.22312 3.22268 3.22238 3.22217 3.22206 3.22164 3.22146 3.22138 3.22065
 3.22071][3.88884 3.88899 3.88934 3.88985 3.89018 3.89056 3.89144 3.89175 3.89212
 3.89224 3.89257 3.8929  3.89309 3.89339 3.8939  3.89446 3.89473 3.89535
 3.89545 3.89629 3.89667 3.89692 3.89758 3.89822 3.89859 3.899   3.89951
 3.89974 3.89946 3.9006  3.90066 3.90121 3.90117 3.90147 3.9016  3.90192
 3.90215 3.90277 3.90301 3.90317 3.90396 3.90455 3.90522 3.90519 3.90624
 3.90662 3.90788 3.90797 3.90832 3.90896 3.90997 3.91047 3.91021 3.91052
 3.91116 3.91161 3.91201 3.91244 3.91297 3.91293 3.91255 3.91239 3.91221
 3.91162 3.9115  3.91118 3.91046 3.90999 3.90996 3.90951 3.90969 3.90992
 3.90995 3.90989 3.90923 3.90881 3.90837 3.9079  3.90764 3.9071  3.90648
 3.90584 3.90495 3.90455 3.9039  3.90371 3.90358 3.90322 3.90278 3.90257
 3.90256 3.90204 3.90166 3.90087 3.90126 3.90123 3.90125 3.90131 3.90069
 3.90058][3.92752 3.92798 3.92781 3.92791 3.92809 3.92838 3.92834 3.92848 3.92883
 3.92888 3.92883 3.92945 3.92973 3.9302  3.93024 3.93035 3.93054 3.93116
 3.93146 3.93142 3.93166 3.93203 3.93241 3.93262 3.93236 3.93258 3.93277
 3.93304 3.93323 3.93324 3.93394 3.9346  3.93483 3.93504 3.93499 3.93505
 3.93539 3.93586 3.93611 3.93636 3.93675 3.93729 3.93788 3.93831 3.93883
 3.93941 3.93904 3.93932 3.93908 3.93945 3.94028 3.9411  3.94143 3.94206
 3.94242 3.94305 3.94338 3.94368 3.94459 3.94465 3.94457 3.94438 3.94521
 3.94597 3.94642 3.94724 3.94767 3.94803 3.94848 3.9483  3.94759 3.9474
 3.94713 3.94725 3.94701 3.94702 3.94643 3.94625 3.946   3.94565 3.94601
 3.94572 3.94524 3.94518 3.9447  3.94408 3.94373 3.94359 3.94345 3.9432
 3.9428  3.94269 3.94212 3.94209 3.94139 3.94118 3.94099 3.94002 3.93931
 3.93894][3.61476 3.6146  3.61502 3.61565 3.61609 3.61644 3.61642 3.61717 3.61766
 3.61756 3.61803 3.61844 3.61924 3.61963 3.61962 3.61948 3.61973 3.62011
 3.62054 3.62058 3.62128 3.62161 3.62207 3.62247 3.62278 3.62333 3.62329
 3.62352 3.62357 3.62388 3.62391 3.6246  3.62533 3.62519 3.62574 3.6259
 3.6256  3.62563 3.62621 3.62686 3.62733 3.62759 3.62784 3.62818 3.62827
 3.62878 3.62951 3.62959 3.62965 3.62981 3.62963 3.62979 3.6298  3.63015
 3.63046 3.63106 3.63171 3.63193 3.63244 3.63319 3.63426 3.63455 3.63531
 3.63585 3.63648 3.63681 3.63698 3.63673 3.63704 3.63738 3.63781 3.63801
 3.63823 3.63865 3.63893 3.63969 3.64019 3.641   3.64178 3.64252 3.64202
 3.64163 3.64168 3.64159 3.64166 3.6412  3.64081 3.64057 3.64045 3.64037
 3.64007 3.6398  3.63957 3.63938 3.63917 3.63898 3.63881 3.63865 3.63848
 3.63835][3.57656 3.57652 3.57671 3.57676 3.57699 3.57748 3.57783 3.57834 3.57874
 3.57903 3.57877 3.57921 3.57932 3.57925 3.5797  3.58014 3.58036 3.58082
 3.58075 3.58144 3.58147 3.58185 3.58196 3.58249 3.58319 3.58365 3.58368
 3.58396 3.58408 3.58474 3.58509 3.5849  3.5847  3.58541 3.58515 3.58564
 3.58525 3.58515 3.58533 3.58579 3.58647 3.5867  3.58719 3.58711 3.58733
 3.58813 3.58856 3.58847 3.58871 3.58893 3.58998 3.59096 3.59107 3.59178
 3.59177 3.59204 3.59228 3.59314 3.59313 3.5937  3.5937  3.59416 3.59426
 3.59457 3.59444 3.59471 3.59455 3.59491 3.59516 3.59553 3.5963  3.59726
 3.59761 3.59801 3.59806 3.59869 3.59941 3.59978 3.5994  3.59958 3.60001
 3.60063 3.60099 3.60129 3.60108 3.60087 3.60173 3.60194 3.60253 3.60339
 3.6032  3.60309 3.60326 3.60276 3.60247 3.60247 3.60228 3.60185 3.60139
 3.60142]