[1.43743 1.43776 1.43769 1.43786 1.43808 1.43802 1.43834 1.43797 1.43806
 1.43808 1.43817 1.43833 1.43835 1.43821 1.43819 1.43791 1.43821 1.4383
 1.43851 1.43803 1.43806 1.43801 1.438   1.43794 1.43793 1.4377  1.43785
 1.43749 1.43792 1.43833 1.43858 1.43824 1.43774 1.43781 1.43745 1.43693
 1.43691 1.43701 1.43728 1.43744 1.43738 1.43753 1.43744 1.43746 1.43759
 1.43827 1.43809 1.43791 1.43787 1.43768 1.43766 1.43736 1.43722 1.43649
 1.43637 1.43636 1.43609 1.43616 1.43606 1.43623 1.43658 1.43604 1.43619
 1.43591 1.43598 1.43624 1.43596 1.43614 1.43581 1.43561 1.4357  1.43523
 1.43523 1.43528 1.43509 1.43579 1.43601 1.4364  1.43669 1.43667 1.4363
 1.43645 1.43633 1.43634 1.43612 1.43615 1.4362  1.43626 1.43641 1.43609
 1.43616 1.43604 1.43625 1.43605 1.43555 1.43545 1.43532 1.43535 1.43525
 1.4354 ][1.4475  1.44744 1.44743 1.44722 1.44719 1.44766 1.44772 1.4477  1.44771
 1.44752 1.44771 1.44772 1.44815 1.44831 1.44833 1.44829 1.44848 1.44866
 1.44878 1.4486  1.44857 1.44851 1.44874 1.44861 1.44863 1.4485  1.44845
 1.44852 1.44859 1.44847 1.4487  1.44902 1.44899 1.44917 1.44892 1.4489
 1.44868 1.44854 1.44863 1.4484  1.44867 1.44829 1.44845 1.44864 1.44878
 1.44858 1.44828 1.44809 1.44811 1.44849 1.44817 1.44845 1.4487  1.44891
 1.4492  1.44908 1.44876 1.44821 1.44833 1.44812 1.44809 1.448   1.4477
 1.44766 1.44769 1.44734 1.44741 1.44696 1.4472  1.44704 1.4466  1.44652
 1.44668 1.44682 1.44715 1.44681 1.44617 1.44636 1.4459  1.44595 1.44618
 1.44622 1.44587 1.44567 1.4456  1.44601 1.44602 1.44618 1.44616 1.44636
 1.4461  1.44594 1.44613 1.4456  1.44501 1.44511 1.44502 1.44518 1.44469
 1.44452][1.48939 1.48948 1.48972 1.48971 1.48995 1.49023 1.49024 1.49049 1.49052
 1.49049 1.49029 1.49027 1.49038 1.49016 1.49017 1.4901  1.49038 1.49033
 1.49041 1.49079 1.49072 1.49085 1.49062 1.4905  1.49036 1.4902  1.49041
 1.49071 1.49049 1.49022 1.48942 1.48929 1.48921 1.48895 1.4887  1.48898
 1.48861 1.48881 1.48875 1.48882 1.48853 1.4883  1.48804 1.48812 1.48794
 1.48824 1.48766 1.488   1.48792 1.4877  1.48737 1.48765 1.48753 1.4876
 1.48775 1.48764 1.48749 1.48733 1.48741 1.4871  1.4875  1.48772 1.48781
 1.48797 1.48768 1.4876  1.48791 1.48754 1.48705 1.48694 1.48688 1.48696
 1.48709 1.4868  1.48694 1.48646 1.48627 1.48531 1.48513 1.48475 1.48477
 1.48423 1.48429 1.48408 1.48383 1.4842  1.48386 1.48368 1.4831  1.48267
 1.48249 1.48277 1.48317 1.4832  1.48338 1.48311 1.48219 1.48246 1.48272
 1.48245][1.48858 1.48876 1.48869 1.4887  1.48851 1.4887  1.48871 1.48879 1.48887
 1.4889  1.4886  1.48842 1.48849 1.48868 1.48841 1.48879 1.48857 1.4883
 1.48834 1.48858 1.48851 1.48823 1.48807 1.48785 1.4879  1.48776 1.48821
 1.48853 1.48835 1.48841 1.48807 1.48868 1.48877 1.48894 1.48907 1.48937
 1.48918 1.48977 1.48983 1.49026 1.49013 1.4903  1.48983 1.48927 1.48882
 1.48868 1.48857 1.48843 1.48823 1.48775 1.48777 1.48742 1.48737 1.4872
 1.48731 1.48743 1.48732 1.48707 1.48731 1.48705 1.4868  1.48662 1.48628
 1.48638 1.48609 1.48602 1.48592 1.48596 1.48582 1.48561 1.48573 1.48594
 1.48587 1.48567 1.48575 1.48555 1.48517 1.48504 1.485   1.48483 1.48446
 1.48461 1.48457 1.48454 1.48411 1.48377 1.48359 1.48331 1.48332 1.48361
 1.48375 1.4836  1.48378 1.48367 1.48359 1.48369 1.4832  1.48285 1.48282
 1.48291][1.41543 1.41529 1.41539 1.41546 1.41547 1.41544 1.41527 1.41519 1.41529
 1.41552 1.41573 1.41588 1.41597 1.41621 1.41642 1.41605 1.41647 1.41629
 1.41617 1.41647 1.41655 1.41655 1.4165  1.41677 1.41656 1.41673 1.4169
 1.41673 1.41653 1.41665 1.41671 1.41705 1.41781 1.41778 1.41785 1.41797
 1.41788 1.41811 1.41824 1.41818 1.41788 1.41786 1.41783 1.41747 1.41751
 1.41745 1.41746 1.4168  1.41711 1.41706 1.41705 1.41666 1.41645 1.41633
 1.41616 1.41595 1.41613 1.41577 1.41581 1.41619 1.41642 1.41653 1.41681
 1.41688 1.41687 1.4166  1.41629 1.41639 1.41683 1.4164  1.41597 1.41608
 1.41617 1.41607 1.41554 1.41535 1.41545 1.41535 1.41531 1.41483 1.41459
 1.41457 1.41448 1.41485 1.41474 1.415   1.41449 1.4145  1.41458 1.41451
 1.41414 1.41405 1.41423 1.41462 1.41418 1.41423 1.41407 1.41395 1.41385
 1.4137 ][1.37659 1.37671 1.3768  1.37685 1.37717 1.3773  1.37728 1.37731 1.37717
 1.37724 1.3773  1.37746 1.37747 1.37746 1.37742 1.37727 1.37729 1.3775
 1.37753 1.37741 1.37768 1.37786 1.37781 1.37799 1.37791 1.378   1.37819
 1.37835 1.37842 1.37844 1.37847 1.37849 1.3785  1.3784  1.37877 1.3791
 1.3793  1.3797  1.37955 1.37938 1.37909 1.3791  1.3785  1.37876 1.37898
 1.37915 1.37941 1.37945 1.37981 1.37998 1.37997 1.37995 1.37944 1.37936
 1.37952 1.37962 1.37957 1.37914 1.37914 1.37882 1.379   1.37913 1.37849
 1.37846 1.3783  1.37855 1.37855 1.37851 1.37859 1.37839 1.37846 1.37817
 1.37801 1.37798 1.37784 1.37786 1.37776 1.37744 1.3774  1.3772  1.37701
 1.37718 1.37725 1.37717 1.37684 1.37688 1.37707 1.3772  1.37698 1.37715
 1.3768  1.37672 1.3768  1.37668 1.37655 1.37616 1.37583 1.376   1.37603
 1.37613][1.33909 1.33903 1.33923 1.3392  1.33936 1.3392  1.33908 1.33954 1.33979
 1.34001 1.34014 1.33969 1.33986 1.3399  1.34014 1.34035 1.34036 1.34055
 1.3409  1.34117 1.34074 1.341   1.34092 1.3411  1.34114 1.34133 1.34137
 1.34147 1.34169 1.34164 1.34159 1.34153 1.34145 1.34152 1.34156 1.34161
 1.34165 1.34173 1.34168 1.34172 1.3414  1.34122 1.3413  1.34169 1.34187
 1.34185 1.34154 1.34197 1.34205 1.34199 1.34222 1.34212 1.34218 1.34216
 1.34234 1.34221 1.34245 1.34259 1.34212 1.34234 1.3422  1.34264 1.34276
 1.34268 1.34248 1.34275 1.34253 1.3425  1.34281 1.34277 1.34238 1.34206
 1.34186 1.3416  1.34168 1.34145 1.34137 1.34188 1.34205 1.34192 1.34215
 1.34196 1.34193 1.34177 1.34146 1.34131 1.3417  1.34153 1.34132 1.34161
 1.34172 1.34169 1.34221 1.34224 1.34251 1.34293 1.34317 1.34281 1.34305
 1.34314][1.39658 1.39641 1.39639 1.39654 1.39643 1.39675 1.39693 1.3968  1.39621
 1.3961  1.39619 1.39635 1.39633 1.39627 1.39603 1.39585 1.39541 1.39552
 1.39531 1.39543 1.39543 1.39553 1.39532 1.39558 1.39585 1.39589 1.39607
 1.3961  1.39644 1.39652 1.39655 1.3965  1.39686 1.39702 1.39704 1.39695
 1.39703 1.39738 1.39776 1.39795 1.39777 1.398   1.39832 1.39849 1.39887
 1.39907 1.39925 1.3991  1.39957 1.39993 1.39983 1.4     1.39999 1.40012
 1.40028 1.40071 1.40034 1.40079 1.40065 1.40043 1.40039 1.40021 1.40008
 1.40042 1.40039 1.40061 1.40053 1.4009  1.40126 1.40129 1.40122 1.40142
 1.40115 1.4014  1.40132 1.40105 1.4009  1.40058 1.40083 1.40101 1.40101
 1.40082 1.40094 1.4011  1.40113 1.40109 1.4007  1.40066 1.40043 1.40007
 1.39999 1.39966 1.39928 1.39899 1.39895 1.3989  1.39876 1.39872 1.39881
 1.39885][1.34008 1.33998 1.34005 1.3403  1.34039 1.34044 1.34074 1.34115 1.34098
 1.34088 1.34119 1.34106 1.34085 1.34106 1.34097 1.34077 1.34081 1.34074
 1.3407  1.34083 1.34097 1.34092 1.34118 1.34146 1.34143 1.34145 1.34171
 1.3419  1.34163 1.34178 1.34163 1.34202 1.34221 1.34218 1.34227 1.342
 1.34211 1.3423  1.34212 1.34223 1.34231 1.34234 1.34232 1.34246 1.34238
 1.34209 1.34187 1.34188 1.34166 1.34187 1.34175 1.34179 1.34219 1.3425
 1.34276 1.34266 1.34262 1.34263 1.3429  1.343   1.34298 1.34296 1.34279
 1.3426  1.3429  1.34332 1.34331 1.34321 1.34332 1.34376 1.34349 1.34353
 1.34378 1.34367 1.34347 1.34343 1.34331 1.34358 1.34361 1.34343 1.3439
 1.34368 1.34408 1.34399 1.34423 1.3442  1.34433 1.34429 1.34453 1.34449
 1.34455 1.34439 1.34449 1.34461 1.34475 1.34459 1.34398 1.34401 1.34383
 1.34405][1.409   1.40901 1.40903 1.40887 1.40897 1.40884 1.4088  1.409   1.40863
 1.40895 1.40868 1.40851 1.40845 1.40873 1.40874 1.40826 1.40795 1.4078
 1.40798 1.40824 1.40793 1.40814 1.40776 1.40763 1.40765 1.40794 1.40783
 1.40798 1.40812 1.40805 1.40818 1.40867 1.40899 1.40892 1.4088  1.40858
 1.40842 1.40844 1.40799 1.40793 1.40753 1.40739 1.40744 1.4075  1.40737
 1.40771 1.40759 1.40764 1.40766 1.40758 1.40771 1.4078  1.40835 1.40787
 1.40777 1.40774 1.40782 1.40811 1.40828 1.40871 1.40856 1.40868 1.409
 1.40897 1.40911 1.40867 1.40855 1.40871 1.40869 1.40909 1.40892 1.40937
 1.40883 1.40877 1.40886 1.40918 1.40924 1.40936 1.40969 1.40996 1.41004
 1.41029 1.41041 1.41014 1.41022 1.41052 1.41012 1.41026 1.41035 1.41005
 1.4106  1.41107 1.41112 1.41147 1.41151 1.41138 1.41146 1.41192 1.41211
 1.41203]