[1.24035 1.2404  1.24048 1.24041 1.2404  1.24039 1.2403  1.24042 1.24033
 1.24072 1.24052 1.2404  1.24066 1.24068 1.24065 1.24049 1.24037 1.24062
 1.24071 1.24071 1.24084 1.241   1.24109 1.2415  1.24141 1.2417  1.24169
 1.24168 1.24138 1.24134 1.24122 1.2415  1.2415  1.24147 1.24129 1.24116
 1.24124 1.24083 1.24074 1.24062 1.24023 1.23977 1.23971 1.23961 1.23932
 1.23909 1.23902 1.23908 1.23898 1.23883 1.23904 1.23886 1.23884 1.23864
 1.23856 1.23845 1.23836 1.23866 1.23857 1.23807 1.23827 1.23836 1.23795
 1.23764 1.2376  1.23746 1.23723 1.23698 1.23677 1.23669 1.23644 1.23661
 1.23645 1.23645 1.23632 1.23627 1.23627 1.23622 1.23614 1.23629 1.23647
 1.23634 1.23655 1.23619 1.23614 1.23602 1.23579 1.23576 1.23615 1.23611
 1.23629 1.23641 1.23651 1.23663 1.23636 1.23646 1.23603 1.23652 1.23619
 1.23621][1.29925 1.29935 1.29965 1.29967 1.29972 1.29974 1.29985 1.29971 1.29986
 1.30013 1.30005 1.29992 1.29988 1.29973 1.29954 1.29973 1.30014 1.30042
 1.30023 1.3004  1.30058 1.30064 1.30094 1.30074 1.30059 1.30046 1.30037
 1.30054 1.30047 1.30058 1.30056 1.30044 1.30034 1.30006 1.30017 1.30017
 1.30001 1.29999 1.29976 1.30005 1.29976 1.29998 1.30017 1.3003  1.30039
 1.30044 1.30055 1.30058 1.30062 1.30069 1.30062 1.30083 1.30056 1.30072
 1.3008  1.30072 1.30057 1.30032 1.30048 1.30045 1.30041 1.30026 1.30025
 1.30044 1.30025 1.30004 1.30022 1.30028 1.3005  1.3008  1.30071 1.30073
 1.30082 1.30057 1.30075 1.30064 1.30097 1.30069 1.30036 1.30034 1.30033
 1.30015 1.29996 1.30007 1.30004 1.29992 1.29996 1.3003  1.29998 1.29993
 1.2999  1.29978 1.29959 1.29977 1.29991 1.30024 1.30025 1.30048 1.30027
 1.30009][1.26579 1.26585 1.26564 1.26573 1.26579 1.2655  1.26542 1.26567 1.2654
 1.26554 1.26542 1.2654  1.26552 1.26569 1.26551 1.26569 1.26571 1.26566
 1.26566 1.26555 1.26536 1.26521 1.2651  1.26515 1.26512 1.26533 1.26558
 1.26548 1.26547 1.26575 1.26573 1.26564 1.26533 1.26543 1.26575 1.26567
 1.26561 1.26561 1.26532 1.26531 1.26512 1.26528 1.26544 1.26525 1.26527
 1.26541 1.26574 1.26553 1.26544 1.26545 1.26566 1.26594 1.26604 1.26589
 1.26598 1.26618 1.26623 1.26592 1.26569 1.26582 1.26576 1.26625 1.26597
 1.26588 1.26599 1.2662  1.26635 1.26632 1.26597 1.26572 1.26563 1.26574
 1.266   1.26626 1.26668 1.26658 1.26667 1.26672 1.26653 1.26693 1.26709
 1.26684 1.26674 1.26666 1.26681 1.26647 1.26625 1.26654 1.2659  1.26581
 1.26584 1.26629 1.26592 1.26586 1.26554 1.2654  1.26536 1.26553 1.2654
 1.26525][1.27332 1.27331 1.27363 1.2736  1.27382 1.27381 1.27354 1.27368 1.27354
 1.27323 1.27335 1.27339 1.2735  1.27363 1.27367 1.27356 1.2737  1.27414
 1.27395 1.27419 1.27439 1.27429 1.27426 1.27446 1.27454 1.27468 1.27462
 1.27497 1.27539 1.27548 1.27542 1.2753  1.27537 1.2757  1.27567 1.27581
 1.27579 1.27551 1.27535 1.2758  1.27573 1.27576 1.27593 1.27611 1.27588
 1.27583 1.27577 1.27606 1.27646 1.27618 1.27631 1.27644 1.27616 1.27592
 1.27558 1.27588 1.27571 1.27543 1.27536 1.27514 1.27497 1.27512 1.27487
 1.27461 1.27458 1.27467 1.27468 1.27452 1.27473 1.27443 1.27431 1.27377
 1.27379 1.27377 1.27336 1.27319 1.27318 1.273   1.27319 1.27308 1.27281
 1.27287 1.27292 1.27289 1.27255 1.27237 1.27221 1.27189 1.27173 1.27147
 1.27135 1.27111 1.27115 1.27096 1.27065 1.27071 1.27115 1.27125 1.27103
 1.27101][1.28212 1.28211 1.28213 1.28228 1.28217 1.28229 1.28273 1.28288 1.28319
 1.28305 1.28267 1.28274 1.28292 1.28336 1.28351 1.28352 1.28339 1.28326
 1.28306 1.28313 1.28295 1.28296 1.2827  1.28295 1.28309 1.28308 1.28281
 1.28289 1.28259 1.28296 1.28304 1.28323 1.28332 1.28306 1.28328 1.28322
 1.28333 1.28385 1.28392 1.28399 1.2838  1.28382 1.28386 1.28404 1.28377
 1.28376 1.28372 1.28373 1.28385 1.28391 1.28399 1.28391 1.28392 1.28377
 1.28343 1.28333 1.28307 1.28284 1.2826  1.28223 1.28244 1.28202 1.28229
 1.28218 1.28219 1.28221 1.28206 1.28194 1.2817  1.28151 1.28134 1.28116
 1.2815  1.28136 1.28186 1.28174 1.28191 1.28192 1.28208 1.28209 1.282
 1.28192 1.28195 1.28211 1.28183 1.28171 1.2817  1.28158 1.28167 1.28157
 1.28148 1.28143 1.28119 1.2813  1.28163 1.28136 1.28122 1.28131 1.28128
 1.28116][1.27111 1.27101 1.27114 1.27118 1.27106 1.27101 1.27093 1.27099 1.27092
 1.27093 1.27076 1.27063 1.27065 1.27077 1.27089 1.27068 1.27086 1.27081
 1.2708  1.27076 1.27098 1.27096 1.27119 1.27154 1.27139 1.27099 1.27101
 1.27095 1.27133 1.27134 1.27125 1.27156 1.27145 1.27127 1.2712  1.27106
 1.27085 1.27091 1.27116 1.27147 1.27142 1.2712  1.27184 1.27186 1.27201
 1.27162 1.27211 1.27219 1.27231 1.27245 1.27243 1.27202 1.27181 1.27178
 1.27164 1.27125 1.27138 1.27174 1.2718  1.27182 1.27193 1.27173 1.27163
 1.27136 1.27127 1.27124 1.27134 1.27144 1.27142 1.27149 1.27149 1.27166
 1.27169 1.27205 1.27219 1.27211 1.27219 1.27208 1.27257 1.27251 1.27245
 1.27224 1.27227 1.27235 1.27215 1.27184 1.27217 1.27192 1.27159 1.27112
 1.27075 1.27062 1.27076 1.27052 1.27044 1.27036 1.27064 1.27031 1.27028
 1.27023][1.26458 1.26428 1.26444 1.26442 1.26455 1.26464 1.26456 1.26445 1.26455
 1.26463 1.26416 1.26442 1.26462 1.2646  1.26463 1.26479 1.26466 1.26489
 1.2649  1.26522 1.26518 1.26488 1.26502 1.26497 1.26479 1.26495 1.26477
 1.26483 1.26475 1.2647  1.26468 1.26479 1.26492 1.26517 1.26503 1.26495
 1.26505 1.26504 1.26513 1.26572 1.26568 1.26562 1.26551 1.26572 1.26556
 1.26567 1.26543 1.2656  1.26532 1.26488 1.26469 1.26483 1.26495 1.26492
 1.26479 1.26472 1.2646  1.26461 1.26443 1.26457 1.2642  1.26385 1.26395
 1.26409 1.26432 1.26415 1.26432 1.26428 1.26424 1.2644  1.26429 1.26434
 1.26434 1.26439 1.26434 1.26431 1.26446 1.26421 1.26407 1.264   1.26383
 1.26409 1.26383 1.26354 1.26326 1.26331 1.26298 1.26293 1.26288 1.26271
 1.26262 1.26261 1.26264 1.26254 1.26251 1.26247 1.26238 1.26223 1.26225
 1.26211][1.38369 1.3837  1.38393 1.38404 1.3843  1.3844  1.38423 1.38405 1.38408
 1.38437 1.38415 1.38411 1.38423 1.3843  1.38431 1.38427 1.38464 1.38491
 1.38476 1.38514 1.38512 1.38482 1.38515 1.38503 1.38532 1.38561 1.38575
 1.38563 1.38573 1.38585 1.38565 1.38596 1.38642 1.38665 1.38682 1.38736
 1.38682 1.3869  1.38731 1.38762 1.38771 1.38783 1.38811 1.3882  1.38828
 1.3885  1.38841 1.38839 1.38826 1.38838 1.38858 1.38859 1.38897 1.38925
 1.38947 1.38969 1.38933 1.38943 1.3898  1.39014 1.39038 1.38996 1.39033
 1.39012 1.38973 1.38977 1.38994 1.38999 1.39019 1.39043 1.39083 1.39122
 1.39071 1.39122 1.39136 1.39121 1.39175 1.39174 1.3918  1.39185 1.3916
 1.39171 1.39141 1.39109 1.39091 1.39113 1.39122 1.39125 1.39109 1.3912
 1.39128 1.39095 1.39101 1.3912  1.39158 1.39151 1.39181 1.39156 1.39153
 1.39148][1.3962  1.39631 1.3965  1.39663 1.39671 1.39674 1.39678 1.39692 1.39713
 1.39744 1.3971  1.39741 1.39737 1.39724 1.39782 1.3981  1.39792 1.39765
 1.39771 1.39736 1.39733 1.39689 1.39712 1.39712 1.39732 1.39751 1.39811
 1.39852 1.39871 1.39891 1.39928 1.39958 1.39946 1.39928 1.39935 1.39912
 1.39916 1.39931 1.39912 1.39969 1.39991 1.39943 1.39929 1.39939 1.39954
 1.40018 1.40028 1.40054 1.40097 1.40144 1.40142 1.40124 1.40137 1.40137
 1.40163 1.40174 1.40213 1.40211 1.40193 1.40193 1.40213 1.40245 1.40275
 1.40261 1.40317 1.40337 1.40367 1.40402 1.40425 1.40472 1.40466 1.40462
 1.40492 1.40506 1.40446 1.4047  1.40453 1.40489 1.40523 1.40527 1.40571
 1.40522 1.40493 1.40484 1.40492 1.40474 1.40464 1.4044  1.40465 1.40475
 1.40484 1.40447 1.40462 1.40439 1.40446 1.40445 1.40441 1.40417 1.40395
 1.40403][1.3709  1.37067 1.37082 1.37105 1.37111 1.37118 1.37128 1.37158 1.37142
 1.37145 1.37147 1.37138 1.37131 1.37146 1.37157 1.37174 1.37188 1.37207
 1.37228 1.3723  1.37201 1.37222 1.37248 1.37284 1.37284 1.37305 1.37304
 1.37303 1.37323 1.37332 1.37345 1.37345 1.37375 1.37355 1.37345 1.37352
 1.37359 1.3737  1.37399 1.37397 1.37376 1.37409 1.37437 1.37418 1.37436
 1.37467 1.37482 1.3751  1.37533 1.37524 1.37547 1.37536 1.37524 1.37503
 1.37476 1.37451 1.37438 1.37436 1.37418 1.37439 1.37491 1.3754  1.37581
 1.37605 1.37668 1.37658 1.37667 1.37633 1.37636 1.3764  1.37637 1.37635
 1.37629 1.37659 1.37674 1.37646 1.37665 1.37639 1.37652 1.37625 1.37671
 1.37657 1.37705 1.37709 1.3768  1.37676 1.3767  1.37692 1.37705 1.37704
 1.37736 1.37737 1.37744 1.37718 1.37711 1.37727 1.37735 1.37757 1.3774
 1.37758]