[1.27846 1.2782  1.27766 1.27762 1.27771 1.27727 1.27804 1.27856 1.27909
 1.27951 1.27964 1.27978 1.27965 1.2798  1.27963 1.27895 1.27875 1.27868
 1.27889 1.27906 1.2792  1.27935 1.27914 1.27918 1.27918 1.27918 1.27933
 1.27928 1.28005 1.28038 1.28015 1.2798  1.27996 1.27979 1.27992 1.28044
 1.28026 1.28002 1.2796  1.27966 1.27949 1.28007 1.28063 1.28013 1.28094
 1.28115 1.28091 1.28001 1.27994 1.28047 1.28052 1.27967 1.2793  1.27916
 1.27956 1.27938 1.27898 1.27856 1.27852 1.27909 1.2782  1.27873 1.27791
 1.27799 1.27727 1.27744 1.2764  1.27607 1.27574 1.27529 1.27454 1.27532
 1.27531 1.27488 1.27412 1.27418 1.27411 1.27348 1.27319 1.27331 1.27245
 1.27258 1.27234 1.27217 1.27159 1.27084 1.27047 1.26928 1.26842 1.26807
 1.26846 1.26878 1.26763 1.26779 1.26794 1.26805 1.26764 1.26763 1.2669
 1.2665 ][1.285   1.28503 1.28535 1.28524 1.28504 1.28503 1.28491 1.28516 1.28571
 1.28606 1.28562 1.28562 1.28533 1.28589 1.2861  1.28609 1.28594 1.28583
 1.2857  1.28524 1.28504 1.28594 1.28632 1.28638 1.28684 1.28706 1.28691
 1.2861  1.28572 1.28561 1.28463 1.2841  1.28341 1.28319 1.28275 1.28275
 1.28172 1.28134 1.28128 1.28133 1.28072 1.28128 1.281   1.28044 1.28025
 1.28007 1.2797  1.28005 1.27986 1.28035 1.28039 1.28018 1.28003 1.27943
 1.27946 1.27916 1.27934 1.27865 1.27856 1.27839 1.27813 1.27777 1.27668
 1.2767  1.27658 1.27719 1.27707 1.27643 1.27604 1.27666 1.27634 1.27626
 1.27633 1.27729 1.27729 1.27756 1.27709 1.2772  1.27739 1.27744 1.27652
 1.27627 1.27583 1.2761  1.27581 1.2759  1.27533 1.27466 1.27509 1.27477
 1.27474 1.27552 1.27535 1.27552 1.27525 1.2755  1.27605 1.27561 1.27613
 1.27623][1.33275 1.33303 1.33332 1.33344 1.33322 1.3332  1.33377 1.3343  1.33418
 1.33404 1.33434 1.33563 1.33553 1.33612 1.33619 1.33613 1.33558 1.3359
 1.33668 1.33693 1.33759 1.33834 1.33883 1.33891 1.33938 1.33979 1.33986
 1.34025 1.3398  1.33932 1.33847 1.33855 1.33795 1.33756 1.33739 1.33679
 1.3369  1.33691 1.33644 1.33577 1.33531 1.33489 1.33444 1.33399 1.33405
 1.33366 1.33325 1.33324 1.33331 1.33275 1.33348 1.33401 1.33372 1.33296
 1.33359 1.3335  1.33372 1.3337  1.3338  1.3333  1.33333 1.33296 1.33274
 1.33288 1.33255 1.33204 1.33098 1.33122 1.33114 1.33112 1.33132 1.33097
 1.33085 1.33054 1.32967 1.32966 1.32949 1.32934 1.32868 1.32851 1.32848
 1.32865 1.32856 1.3283  1.32826 1.32823 1.32769 1.32781 1.32703 1.32624
 1.32578 1.3255  1.3251  1.32516 1.32516 1.32515 1.32481 1.32493 1.32459
 1.32456][1.34469 1.34468 1.34481 1.3445  1.34474 1.34521 1.34581 1.34632 1.34682
 1.34662 1.34629 1.34673 1.3472  1.34855 1.34818 1.34847 1.34949 1.35044
 1.35035 1.3507  1.35102 1.34992 1.34934 1.34958 1.34924 1.34987 1.34941
 1.3492  1.34987 1.35026 1.35035 1.34977 1.3507  1.35127 1.35175 1.35183
 1.35331 1.35285 1.3524  1.35334 1.35369 1.35363 1.3539  1.3546  1.35462
 1.35453 1.35462 1.35404 1.35467 1.35478 1.35464 1.35361 1.35271 1.35224
 1.35245 1.35168 1.35095 1.35039 1.34952 1.34895 1.3483  1.34834 1.34825
 1.34848 1.34754 1.34662 1.34622 1.34611 1.34543 1.34574 1.34595 1.34514
 1.34504 1.34432 1.34413 1.34392 1.34416 1.34412 1.34355 1.34332 1.3426
 1.34239 1.3418  1.34194 1.34158 1.3415  1.34127 1.34113 1.34113 1.34126
 1.34066 1.34041 1.34001 1.3401  1.3387  1.33806 1.33732 1.33783 1.33783
 1.33756][1.43771 1.4381  1.43833 1.43865 1.43852 1.43899 1.4391  1.43928 1.4397
 1.43985 1.44015 1.44104 1.44065 1.44074 1.44107 1.44099 1.44105 1.44127
 1.44232 1.44293 1.44266 1.44375 1.44407 1.44469 1.44566 1.44609 1.44689
 1.44661 1.44757 1.44763 1.44797 1.44829 1.4492  1.4504  1.45079 1.45094
 1.451   1.45118 1.45197 1.45365 1.4543  1.455   1.45608 1.4556  1.45568
 1.4569  1.45706 1.45699 1.45807 1.45846 1.45741 1.45756 1.45697 1.45685
 1.45611 1.45584 1.45569 1.45519 1.45464 1.45542 1.45528 1.45508 1.45537
 1.45581 1.45561 1.4556  1.45581 1.45553 1.45495 1.45418 1.45378 1.45266
 1.45287 1.45265 1.45198 1.45211 1.45108 1.45057 1.45017 1.44986 1.44915
 1.44878 1.44883 1.44831 1.44758 1.44855 1.4482  1.44813 1.44784 1.44698
 1.44665 1.44679 1.44667 1.44645 1.44533 1.44442 1.44382 1.44278 1.44274
 1.44328][1.4826  1.48287 1.48329 1.48397 1.4845  1.48476 1.48494 1.48491 1.48466
 1.485   1.48593 1.48716 1.48657 1.48659 1.48738 1.48838 1.48881 1.48908
 1.48962 1.48944 1.48917 1.48986 1.49052 1.49104 1.49115 1.49258 1.49205
 1.49235 1.49191 1.49093 1.49205 1.49347 1.49323 1.49234 1.49286 1.4938
 1.49395 1.49468 1.49536 1.49543 1.49612 1.49694 1.49695 1.49687 1.49688
 1.49675 1.49748 1.4988  1.50004 1.49977 1.50102 1.50176 1.50166 1.50138
 1.50303 1.50372 1.50367 1.50357 1.50416 1.50413 1.50303 1.50261 1.50181
 1.50133 1.50159 1.50074 1.49987 1.49985 1.49861 1.4985  1.49811 1.49735
 1.49681 1.49681 1.49648 1.49703 1.49808 1.49825 1.49687 1.4973  1.49795
 1.49685 1.49658 1.49619 1.4968  1.49704 1.49591 1.49597 1.49583 1.49605
 1.49576 1.49572 1.49592 1.49649 1.49677 1.49586 1.49554 1.49525 1.49573
 1.49623][1.48404 1.48441 1.48405 1.48455 1.4844  1.48475 1.48459 1.48438 1.48483
 1.48528 1.48519 1.48462 1.48491 1.48468 1.4849  1.48531 1.48522 1.48635
 1.4867  1.48731 1.48751 1.48772 1.48773 1.48832 1.48911 1.48978 1.49078
 1.49133 1.49182 1.49209 1.49336 1.49358 1.49501 1.49582 1.49653 1.49682
 1.49699 1.49692 1.49764 1.49713 1.49758 1.4977  1.49795 1.49839 1.49886
 1.4991  1.49995 1.50067 1.50151 1.50237 1.50281 1.50355 1.50436 1.50496
 1.50546 1.50482 1.50453 1.50463 1.50563 1.5067  1.50718 1.50711 1.50794
 1.50837 1.50875 1.51011 1.50953 1.51048 1.50994 1.51053 1.51051 1.51053
 1.51065 1.51012 1.51076 1.51027 1.50941 1.50873 1.50827 1.5075  1.50678
 1.5062  1.50596 1.50612 1.50638 1.50649 1.50673 1.50534 1.50472 1.50434
 1.50372 1.50433 1.50371 1.50319 1.5025  1.50227 1.50156 1.50082 1.50007
 1.50019][1.45975 1.4597  1.45999 1.46063 1.46089 1.4618  1.46271 1.4627  1.46263
 1.4622  1.46209 1.46154 1.46123 1.46194 1.46211 1.46213 1.46167 1.46154
 1.46126 1.46138 1.46109 1.46171 1.4625  1.4625  1.4633  1.46319 1.46362
 1.464   1.46423 1.46438 1.46513 1.46466 1.46467 1.46446 1.4652  1.46525
 1.46573 1.46678 1.46707 1.46725 1.46779 1.46739 1.46769 1.46882 1.46887
 1.46995 1.47072 1.47103 1.47089 1.47055 1.4709  1.47074 1.47097 1.47166
 1.47174 1.47207 1.47224 1.47266 1.47305 1.47379 1.47457 1.47433 1.47475
 1.47518 1.47504 1.47564 1.47589 1.47586 1.47563 1.47515 1.47679 1.47763
 1.47815 1.47794 1.47883 1.47989 1.47992 1.47981 1.48065 1.48115 1.48078
 1.47978 1.47993 1.47958 1.47907 1.47873 1.47809 1.47715 1.4767  1.4758
 1.47537 1.47529 1.47496 1.47454 1.47367 1.47317 1.47307 1.47292 1.4724
 1.47196][1.48058 1.48056 1.48071 1.48109 1.4815  1.4815  1.48207 1.48252 1.48276
 1.48279 1.4828  1.48327 1.4835  1.48385 1.48407 1.48398 1.4835  1.4846
 1.48382 1.4835  1.48373 1.48434 1.48471 1.4851  1.48517 1.48475 1.48462
 1.48466 1.48499 1.48599 1.48566 1.48569 1.4866  1.48698 1.48652 1.48634
 1.48712 1.48719 1.48739 1.48797 1.48799 1.48829 1.48824 1.48794 1.4887
 1.48852 1.48866 1.48896 1.48939 1.48997 1.49032 1.49093 1.49088 1.4915
 1.4935  1.49455 1.4949  1.49444 1.49445 1.49422 1.49431 1.49342 1.49438
 1.49529 1.49601 1.49602 1.4968  1.49668 1.49666 1.49637 1.49711 1.49719
 1.49787 1.49788 1.49784 1.49928 1.5001  1.50083 1.50071 1.50029 1.49977
 1.50042 1.50069 1.50129 1.50189 1.50204 1.50176 1.50228 1.50272 1.50227
 1.50152 1.50107 1.50074 1.50024 1.50059 1.50005 1.49972 1.50065 1.50082
 1.501  ][1.51669 1.51666 1.51682 1.51614 1.51679 1.51691 1.51748 1.51742 1.51863
 1.51917 1.51929 1.51991 1.52113 1.52213 1.52162 1.52114 1.52126 1.5211
 1.52065 1.52107 1.52152 1.52303 1.52298 1.52397 1.52502 1.52513 1.52458
 1.52512 1.52539 1.52608 1.52613 1.5255  1.52451 1.52545 1.52512 1.52518
 1.52445 1.52451 1.5253  1.52623 1.52653 1.52749 1.52739 1.52707 1.52769
 1.52742 1.52658 1.52683 1.52717 1.52738 1.52673 1.52727 1.52875 1.52912
 1.53027 1.52983 1.53089 1.53131 1.53177 1.53105 1.53162 1.53173 1.53217
 1.53269 1.53324 1.53321 1.53282 1.53315 1.53227 1.53266 1.53219 1.53275
 1.53243 1.53159 1.53175 1.53224 1.53286 1.53382 1.53419 1.53515 1.53615
 1.53634 1.53734 1.53742 1.53771 1.53686 1.53728 1.53765 1.53797 1.53822
 1.53825 1.53923 1.5399  1.53975 1.54009 1.54064 1.54102 1.54112 1.54145
 1.5416 ]