[1.3984  1.39845 1.39844 1.39845 1.39841 1.39841 1.39843 1.3984  1.39836
 1.39838 1.39839 1.39839 1.39835 1.39837 1.39836 1.39833 1.39833 1.39833
 1.39834 1.3983  1.39827 1.39822 1.39824 1.39821 1.39821 1.3982  1.39823
 1.39823 1.39823 1.39826 1.39829 1.39827 1.39827 1.39826 1.39823 1.39826
 1.39828 1.39827 1.39826 1.39826 1.39824 1.39827 1.39824 1.39821 1.39824
 1.39825 1.39827 1.39822 1.39823 1.39822 1.39822 1.39823 1.39821 1.39819
 1.39819 1.39821 1.39821 1.39818 1.39812 1.39813 1.3981  1.39808 1.39807
 1.39808 1.39808 1.39809 1.39804 1.39801 1.398   1.398   1.39799 1.39799
 1.39801 1.39799 1.39799 1.39797 1.39795 1.39797 1.39799 1.39797 1.39796
 1.39793 1.39795 1.39794 1.39791 1.3979  1.39792 1.39789 1.39788 1.39789
 1.39786 1.39785 1.39785 1.39785 1.39781 1.39782 1.3978  1.3978  1.39778
 1.39778][1.40038 1.40042 1.40035 1.40034 1.4003  1.4003  1.40031 1.40035 1.40038
 1.4004  1.40045 1.40044 1.40041 1.40038 1.4004  1.40034 1.40029 1.4003
 1.40027 1.40027 1.40026 1.40026 1.40025 1.40025 1.40024 1.40025 1.40026
 1.40026 1.40025 1.40023 1.40028 1.40029 1.40028 1.40027 1.40028 1.40029
 1.40031 1.40032 1.40033 1.40035 1.40036 1.40034 1.40032 1.40033 1.40037
 1.40038 1.40038 1.40038 1.40036 1.40033 1.40031 1.4003  1.40027 1.40027
 1.40028 1.40027 1.40024 1.40023 1.40024 1.4003  1.40031 1.40033 1.40029
 1.40028 1.40028 1.40029 1.40027 1.40028 1.40024 1.40021 1.40021 1.40019
 1.40018 1.40018 1.40017 1.40017 1.40018 1.40016 1.40014 1.40012 1.4001
 1.40009 1.40005 1.40005 1.40005 1.40006 1.40007 1.40004 1.40002 1.40005
 1.40002 1.40003 1.40001 1.4     1.39997 1.39995 1.39992 1.3999  1.3999
 1.3999 ][1.406   1.40598 1.40597 1.40596 1.40605 1.40609 1.4061  1.40616 1.40615
 1.4062  1.40617 1.40619 1.40618 1.40622 1.40618 1.40616 1.40617 1.40616
 1.40614 1.40615 1.40617 1.40615 1.40614 1.40611 1.4061  1.40609 1.40613
 1.40613 1.40609 1.4061  1.4061  1.40608 1.40606 1.40603 1.40603 1.40604
 1.40603 1.40601 1.406   1.40603 1.406   1.40598 1.40597 1.40592 1.4059
 1.40594 1.40596 1.40598 1.406   1.40595 1.40594 1.40596 1.40596 1.40594
 1.40591 1.4059  1.40593 1.4059  1.4059  1.40593 1.40598 1.40594 1.40592
 1.4059  1.40588 1.40585 1.40584 1.40584 1.40586 1.40587 1.4059  1.40585
 1.40581 1.40581 1.40581 1.40582 1.40581 1.40579 1.40576 1.40578 1.40578
 1.40578 1.40575 1.40576 1.40579 1.40581 1.40575 1.40571 1.40566 1.40566
 1.40568 1.40567 1.40567 1.40566 1.4057  1.4057  1.40572 1.40575 1.40574
 1.40573][1.43519 1.43519 1.43515 1.43518 1.43516 1.43516 1.43519 1.43521 1.4352
 1.43523 1.43518 1.43514 1.43514 1.43511 1.43511 1.43513 1.43513 1.43511
 1.43508 1.4351  1.43509 1.4351  1.4351  1.43511 1.43512 1.43513 1.43513
 1.43514 1.43512 1.43514 1.43513 1.43507 1.43504 1.435   1.43501 1.435
 1.43498 1.43497 1.43497 1.43498 1.43499 1.43498 1.43496 1.43494 1.43497
 1.43494 1.43494 1.4349  1.43487 1.43486 1.43487 1.43489 1.43489 1.43487
 1.43486 1.43486 1.4349  1.4349  1.43491 1.4349  1.43489 1.43488 1.43486
 1.43487 1.43485 1.43487 1.4349  1.43486 1.43485 1.43485 1.43483 1.43487
 1.43488 1.43489 1.43491 1.43494 1.43494 1.43492 1.43495 1.43493 1.43496
 1.43495 1.43493 1.43488 1.43486 1.43485 1.43483 1.43485 1.43482 1.43483
 1.43479 1.43476 1.43476 1.43476 1.43479 1.43478 1.43473 1.43474 1.43474
 1.43476][1.39566 1.39562 1.39564 1.39568 1.39572 1.39574 1.39575 1.39572 1.39573
 1.39571 1.39575 1.39575 1.39577 1.3958  1.39582 1.39585 1.39587 1.39587
 1.39585 1.39583 1.39584 1.39577 1.39575 1.39577 1.39578 1.39578 1.39585
 1.39582 1.39583 1.39581 1.39583 1.39585 1.39584 1.39584 1.39584 1.3959
 1.39587 1.39593 1.3959  1.39589 1.39585 1.39587 1.39585 1.39583 1.3958
 1.39578 1.39573 1.3957  1.39568 1.39568 1.39563 1.39567 1.39566 1.39563
 1.39565 1.39564 1.39563 1.39562 1.39563 1.39562 1.39562 1.39557 1.39556
 1.39557 1.39554 1.39553 1.39553 1.3955  1.39552 1.3955  1.39551 1.39552
 1.39549 1.39549 1.39545 1.39547 1.39546 1.39547 1.39549 1.39547 1.39543
 1.39543 1.39539 1.39534 1.39537 1.39537 1.39538 1.39534 1.39532 1.39535
 1.39531 1.3953  1.39529 1.39527 1.39526 1.39527 1.39529 1.39526 1.39527
 1.39528][1.40374 1.40372 1.40371 1.4037  1.40372 1.40377 1.40378 1.40376 1.40376
 1.40375 1.40373 1.40377 1.40373 1.40382 1.40378 1.40375 1.40377 1.40376
 1.40377 1.40381 1.4038  1.40382 1.40387 1.40388 1.4039  1.40389 1.40388
 1.4039  1.40393 1.40392 1.40395 1.40393 1.40395 1.40394 1.40396 1.40398
 1.40402 1.404   1.404   1.40401 1.40401 1.404   1.40397 1.40401 1.40399
 1.40405 1.40406 1.40409 1.40407 1.40407 1.40409 1.40406 1.40403 1.40407
 1.40407 1.4041  1.40414 1.40418 1.40414 1.4041  1.40411 1.40411 1.4041
 1.40415 1.40417 1.40416 1.40413 1.40418 1.40414 1.40411 1.40414 1.40414
 1.40412 1.40414 1.40415 1.40415 1.40415 1.40411 1.4041  1.40409 1.4041
 1.40412 1.40411 1.40414 1.40411 1.40408 1.40411 1.40411 1.40411 1.40407
 1.40406 1.40404 1.40404 1.40408 1.40407 1.40403 1.40401 1.40401 1.40399
 1.40398][1.41819 1.41821 1.41818 1.4182  1.4182  1.41823 1.41823 1.41826 1.41827
 1.41825 1.4182  1.4182  1.41821 1.41824 1.41827 1.41827 1.41833 1.41834
 1.41832 1.41834 1.41835 1.41833 1.41838 1.41834 1.41835 1.41836 1.41834
 1.41839 1.41831 1.41838 1.41835 1.41836 1.41833 1.41827 1.41829 1.41833
 1.41834 1.41836 1.41838 1.41838 1.41838 1.41841 1.4184  1.41841 1.41846
 1.41849 1.4185  1.4185  1.41848 1.41847 1.41849 1.41846 1.41855 1.41852
 1.41852 1.41853 1.41854 1.41853 1.41858 1.41854 1.41854 1.41849 1.41844
 1.41841 1.41838 1.41837 1.41833 1.41837 1.41841 1.41838 1.41835 1.41831
 1.41829 1.41832 1.4183  1.41824 1.41824 1.41821 1.41821 1.4182  1.4182
 1.4182  1.41815 1.41814 1.41814 1.41811 1.4181  1.41811 1.41805 1.41805
 1.418   1.41801 1.41802 1.418   1.41801 1.41801 1.418   1.41801 1.41801
 1.418  ][1.41549 1.41549 1.41551 1.41553 1.4155  1.41548 1.41547 1.41551 1.4155
 1.41553 1.4155  1.41552 1.41554 1.41555 1.41553 1.41555 1.41558 1.41559
 1.41562 1.41562 1.41563 1.41563 1.41563 1.41565 1.41564 1.41564 1.41563
 1.41561 1.41558 1.41557 1.41559 1.41557 1.41558 1.41561 1.41564 1.41565
 1.41568 1.41564 1.41564 1.41563 1.41559 1.41561 1.41559 1.41562 1.41562
 1.41563 1.41565 1.41564 1.41563 1.41561 1.41559 1.41561 1.41565 1.41568
 1.41568 1.41567 1.41568 1.41568 1.41571 1.4158  1.4158  1.41582 1.41583
 1.41582 1.41584 1.41589 1.41588 1.41586 1.41586 1.41591 1.41592 1.41588
 1.41591 1.41591 1.41591 1.41587 1.41587 1.4159  1.41594 1.41593 1.41589
 1.41588 1.41586 1.41582 1.41581 1.4158  1.41582 1.41579 1.41575 1.41575
 1.41573 1.41569 1.41567 1.41567 1.41569 1.4157  1.41567 1.41569 1.41568
 1.41567][1.39653 1.39652 1.39652 1.39651 1.39652 1.39654 1.39654 1.39657 1.39656
 1.39655 1.39657 1.39657 1.39658 1.3966  1.39664 1.39661 1.39664 1.39661
 1.39662 1.39669 1.39669 1.39668 1.39668 1.3967  1.3967  1.39669 1.39667
 1.39665 1.39667 1.39668 1.39669 1.3967  1.39671 1.3967  1.39671 1.39675
 1.39675 1.39674 1.39676 1.39677 1.39678 1.39679 1.39679 1.3968  1.39682
 1.39681 1.39683 1.3968  1.39681 1.39678 1.39677 1.3968  1.39682 1.39687
 1.39689 1.3969  1.3969  1.3969  1.39693 1.39689 1.3969  1.3969  1.39685
 1.39682 1.39686 1.3969  1.3969  1.39689 1.39693 1.39693 1.39695 1.39691
 1.39695 1.39696 1.39692 1.39694 1.39692 1.39692 1.39697 1.39699 1.397
 1.397   1.39705 1.39707 1.39704 1.397   1.39696 1.39691 1.3969  1.39693
 1.39696 1.39697 1.39695 1.39694 1.39691 1.3969  1.39691 1.39689 1.39688
 1.39687][1.4338  1.43382 1.43379 1.43381 1.4338  1.43382 1.43379 1.4338  1.43381
 1.43383 1.43382 1.43385 1.43385 1.43385 1.43385 1.43388 1.43389 1.43389
 1.43393 1.43394 1.43394 1.43395 1.43393 1.43395 1.43393 1.43394 1.43394
 1.434   1.43402 1.43405 1.43409 1.43409 1.43411 1.43419 1.43418 1.43419
 1.43419 1.4342  1.43423 1.43425 1.43423 1.43421 1.43421 1.43418 1.43416
 1.43415 1.43414 1.43417 1.43415 1.43415 1.43415 1.43411 1.43413 1.43411
 1.43412 1.43415 1.43417 1.43422 1.43427 1.43426 1.43429 1.43431 1.43431
 1.43433 1.43434 1.43434 1.43436 1.43436 1.43439 1.4344  1.43442 1.43439
 1.43441 1.43441 1.43441 1.43439 1.43438 1.43439 1.43439 1.4344  1.43435
 1.43442 1.4344  1.43443 1.43451 1.43457 1.4346  1.4346  1.43458 1.43455
 1.43457 1.43456 1.43458 1.43453 1.43453 1.43453 1.43453 1.4345  1.4345
 1.43448]