[1.46011 1.46005 1.46009 1.46014 1.4601  1.4601  1.46014 1.46013 1.46016
 1.46014 1.46011 1.46007 1.46003 1.46005 1.4601  1.46011 1.45992 1.45994
 1.45993 1.45996 1.45997 1.45987 1.45989 1.45986 1.45982 1.45978 1.45987
 1.45966 1.45954 1.45943 1.45944 1.45942 1.45942 1.45933 1.45937 1.45941
 1.45939 1.4595  1.45937 1.45937 1.4593  1.45921 1.45913 1.459   1.45902
 1.45887 1.45885 1.4588  1.45875 1.45872 1.45867 1.45871 1.45865 1.45865
 1.45865 1.45862 1.45867 1.45859 1.45852 1.45847 1.45841 1.45842 1.4584
 1.45838 1.45839 1.45835 1.4582  1.45826 1.45817 1.45813 1.45806 1.45804
 1.45815 1.45811 1.45815 1.45811 1.45805 1.45804 1.45795 1.458   1.45803
 1.45797 1.45794 1.45783 1.45784 1.45778 1.45762 1.45749 1.4575  1.45744
 1.45741 1.45737 1.45736 1.45727 1.45721 1.45719 1.45721 1.45717 1.45717
 1.45712][1.43202 1.43209 1.43205 1.43215 1.43216 1.43218 1.43216 1.43225 1.43229
 1.43232 1.43219 1.43217 1.43218 1.43216 1.43216 1.43217 1.4322  1.43223
 1.43218 1.43212 1.4321  1.4321  1.43211 1.43206 1.43195 1.43192 1.43189
 1.43187 1.43176 1.43168 1.43176 1.43176 1.43171 1.43171 1.43169 1.4316
 1.43151 1.43148 1.43144 1.43144 1.43149 1.43145 1.43147 1.43141 1.43129
 1.43116 1.43118 1.43114 1.43121 1.43113 1.43111 1.43112 1.43123 1.43114
 1.43116 1.4311  1.43106 1.43104 1.43104 1.43101 1.43104 1.43098 1.43102
 1.43108 1.43109 1.43107 1.43108 1.4311  1.43102 1.43098 1.4309  1.43093
 1.43089 1.43087 1.4309  1.43084 1.43077 1.43079 1.4307  1.43066 1.43072
 1.43078 1.43078 1.43074 1.43082 1.43091 1.43079 1.43079 1.43083 1.43073
 1.43074 1.43061 1.43061 1.4307  1.43079 1.4308  1.43088 1.4309  1.43089
 1.43089][1.46834 1.46839 1.46851 1.4685  1.46847 1.46849 1.46858 1.46866 1.46863
 1.46867 1.4687  1.46879 1.46873 1.46868 1.46877 1.46871 1.46877 1.46877
 1.46878 1.46871 1.46853 1.46867 1.46867 1.46865 1.46862 1.46859 1.46849
 1.46849 1.46848 1.46834 1.46834 1.46831 1.46832 1.46843 1.4684  1.4683
 1.46818 1.46825 1.46834 1.46825 1.4682  1.46823 1.46815 1.46811 1.46808
 1.46808 1.46802 1.46805 1.46802 1.468   1.46791 1.46784 1.46781 1.46775
 1.46773 1.46776 1.46768 1.46766 1.46757 1.46751 1.46738 1.46731 1.46723
 1.46718 1.46721 1.46727 1.46728 1.46735 1.4673  1.46734 1.46733 1.46723
 1.46702 1.46708 1.46695 1.46698 1.46697 1.46692 1.4669  1.46689 1.46684
 1.46675 1.46672 1.46664 1.46672 1.46681 1.46689 1.46678 1.46684 1.4667
 1.46659 1.46645 1.46644 1.4665  1.46661 1.46649 1.4666  1.46655 1.46642
 1.46638][1.43056 1.43062 1.43061 1.43061 1.43059 1.43058 1.43061 1.43074 1.43079
 1.43079 1.43072 1.43081 1.43082 1.43091 1.43093 1.43105 1.43101 1.43112
 1.43109 1.43121 1.43122 1.43122 1.43126 1.43126 1.43122 1.4313  1.4313
 1.43135 1.43135 1.43137 1.43137 1.43123 1.43125 1.43132 1.43127 1.43133
 1.43142 1.43153 1.4315  1.43148 1.43139 1.43141 1.43149 1.43149 1.43143
 1.43138 1.43139 1.43123 1.43119 1.43115 1.43118 1.4312  1.43117 1.43122
 1.4311  1.43101 1.43079 1.43066 1.43062 1.43058 1.4306  1.43063 1.43059
 1.43062 1.43055 1.43052 1.43062 1.43071 1.43076 1.43069 1.43065 1.4307
 1.43079 1.43091 1.43087 1.4309  1.43081 1.43083 1.4308  1.43066 1.43057
 1.43057 1.43052 1.43038 1.43031 1.43036 1.43033 1.43023 1.43016 1.43003
 1.43    1.42994 1.42971 1.42972 1.42966 1.42951 1.42946 1.4294  1.42944
 1.42946][1.44217 1.44215 1.44208 1.44215 1.44219 1.44224 1.44228 1.44225 1.44225
 1.44235 1.44238 1.44251 1.44258 1.44271 1.44268 1.4427  1.44266 1.44261
 1.44272 1.44275 1.4428  1.4429  1.44296 1.44297 1.44305 1.44315 1.44318
 1.44324 1.44336 1.44335 1.44341 1.44346 1.4435  1.44341 1.44342 1.44349
 1.44356 1.44359 1.44368 1.44363 1.4435  1.44353 1.44347 1.44341 1.44339
 1.44333 1.44328 1.44328 1.44324 1.44313 1.44303 1.44294 1.44288 1.44291
 1.44286 1.44285 1.44285 1.4429  1.44278 1.4428  1.44278 1.44266 1.44261
 1.44254 1.44246 1.44233 1.4424  1.44233 1.44224 1.44225 1.44228 1.44228
 1.44218 1.44216 1.44214 1.44216 1.44207 1.44201 1.44191 1.44184 1.44191
 1.44188 1.44179 1.44165 1.44169 1.44153 1.44149 1.44139 1.44134 1.4413
 1.4413  1.44137 1.44136 1.44135 1.44126 1.4413  1.44133 1.44125 1.44125
 1.44114][1.41647 1.41648 1.41652 1.41668 1.41662 1.41673 1.41677 1.41679 1.41683
 1.41687 1.41688 1.41695 1.41696 1.41687 1.41688 1.41695 1.417   1.4171
 1.41712 1.41714 1.41715 1.4172  1.4172  1.41731 1.4173  1.41743 1.41752
 1.41758 1.41765 1.41762 1.41765 1.41772 1.41785 1.418   1.41799 1.41804
 1.41811 1.41818 1.41827 1.4182  1.41822 1.41827 1.41831 1.41839 1.41838
 1.41841 1.41839 1.41844 1.41841 1.41842 1.41836 1.4184  1.41837 1.4182
 1.41822 1.41823 1.41809 1.418   1.41801 1.41786 1.41774 1.41759 1.41754
 1.41756 1.41745 1.41739 1.41738 1.41733 1.41733 1.41732 1.41735 1.41725
 1.41723 1.41721 1.41726 1.41733 1.41738 1.41721 1.41719 1.4172  1.41712
 1.41695 1.41697 1.41692 1.41694 1.41691 1.41686 1.41689 1.41684 1.41676
 1.41664 1.41657 1.41649 1.41644 1.41645 1.41638 1.41643 1.41631 1.4162
 1.41621][1.46334 1.4633  1.46333 1.4634  1.46338 1.46344 1.46348 1.46344 1.46337
 1.46342 1.46344 1.46349 1.46353 1.46354 1.46357 1.46363 1.46365 1.4636
 1.46369 1.46383 1.46393 1.46399 1.46403 1.46403 1.46406 1.46415 1.46418
 1.46426 1.46431 1.46423 1.46432 1.46435 1.46436 1.46443 1.46436 1.46439
 1.46439 1.46435 1.46444 1.46446 1.46451 1.46455 1.46458 1.46459 1.46461
 1.4646  1.46461 1.46455 1.46463 1.46477 1.46479 1.4649  1.46495 1.46495
 1.46499 1.46497 1.46512 1.46524 1.46536 1.46542 1.46527 1.46517 1.46508
 1.46497 1.46498 1.46488 1.46485 1.46482 1.46483 1.46487 1.46478 1.46476
 1.46466 1.46463 1.46452 1.46454 1.46461 1.46462 1.46463 1.46461 1.46463
 1.46459 1.46447 1.46443 1.46433 1.46426 1.46415 1.46403 1.46378 1.46376
 1.46376 1.46379 1.46373 1.46358 1.4635  1.46352 1.46351 1.46344 1.46343
 1.46345][1.42136 1.42126 1.42123 1.42123 1.42122 1.42127 1.42133 1.4214  1.42147
 1.42157 1.42157 1.42165 1.42174 1.4217  1.42176 1.42177 1.42179 1.42179
 1.42183 1.42184 1.42191 1.42198 1.42213 1.422   1.42208 1.4221  1.42205
 1.42209 1.42212 1.42221 1.42231 1.42241 1.42249 1.42251 1.42264 1.42264
 1.4226  1.42263 1.42264 1.42273 1.42283 1.42284 1.42286 1.42291 1.42291
 1.42291 1.42292 1.4229  1.42298 1.42302 1.42304 1.42301 1.42311 1.42327
 1.42334 1.42344 1.42357 1.42362 1.42358 1.42356 1.42363 1.42368 1.42369
 1.42379 1.42382 1.42386 1.42394 1.42393 1.42411 1.42418 1.42411 1.42406
 1.42405 1.42397 1.42388 1.42387 1.42375 1.42363 1.42359 1.42354 1.42344
 1.42346 1.42344 1.42342 1.4234  1.42347 1.42334 1.42334 1.42327 1.42311
 1.42308 1.42313 1.42312 1.42304 1.42302 1.42295 1.42289 1.42285 1.42289
 1.4229 ][1.43287 1.43289 1.43301 1.43307 1.4331  1.43319 1.43315 1.43323 1.43331
 1.43343 1.4334  1.43342 1.43356 1.4336  1.43362 1.43356 1.43363 1.43368
 1.43368 1.43379 1.43386 1.43389 1.43394 1.43393 1.43387 1.43382 1.43386
 1.43397 1.43397 1.43407 1.43409 1.43405 1.43416 1.43416 1.43424 1.43431
 1.43438 1.43434 1.43436 1.43427 1.43436 1.43433 1.43442 1.43441 1.43443
 1.43441 1.43453 1.43466 1.43469 1.43473 1.43481 1.43492 1.43499 1.43506
 1.43514 1.43515 1.43525 1.4353  1.43536 1.43541 1.43545 1.4355  1.43556
 1.43563 1.43564 1.43569 1.43571 1.43571 1.43575 1.43579 1.43579 1.43565
 1.43569 1.43575 1.43588 1.43591 1.43591 1.436   1.43613 1.43615 1.43613
 1.43606 1.43603 1.43592 1.43592 1.43589 1.4358  1.43579 1.43576 1.43574
 1.43573 1.4357  1.43564 1.43559 1.43554 1.4354  1.43534 1.43541 1.43541
 1.43535][1.4482  1.44823 1.44833 1.44831 1.44841 1.44843 1.44843 1.44843 1.44837
 1.44838 1.44835 1.44834 1.44832 1.44835 1.44833 1.44837 1.44837 1.4484
 1.44841 1.44839 1.44834 1.44838 1.44842 1.44836 1.44842 1.44848 1.44852
 1.44847 1.44853 1.44847 1.44851 1.44853 1.44859 1.4487  1.4487  1.44876
 1.4487  1.44878 1.44878 1.44877 1.44884 1.44892 1.44896 1.44899 1.44895
 1.44896 1.44901 1.44902 1.44909 1.44925 1.44931 1.44939 1.44939 1.44936
 1.4495  1.44959 1.44963 1.44973 1.44982 1.44983 1.4499  1.4499  1.44977
 1.4497  1.4498  1.44982 1.44991 1.44995 1.45008 1.45009 1.45014 1.45024
 1.45021 1.45018 1.45025 1.45026 1.45017 1.45023 1.45022 1.45027 1.4504
 1.45039 1.45043 1.4504  1.45046 1.45052 1.45057 1.45059 1.45069 1.45067
 1.45049 1.45055 1.45059 1.45051 1.45034 1.4503  1.45024 1.45024 1.45012
 1.45006]