[1.3847  1.3847  1.38474 1.38473 1.38467 1.38466 1.38465 1.38459 1.38455
 1.38458 1.38459 1.38459 1.3846  1.38459 1.38458 1.3846  1.38457 1.38449
 1.38444 1.38444 1.38445 1.38447 1.3845  1.38453 1.38453 1.38452 1.38451
 1.38445 1.38444 1.38445 1.38444 1.38446 1.38448 1.38449 1.38446 1.3845
 1.38447 1.38445 1.38442 1.38442 1.38442 1.3844  1.38438 1.38438 1.38438
 1.38436 1.38434 1.38438 1.38435 1.38433 1.38432 1.38432 1.38432 1.38435
 1.38431 1.38429 1.38425 1.38427 1.38428 1.38425 1.38427 1.38424 1.38423
 1.38424 1.38424 1.38421 1.38423 1.38425 1.38425 1.38421 1.38423 1.38425
 1.3842  1.38421 1.3842  1.3842  1.38419 1.3842  1.38423 1.38424 1.38425
 1.38424 1.38423 1.38421 1.38421 1.3842  1.38425 1.38426 1.38428 1.38429
 1.38427 1.38426 1.38425 1.38427 1.38428 1.38427 1.38426 1.38422 1.38425
 1.38426][1.4114  1.41142 1.41144 1.41144 1.41147 1.41147 1.41144 1.41142 1.41143
 1.41145 1.41146 1.41148 1.41141 1.41138 1.41138 1.41138 1.41145 1.41145
 1.41153 1.41151 1.41147 1.41147 1.41143 1.41138 1.41143 1.41142 1.4114
 1.41137 1.41135 1.41136 1.41133 1.41131 1.41131 1.41132 1.41125 1.41124
 1.41124 1.41122 1.41125 1.4113  1.41132 1.4113  1.41127 1.41122 1.41119
 1.41119 1.41123 1.41124 1.41122 1.4112  1.41119 1.41119 1.41121 1.4112
 1.41121 1.41118 1.41121 1.41123 1.41124 1.41125 1.41123 1.4113  1.41131
 1.41133 1.41132 1.41138 1.41137 1.41137 1.4114  1.41138 1.41139 1.41136
 1.41139 1.41137 1.41136 1.41133 1.41132 1.41128 1.41127 1.41124 1.41122
 1.41122 1.41118 1.41117 1.4112  1.41119 1.41121 1.41119 1.41118 1.41117
 1.41116 1.41114 1.41113 1.41111 1.41111 1.4111  1.41107 1.41106 1.41108
 1.41107][1.40519 1.40518 1.40525 1.40526 1.40528 1.40532 1.40533 1.40534 1.40533
 1.40541 1.40542 1.40537 1.40537 1.40537 1.40537 1.40537 1.40537 1.40537
 1.40537 1.40533 1.40532 1.4053  1.40531 1.40531 1.4053  1.4053  1.4053
 1.40528 1.40528 1.40525 1.40525 1.40524 1.40522 1.4052  1.40519 1.40513
 1.40512 1.40517 1.40515 1.40515 1.40517 1.40516 1.40516 1.40516 1.40515
 1.40515 1.40518 1.40518 1.40516 1.40518 1.40516 1.40516 1.40515 1.40516
 1.40514 1.40515 1.40515 1.40513 1.40516 1.40516 1.40518 1.40516 1.40515
 1.40514 1.40513 1.4051  1.40511 1.4051  1.40506 1.40505 1.40505 1.40507
 1.40505 1.40505 1.40503 1.40505 1.40508 1.40506 1.405   1.40497 1.40499
 1.40496 1.40497 1.40497 1.40495 1.40497 1.40497 1.40497 1.40494 1.40492
 1.40489 1.40487 1.40488 1.40486 1.40489 1.40488 1.40487 1.40488 1.40483
 1.40482][1.43863 1.43865 1.43862 1.43862 1.43862 1.43861 1.4386  1.43861 1.43861
 1.43863 1.43867 1.43868 1.43872 1.43868 1.4387  1.43874 1.43876 1.43876
 1.4388  1.4388  1.43878 1.43879 1.43876 1.43876 1.43878 1.43879 1.43879
 1.43879 1.43879 1.43883 1.43887 1.43885 1.43883 1.43886 1.4388  1.43883
 1.43889 1.43894 1.4389  1.4389  1.43887 1.43886 1.43885 1.43883 1.43883
 1.43884 1.43882 1.43885 1.43887 1.43891 1.43888 1.43886 1.43887 1.43886
 1.43886 1.43889 1.43886 1.43887 1.43889 1.43888 1.43887 1.43888 1.43887
 1.43888 1.43886 1.43888 1.43886 1.43886 1.43888 1.43886 1.43886 1.43883
 1.43882 1.43887 1.43892 1.43888 1.43885 1.43884 1.43886 1.43886 1.43886
 1.43885 1.43884 1.4388  1.43878 1.4388  1.43876 1.43875 1.43875 1.43871
 1.43873 1.43871 1.43868 1.43866 1.43867 1.43868 1.43866 1.43862 1.4386
 1.43862][1.40445 1.40449 1.40451 1.4045  1.40446 1.40447 1.40444 1.40445 1.40449
 1.40449 1.40445 1.40448 1.40453 1.4045  1.40447 1.40445 1.40447 1.40453
 1.4045  1.40449 1.40452 1.40448 1.40446 1.40451 1.40453 1.40451 1.40452
 1.4045  1.40448 1.40449 1.40447 1.40453 1.40451 1.40451 1.40451 1.40452
 1.40454 1.40454 1.40457 1.40464 1.40462 1.40464 1.40466 1.4047  1.40467
 1.40469 1.40471 1.40475 1.40476 1.40476 1.40473 1.40473 1.40479 1.40482
 1.40485 1.40484 1.4048  1.40476 1.40474 1.40479 1.40482 1.40484 1.40481
 1.40475 1.40474 1.40476 1.40473 1.40475 1.40473 1.40471 1.40473 1.4047
 1.40467 1.40469 1.40467 1.40467 1.40468 1.4047  1.40467 1.40466 1.40464
 1.40463 1.40466 1.40467 1.40465 1.40461 1.40461 1.40463 1.40469 1.40471
 1.40468 1.40466 1.40467 1.40467 1.40466 1.40465 1.40462 1.40459 1.40457
 1.40456][1.39667 1.39673 1.39674 1.39675 1.39677 1.39676 1.39684 1.39688 1.39692
 1.39693 1.39691 1.39689 1.39691 1.39697 1.39701 1.39703 1.39705 1.3971
 1.39712 1.3971  1.39712 1.39712 1.39712 1.39709 1.39714 1.39716 1.39719
 1.39718 1.39719 1.3972  1.39719 1.39723 1.39722 1.39723 1.39722 1.39724
 1.39725 1.39727 1.39732 1.39731 1.39733 1.39733 1.39734 1.39737 1.39735
 1.39736 1.39738 1.39738 1.39738 1.3974  1.39739 1.39736 1.39736 1.39733
 1.39731 1.3973  1.3973  1.39731 1.39727 1.39727 1.39732 1.39735 1.39735
 1.39734 1.3973  1.3973  1.39728 1.39728 1.39726 1.39727 1.39728 1.39726
 1.39725 1.39724 1.39723 1.3972  1.39721 1.39719 1.39716 1.39723 1.39719
 1.39716 1.39716 1.39718 1.39718 1.39719 1.39717 1.39718 1.39715 1.39716
 1.39714 1.39714 1.39716 1.39716 1.39715 1.39719 1.39721 1.3972  1.39721
 1.39718][1.42684 1.42681 1.42683 1.42683 1.42681 1.42685 1.42682 1.42684 1.42681
 1.42677 1.42678 1.42677 1.42674 1.42677 1.4268  1.42679 1.42682 1.42678
 1.42676 1.42679 1.42676 1.42677 1.42672 1.42675 1.42673 1.42677 1.42676
 1.42678 1.42678 1.4268  1.42683 1.42682 1.42686 1.42683 1.42685 1.42691
 1.42693 1.42695 1.42695 1.42697 1.42695 1.42698 1.42701 1.42701 1.42697
 1.42695 1.42695 1.42695 1.42697 1.42695 1.42696 1.42693 1.42695 1.42693
 1.42695 1.42696 1.42697 1.42692 1.42693 1.42689 1.42687 1.42688 1.42686
 1.42686 1.42683 1.42681 1.42683 1.4268  1.42676 1.42678 1.42677 1.42673
 1.42676 1.42676 1.42676 1.42673 1.42668 1.42666 1.42658 1.42658 1.42656
 1.42654 1.42655 1.42658 1.42664 1.42661 1.42658 1.42656 1.42656 1.42661
 1.42658 1.42654 1.42654 1.42655 1.42655 1.42656 1.42655 1.42651 1.42653
 1.42653][1.40858 1.40858 1.40855 1.4085  1.40853 1.40852 1.40853 1.40848 1.40846
 1.40856 1.40856 1.4086  1.40858 1.40853 1.40856 1.40856 1.40859 1.40859
 1.40859 1.40863 1.40869 1.40868 1.40875 1.40878 1.40876 1.40872 1.40871
 1.40873 1.40873 1.40872 1.40869 1.4087  1.40873 1.40871 1.4087  1.40873
 1.40877 1.40879 1.4088  1.40883 1.40882 1.40885 1.40883 1.40879 1.4088
 1.40881 1.40883 1.40881 1.4088  1.40883 1.40886 1.40885 1.40887 1.40891
 1.40888 1.40884 1.40889 1.40893 1.40897 1.40895 1.40896 1.40898 1.40901
 1.40902 1.40905 1.40906 1.40906 1.40901 1.40898 1.40903 1.40903 1.40905
 1.40902 1.40904 1.40905 1.40904 1.40906 1.40907 1.40907 1.40905 1.40903
 1.40902 1.40904 1.40902 1.40899 1.40893 1.40893 1.4089  1.4089  1.40887
 1.40889 1.40888 1.40886 1.40883 1.40886 1.40889 1.4089  1.40892 1.40889
 1.4089 ][1.38954 1.38952 1.38952 1.38951 1.38951 1.38947 1.38949 1.38948 1.38949
 1.38951 1.38951 1.38949 1.38953 1.38953 1.38953 1.38952 1.38951 1.38953
 1.38962 1.38962 1.3896  1.38958 1.38952 1.38955 1.38957 1.3896  1.3896
 1.38962 1.38966 1.3897  1.38972 1.3897  1.38972 1.38971 1.38978 1.3898
 1.38978 1.38975 1.38979 1.38985 1.38989 1.3899  1.38988 1.38988 1.38988
 1.38983 1.3898  1.38976 1.38982 1.38984 1.38982 1.38982 1.38983 1.3899
 1.38987 1.38986 1.38983 1.38983 1.38977 1.38976 1.38975 1.38975 1.38973
 1.38976 1.38973 1.38973 1.38976 1.38981 1.38978 1.38983 1.38982 1.38982
 1.38983 1.38984 1.38986 1.38983 1.38983 1.38981 1.38978 1.38981 1.38979
 1.38984 1.38984 1.3898  1.38984 1.38986 1.38986 1.38986 1.38981 1.38982
 1.38978 1.38974 1.38973 1.38974 1.38974 1.38974 1.38973 1.38971 1.38972
 1.3897 ][1.40681 1.40686 1.40686 1.40681 1.40682 1.40684 1.40682 1.40683 1.40685
 1.40684 1.40682 1.40679 1.40678 1.40681 1.40684 1.40682 1.40688 1.40687
 1.40691 1.40692 1.40691 1.40696 1.40692 1.40694 1.40697 1.40699 1.40701
 1.407   1.40698 1.40694 1.40697 1.40695 1.40697 1.40697 1.40699 1.407
 1.40699 1.40701 1.407   1.40698 1.40697 1.40694 1.40694 1.40694 1.40689
 1.40688 1.40688 1.40691 1.40692 1.40691 1.40693 1.40697 1.40696 1.40695
 1.40695 1.40696 1.40695 1.40699 1.40701 1.40703 1.40702 1.407   1.40698
 1.40696 1.40699 1.40695 1.40698 1.40699 1.40698 1.40698 1.407   1.40702
 1.407   1.40703 1.40701 1.40701 1.40704 1.40711 1.4071  1.40707 1.40709
 1.40713 1.40715 1.40715 1.40713 1.40713 1.40714 1.40714 1.40713 1.40715
 1.40711 1.40709 1.4071  1.40708 1.40707 1.40708 1.40704 1.40706 1.40708
 1.40709]