0.8 0.8 1,1,1,1,1,1,1,1,1,1
0.8 0.9 51,26,58,54,64,69,82,47,11,37
0.8 1.0 49,50,42,50,61,54,54,50,51,50
0.8 1.1 52,53,50,51,49,49,49,50,50,50
0.8 1.2 50,51,51,49,50,50,50,50,50,50
0.8 1.3 50,50,52,49,50,50,50,52,51,50
0.8 1.4 50,50,50,50,50,50,50,50,50,50
0.8 1.5 50,50,50,50,50,50,50,51,50,50
0.8 1.6 50,50,48,50,50,50,50,50,50,50
0.8 1.7 50,50,50,50,50,50,50,50,50,50
0.8 1.8 50,50,50,50,50,50,50,50,50,50
0.8 1.9 50,50,50,50,50,50,50,50,50,50
0.8 2.0 50,50,50,50,50,50,50,50,50,50
0.9 0.8 52,33,50,87,64,2,75,61,27,37
0.9 0.9 1,1,1,1,1,1,1,1,1,1
0.9 1.0 56,46,45,24,76,48,42,100,52,43
0.9 1.1 51,51,51,50,49,62,49,54,55,49
0.9 1.2 51,45,50,52,50,51,50,50,51,51
0.9 1.3 49,50,50,52,50,49,51,50,49,50
0.9 1.4 50,50,52,50,50,48,51,50,50,51
0.9 1.5 50,50,49,50,51,50,50,50,50,50
0.9 1.6 50,50,50,50,50,50,50,50,50,50
0.9 1.7 50,50,50,50,50,50,50,50,50,50
0.9 1.8 50,50,50,50,50,50,50,50,50,50
0.9 1.9 50,50,50,50,50,50,50,50,50,50
0.9 2.0 50,50,50,50,50,50,50,50,50,50
1.0 0.8 50,50,50,48,51,50,43,54,50,50
1.0 0.9 50,52,64,45,55,36,52,64,40,27
1.0 1.0 1,1,1,1,1,1,1,1,1,1
1.0 1.1 55,66,31,82,50,51,45,83,42,59
1.0 1.2 49,51,53,57,50,50,50,49,50,47
1.0 1.3 51,50,50,50,50,50,49,50,50,50
1.0 1.4 50,50,50,51,50,50,50,50,50,50
1.0 1.5 50,50,50,50,50,50,50,50,50,50
1.0 1.6 50,50,50,50,50,50,50,50,49,50
1.0 1.7 50,50,50,50,50,50,50,50,50,50
1.0 1.8 50,50,50,50,50,50,50,50,50,50
1.0 1.9 50,50,50,50,50,50,50,50,50,50
1.0 2.0 50,50,50,50,50,50,50,50,50,50
1.1 0.8 50,54,50,50,51,51,51,50,50,49
1.1 0.9 50,51,46,55,50,52,49,50,53,50
1.1 1.0 52,55,50,44,52,49,37,51,41,50
1.1 1.1 1,1,1,1,1,1,1,1,1,1
1.1 1.2 42,53,53,50,46,54,47,68,53,51
1.1 1.3 44,49,52,52,49,46,50,48,51,50
1.1 1.4 50,50,50,50,50,51,50,50,50,50
1.1 1.5 50,50,50,50,50,50,51,50,50,49
1.1 1.6 51,49,50,50,50,50,50,50,49,50
1.1 1.7 50,50,50,50,50,50,50,50,50,50
1.1 1.8 50,50,50,50,50,50,50,50,50,50
1.1 1.9 50,50,50,50,50,50,50,50,50,50
1.1 2.0 50,50,50,50,50,50,50,50,50,50
1.2 0.8 50,50,50,50,50,50,50,50,50,50
1.2 0.9 51,51,50,50,51,50,50,47,50,50
1.2 1.0 49,50,51,48,48,50,50,50,50,50
1.2 1.1 50,47,46,50,50,53,47,50,47,50
1.2 1.2 1,1,1,1,1,1,1,1,1,1
1.2 1.3 51,50,48,49,49,50,49,45,47,52
1.2 1.4 50,50,50,51,49,50,51,50,50,50
1.2 1.5 50,50,50,50,50,50,49,50,50,50
1.2 1.6 50,50,50,50,50,50,50,50,50,50
1.2 1.7 50,50,50,50,50,50,50,50,50,50
1.2 1.8 50,50,50,50,50,50,50,50,50,50
1.2 1.9 50,50,50,50,50,50,50,50,50,50
1.2 2.0 50,50,50,50,50,50,50,50,50,50
1.3 0.8 50,50,50,50,50,50,50,50,50,50
1.3 0.9 50,50,50,50,50,50,50,50,50,50
1.3 1.0 51,50,50,50,50,50,50,50,50,50
1.3 1.1 50,50,50,50,50,50,50,50,50,50
1.3 1.2 51,49,50,56,62,51,50,50,48,50
1.3 1.3 1,1,1,1,1,1,1,1,1,1
1.3 1.4 50,50,51,51,50,50,50,58,50,51
1.3 1.5 50,50,50,51,50,50,50,50,50,50
1.3 1.6 50,50,50,50,50,50,50,50,50,50
1.3 1.7 50,50,50,50,50,50,50,50,50,50
1.3 1.8 50,50,50,50,50,50,50,50,50,50
1.3 1.9 50,50,50,50,50,50,50,50,50,50
1.3 2.0 50,50,50,50,50,50,50,50,50,50
1.4 0.8 50,50,50,50,50,50,50,50,50,50
1.4 0.9 50,50,50,50,50,50,50,50,50,50
1.4 1.0 50,50,50,50,50,50,50,50,50,50
1.4 1.1 50,50,50,50,50,50,50,50,50,50
1.4 1.2 50,50,50,50,50,50,50,49,50,50
1.4 1.3 50,44,48,50,50,47,51,48,47,50
1.4 1.4 1,1,1,1,1,1,1,1,1,1
1.4 1.5 51,46,46,50,48,45,52,47,50,49
1.4 1.6 50,50,50,50,50,50,50,50,50,51
1.4 1.7 50,50,50,50,50,50,48,50,50,50
1.4 1.8 51,50,50,50,50,50,50,50,50,50
1.4 1.9 50,50,50,50,50,50,50,50,50,50
1.4 2.0 50,50,50,50,50,50,50,50,50,50
1.5 0.8 50,50,50,50,50,50,50,50,50,50
1.5 0.9 50,50,50,50,50,50,50,50,50,50
1.5 1.0 50,50,50,50,50,50,50,50,50,50
1.5 1.1 50,50,50,50,50,50,50,50,50,50
1.5 1.2 50,50,50,50,50,51,50,50,50,50
1.5 1.3 50,50,50,50,48,49,50,50,51,50
1.5 1.4 51,50,49,50,52,49,49,52,51,54
1.5 1.5 1,1,1,1,1,1,1,1,1,1
1.5 1.6 47,54,51,49,79,50,48,51,54,52
1.5 1.7 49,50,56,50,50,50,50,49,49,49
1.5 1.8 49,51,50,50,50,50,50,50,51,48
1.5 1.9 49,51,50,50,47,50,50,50,51,50
1.5 2.0 50,49,50,50,50,50,50,50,50,51
1.6 0.8 50,50,50,50,50,50,50,50,50,50
1.6 0.9 50,50,50,50,50,50,50,50,50,50
1.6 1.0 50,50,50,50,50,50,50,50,50,50
1.6 1.1 50,50,50,50,50,50,50,50,50,50
1.6 1.2 50,50,50,50,50,50,50,50,50,50
1.6 1.3 50,50,50,50,50,50,50,50,49,50
1.6 1.4 50,52,50,50,50,50,55,47,49,52
1.6 1.5 50,52,48,48,63,52,57,49,46,57
1.6 1.6 1,1,1,1,1,1,1,1,1,1
1.6 1.7 50,48,50,65,49,96,50,60,45,53
1.6 1.8 49,46,50,51,53,51,50,45,47,67
1.6 1.9 49,51,48,53,51,47,47,49,49,50
1.6 2.0 50,49,50,50,49,49,50,52,50,50
1.7 0.8 50,50,50,50,50,50,50,50,50,50
1.7 0.9 50,50,50,50,50,50,50,50,50,50
1.7 1.0 50,50,50,50,50,50,50,50,50,50
1.7 1.1 50,50,50,50,50,50,50,50,50,50
1.7 1.2 50,50,50,50,50,50,50,50,50,50
1.7 1.3 50,50,50,50,50,50,50,49,50,50
1.7 1.4 50,50,50,50,49,50,50,50,50,54
1.7 1.5 53,50,53,50,48,52,51,50,50,50
1.7 1.6 83,49,66,56,58,41,51,39,53,81
1.7 1.7 1,1,1,1,1,1,1,1,1,1
1.7 1.8 6,61,45,45,60,53,50,58,77,40
1.7 1.9 49,50,47,55,49,41,50,35,34,59
1.7 2.0 45,50,48,50,46,46,46,40,50,48
1.8 0.8 50,50,50,50,50,50,50,50,50,50
1.8 0.9 50,50,50,50,50,50,50,50,50,50
1.8 1.0 50,50,50,50,50,50,50,50,50,50
1.8 1.1 50,50,50,50,50,50,50,50,50,50
1.8 1.2 50,50,50,50,50,50,50,50,50,50
1.8 1.3 50,50,50,50,50,50,50,50,50,50
1.8 1.4 50,50,50,50,50,51,50,51,50,50
1.8 1.5 50,50,50,48,50,50,50,50,50,50
1.8 1.6 55,51,48,50,45,49,51,59,50,51
1.8 1.7 48,52,69,32,2,58,51,61,51,67
1.8 1.8 1,1,1,1,1,1,1,1,1,1
1.8 1.9 46,48,11,46,69,42,50,48,91,58
1.8 2.0 49,42,47,39,40,50,48,46,58,51
1.9 0.8 50,50,50,50,50,50,50,50,50,50
1.9 0.9 50,50,50,50,50,50,50,50,50,50
1.9 1.0 50,50,50,50,50,50,50,50,50,50
1.9 1.1 50,50,50,50,50,50,50,50,50,50
1.9 1.2 50,50,50,50,50,50,50,50,50,50
1.9 1.3 50,51,50,50,50,50,50,50,50,50
1.9 1.4 50,51,50,50,50,50,50,50,50,50
1.9 1.5 50,50,51,53,50,50,51,55,50,50
1.9 1.6 51,54,49,51,51,50,54,50,46,55
1.9 1.7 61,50,94,41,53,45,92,40,73,59
1.9 1.8 15,72,10,57,88,43,19,55,39,27
1.9 1.9 1,1,1,1,1,1,1,1,1,1
1.9 2.0 53,45,25,42,33,51,14,94,92,49
2.0 0.8 50,50,50,50,50,50,50,50,50,50
2.0 0.9 50,50,50,50,50,50,50,50,50,50
2.0 1.0 50,50,50,50,50,50,50,50,50,50
2.0 1.1 50,50,50,50,50,50,50,50,50,50
2.0 1.2 50,50,50,50,50,50,50,50,50,50
2.0 1.3 50,50,50,50,50,50,50,50,50,51
2.0 1.4 50,49,50,51,50,50,50,50,50,50
2.0 1.5 50,50,50,54,50,50,50,50,47,50
2.0 1.6 52,47,50,51,52,50,51,50,51,50
2.0 1.7 51,51,49,51,56,36,56,58,44,55
2.0 1.8 40,67,55,22,60,53,51,56,50,58
2.0 1.9 93,56,97,50,70,7,65,15,79,19
2.0 2.0 1,1,1,1,1,1,1,1,1,1
